90, 2, 76, 2, 92
91, 2, 76, 1, 92
91, 2, 76, 1, 92
91, 2, 75, 2, 92
91, 2, 75, 2, 92
91, 2, 75, 2, 92
91, 2, 75, 2, 92
91, 2, 75, 2, 92
91, 2, 75, 1, 92
91, 2, 75, 2, 92
91, 2, 75, 2, 92
91, 2, 75, 1, 93
91, 2, 75, 2, 92
91, 2, 75, 2, 92
91, 2, 75, 2, 92
91, 2, 75, 2, 92
91, 2, 75, 2, 92
90, 2, 75, 1, 93
90, 2, 74, 2, 93
90, 2, 74, 2, 93
90, 2, 74, 2, 92
90, 2, 74, 2, 92
90, 2, 74, 2, 92
90, 2, 74, 2, 92
90, 2, 74, 2, 93
90, 2, 74, 1, 92
90, 2, 74, 2, 92
90, 2, 74, 2, 92
90, 2, 74, 2, 93
90, 2, 73, 2, 93
90, 2, 74, 2, 92
90, 2, 74, 2, 92
90, 2, 74, 2, 92
90, 2, 74, 1, 92
90, 2, 74, 1, 92
90, 2, 75, 2, 92
90, 2, 75, 1, 93
90, 2, 74, 2, 92
90, 2, 74, 2, 92
90, 2, 74, 2, 93
90, 2, 74, 2, 93
90, 2, 74, 1, 93
90, 2, 74, 2, 93
90, 2, 74, 1, 92
90, 2, 74, 1, 93
90, 2, 74, 2, 92
90, 2, 74, 2, 92
90, 2, 74, 2, 93
90, 2, 74, 2, 93
91, 2, 74, 2, 93
91, 2, 74, 2, 93
91, 2, 74, 2, 93
91, 2, 74, 2, 93
91, 2, 75, 2, 93
91, 2, 75, 2, 93
91, 2, 75, 2, 93
91, 2, 75, 2, 93
92, 2, 75, 2, 93
92, 2, 76, 2, 93
93, 2, 76, 2, 93
93, 2, 76, 2, 93
94, 2, 77, 2, 93
94, 2, 77, 2, 93
94, 2, 76, 2, 93
95, 2, 77, 2, 93
96, 2, 77, 2, 93
96, 2, 78, 2, 93
96, 2, 80, 2, 93
97, 2, 78, 2, 93
97, 2, 78, 2, 93
98, 2, 78, 2, 93
99, 2, 79, 2, 93
99, 2, 79, 2, 93
99, 2, 76, 2, 93
99, 2, 76, 2, 93
99, 2, 79, 2, 93
99, 2, 80, 2, 93
99, 2, 80, 2, 93
99, 2, 81, 2, 93
99, 2, 80, 1, 93
99, 2, 80, 1, 93
99, 2, 76, 1, 93
99, 2, 76, 1, 93
99, 2, 86, 1, 94
99, 2, 86, 1, 94
99, 2, 86, 1, 94
99, 98, 87, 1, 94
99, 98, 87, 1, 94
99, 98, 88, 1, 94
99, 99, 92, 1, 94
99, 99, 93, 1, 94
99, 99, 94, 1, 94
99, 99, 95, 1, 94
99, 99, 95, 1, 94
99, 99, 95, 1, 94
99, 99, 95, 1, 94
99, 99, 95, 1, 94
99, 99, 95, 1, 94
99, 99, 95, 1, 94
99, 99, 95, 1, 98
99, 99, 95, 1, 99
99, 99, 95, 1, 99
99, 99, 95, 1, 99
99, 99, 95, 1, 99
99, 99, 95, 1, 99
99, 99, 95, 1, 99
99, 99, 95, 1, 99
99, 99, 95, 1, 99
99, 99, 95, 1, 99
99, 99, 95, 1, 99
99, 99, 93, 1, 99
99, 99, 93, 1, 99
99, 99, 93, 1, 99
99, 99, 92, 1, 99
99, 99, 92, 1, 99
99, 99, 92, 1, 99
99, 99, 91, 1, 99
99, 99, 91, 1, 99
99, 99, 91, 1, 99
99, 99, 91, 1, 99
98, 99, 90, 1, 99
94, 99, 89, 1, 99
94, 99, 89, 1, 99
88, 99, 88, 1, 99
88, 99, 88, 1, 99
88, 99, 88, 1, 99
88, 99, 88, 1, 99
88, 99, 87, 1, 99
87, 99, 87, 1, 100
86, 99, 87, 1, 99
86, 99, 87, 1, 99
86, 99, 85, 1, 99
88, 99, 85, 1, 99
88, 99, 85, 1, 99
88, 99, 84, 1, 99
88, 99, 84, 1, 99
88, 99, 84, 1, 99
87, 99, 83, 1, 99
87, 99, 83, 1, 99
87, 99, 83, 1, 99
87, 99, 82, 1, 99
87, 99, 82, 1, 99
86, 99, 82, 0, 99
86, 99, 82, 0, 99
86, 99, 81, 0, 99
86, 99, 81, 0, 99
86, 99, 81, 0, 99
85, 99, 80, 0, 99
85, 99, 80, 0, 99
85, 99, 80, 0, 99
85, 99, 80, 0, 99
85, 99, 80, 0, 99
85, 99, 80, 0, 99
85, 99, 79, 0, 99
85, 99, 79, 0, 100
84, 99, 79, 0, 99
84, 99, 78, 0, 99
84, 99, 78, 0, 99
83, 99, 78, 0, 99
83, 99, 78, 0, 99
83, 99, 78, 0, 99
83, 99, 78, 0, 100
79, 99, 77, 0, 100
77, 99, 77, 0, 100
77, 99, 77, 0, 100
77, 99, 76, 0, 99
76, 99, 76, 0, 100
76, 99, 76, 0, 99
76, 99, 76, 0, 99
75, 99, 75, 0, 99
75, 99, 75, 0, 99
75, 99, 75, 0, 99
81, 99, 75, 0, 100
82, 99, 75, 0, 100
82, 99, 76, 0, 99
82, 99, 76, 0, 99
82, 99, 76, 0, 99
83, 99, 77, 0, 100
84, 99, 77, 0, 99
85, 99, 77, 0, 100
85, 99, 77, 0, 99
85, 99, 77, 0, 99
85, 99, 77, 0, 99
85, 99, 77, 0, 100
85, 99, 77, 0, 99
85, 99, 77, 0, 99
85, 99, 76, 0, 100
85, 99, 76, 0, 99
85, 99, 76, 0, 99
85, 99, 76, 0, 99
85, 99, 76, 0, 99
85, 99, 76, 0, 99
85, 99, 76, 0, 99
84, 99, 74, 0, 99
84, 99, 74, 0, 99
7, 99, 72, 0, 99
7, 99, 70, 0, 99
7, 99, 68, 0, 99
7, 99, 57, 1, 99
7, 99, 57, 1, 99
7, 99, 53, 2, 99
7, 98, 50, 3, 99
7, 95, 50, 4, 100
7, 92, 0, 11, 99
7, 91, 0, 42, 99
7, 91, 0, 45, 99
7, 93, 0, 1, 99
7, 94, 0, 1, 99
7, 98, 0, 1, 99
6, 98, 0, 1, 0
6, 98, 0, 1, 0
6, 98, 0, 1, 0
6, 98, 0, 1, 0
6, 98, 0, 1, 0
6, 98, 0, 1, 0
6, 98, 0, 1, 0
6, 98, 0, 1, 0
6, 98, 0, 1, 0
6, 98, 0, 1, 0
6, 98, 0, 1, 0
6, 98, 0, 1, 0
6, 98, 0, 1, 0
6, 98, 0, 1, 0
6, 98, 0, 1, 0
6, 98, 0, 1, 0
6, 98, 0, 1, 0
6, 98, 0, 1, 0
6, 98, 0, 1, 0
6, 98, 0, 1, 0
6, 98, 0, 1, 0
6, 98, 0, 1, 0
6, 98, 0, 1, 0
6, 98, 0, 1, 0
6, 98, 0, 1, 0
6, 98, 0, 1, 0
6, 98, 0, 1, 0
6, 98, 0, 1, 0
6, 98, 0, 1, 0
6, 98, 0, 1, 0
6, 98, 0, 1, 0
6, 98, 0, 1, 0
6, 98, 0, 1, 0
6, 98, 0, 1, 0
6, 98, 0, 1, 0
6, 98, 0, 1, 0
6, 98, 0, 1, 0
6, 98, 0, 1, 0
6, 98, 0, 1, 0
6, 98, 0, 1, 0
6, 98, 0, 1, 0
6, 98, 0, 1, 0
6, 98, 0, 1, 0
6, 98, 0, 1, 0
6, 98, 0, 1, 0
6, 98, 0, 1, 0
6, 98, 0, 1, 0
6, 98, 0, 1, 0
6, 97, 0, 1, 0
6, 97, 0, 1, 0
6, 0, 0, 1, 0
6, 0, 0, 1, 0
6, 0, 0, 1, 0
6, 0, 0, 1, 0
6, 0, 0, 1, 0
6, 0, 0, 1, 0
6, 0, 0, 1, 0
6, 0, 0, 1, 0
6, 0, 0, 1, 0
6, 0, 0, 1, 0
6, 0, 0, 1, 0
6, 0, 0, 1, 0
6, 0, 0, 1, 0
6, 0, 0, 1, 0
6, 0, 0, 1, 0
6, 0, 0, 1, 0
6, 0, 0, 1, 0
6, 0, 0, 1, 0
6, 0, 0, 1, 0
6, 0, 0, 1, 0
6, 0, 0, 1, 0
6, 0, 0, 1, 0
6, 0, 0, 1, 0
6, 0, 0, 1, 0
6, 0, 0, 1, 0
6, 0, 0, 1, 0
6, 0, 0, 1, 0
6, 0, 0, 1, 0
6, 0, 0, 1, 0
6, 0, 0, 1, 0
6, 0, 0, 1, 0
6, 0, 0, 1, 0
6, 0, 0, 1, 0
6, 0, 0, 1, 0
6, 0, 0, 1, 0
6, 0, 0, 1, 0
6, 0, 0, 1, 0
6, 0, 0, 1, 0
6, 0, 77, 1, 0
89, 2, 77, 1, 93
89, 2, 77, 1, 93
91, 2, 75, 1, 93
92, 2, 75, 1, 93
94, 2, 76, 1, 93
95, 2, 75, 1, 93
98, 2, 81, 1, 93
98, 2, 81, 1, 93
99, 2, 87, 1, 93
99, 2, 87, 1, 93
99, 2, 87, 1, 93
99, 2, 88, 1, 93
99, 2, 88, 1, 93
99, 2, 90, 1, 93
99, 2, 91, 1, 93
99, 98, 93, 1, 93
99, 98, 95, 1, 94
99, 98, 95, 1, 94
99, 98, 92, 1, 94
99, 98, 92, 1, 94
99, 98, 92, 1, 94
99, 98, 92, 1, 94
99, 98, 93, 1, 94
99, 98, 95, 1, 94
99, 98, 95, 1, 94
99, 99, 96, 1, 94
99, 99, 96, 1, 94
99, 99, 96, 1, 94
99, 99, 96, 1, 94
99, 99, 96, 1, 94
99, 99, 96, 1, 94
99, 99, 96, 1, 94
99, 99, 96, 0, 94
99, 99, 96, 0, 94
99, 99, 96, 0, 94
99, 99, 96, 0, 94
99, 99, 96, 0, 94
99, 99, 96, 0, 94
99, 99, 96, 0, 94
99, 99, 96, 0, 94
99, 99, 96, 0, 94
99, 99, 96, 0, 94
99, 99, 96, 0, 94
99, 99, 96, 0, 94
99, 99, 96, 0, 94
99, 99, 96, 0, 94
99, 99, 96, 0, 94
99, 99, 96, 0, 94
99, 99, 96, 0, 94
99, 99, 96, 0, 94
99, 99, 96, 1, 94
99, 99, 96, 1, 94
99, 99, 95, 1, 98
99, 99, 95, 1, 98
99, 99, 95, 1, 98
99, 99, 91, 1, 99
99, 99, 91, 1, 99
99, 99, 91, 1, 99
99, 99, 91, 1, 99
99, 99, 91, 1, 99
99, 99, 91, 1, 99
99, 99, 90, 1, 99
99, 99, 90, 0, 99
99, 99, 90, 0, 99
99, 99, 90, 0, 99
95, 99, 89, 0, 99
94, 99, 89, 0, 99
94, 99, 89, 0, 99
93, 99, 88, 0, 99
92, 99, 88, 0, 99
92, 99, 88, 0, 99
92, 99, 88, 0, 99
91, 99, 89, 0, 99
90, 99, 87, 0, 99
90, 99, 87, 0, 99
90, 99, 87, 0, 99
90, 99, 87, 0, 99
89, 99, 87, 0, 99
89, 99, 87, 0, 99
89, 99, 86, 0, 99
87, 99, 84, 0, 99
87, 99, 84, 0, 99
87, 99, 84, 0, 99
87, 99, 84, 0, 99
86, 99, 83, 0, 99
86, 99, 83, 0, 99
86, 99, 83, 0, 99
88, 99, 82, 0, 99
87, 99, 82, 0, 99
87, 99, 81, 0, 99
87, 99, 81, 0, 99
87, 99, 81, 0, 99
86, 99, 80, 0, 99
86, 99, 80, 0, 99
85, 99, 79, 0, 99
85, 99, 79, 0, 99
84, 99, 78, 0, 99
84, 99, 78, 0, 99
84, 99, 78, 0, 100
84, 99, 77, 0, 99
83, 99, 75, 0, 99
83, 99, 74, 0, 100
83, 99, 73, 0, 100
83, 99, 71, 0, 99
81, 99, 67, 1, 99
72, 99, 67, 1, 99
71, 99, 67, 1, 99
71, 99, 67, 2, 100
76, 99, 66, 3, 100
76, 99, 66, 3, 100
7, 99, 66, 3, 100
7, 99, 65, 4, 99
7, 99, 65, 4, 100
7, 99, 64, 5, 100
7, 99, 64, 5, 99
7, 99, 64, 5, 99
7, 99, 62, 6, 100
7, 99, 62, 6, 99
7, 99, 61, 7, 99
7, 97, 62, 15, 99
7, 96, 59, 18, 100
7, 95, 58, 23, 100
7, 92, 55, 60, 100
7, 86, 54, 61, 100
7, 86, 54, 61, 100
7, 78, 53, 64, 100
7, 76, 53, 65, 100
7, 15, 49, 68, 100
7, 12, 49, 68, 100
7, 11, 49, 69, 100
7, 8, 52, 72, 100
7, 6, 0, 75, 100
7, 6, 0, 76, 100
7, 5, 0, 79, 100
7, 5, 0, 79, 100
7, 4, 0, 81, 100
7, 4, 0, 81, 100
7, 4, 0, 81, 100
7, 4, 0, 82, 100
7, 5, 0, 82, 100
7, 5, 0, 82, 100
7, 10, 0, 79, 100
7, 10, 0, 79, 100
7, 16, 0, 77, 100
7, 15, 0, 76, 99
7, 0, 0, 0, 99
7, 0, 0, 0, 99
7, 0, 0, 0, 0
7, 0, 0, 0, 0
6, 0, 0, 0, 0
6, 0, 0, 0, 0
6, 0, 0, 0, 0
6, 0, 0, 0, 0
6, 0, 0, 1, 0
6, 0, 0, 1, 0
6, 0, 0, 1, 0
6, 0, 0, 1, 0
6, 0, 0, 1, 0
6, 0, 0, 1, 0
6, 0, 0, 1, 0
6, 0, 0, 1, 0
6, 0, 0, 1, 0
6, 0, 0, 1, 0
6, 0, 0, 1, 0
6, 0, 0, 1, 0
6, 0, 0, 1, 0
6, 0, 0, 1, 0
6, 0, 0, 1, 0
6, 0, 0, 1, 0
6, 0, 0, 1, 0
6, 0, 0, 1, 0
6, 0, 0, 1, 0
6, 0, 0, 1, 0
6, 0, 0, 1, 0
6, 0, 0, 1, 0
6, 0, 0, 1, 0
6, 0, 0, 1, 0
6, 0, 0, 1, 0
6, 93, 0, 1, 0
6, 97, 0, 1, 0
6, 97, 0, 1, 0
6, 97, 0, 1, 0
6, 97, 0, 1, 0
6, 97, 0, 1, 0
6, 97, 0, 1, 0
6, 97, 0, 1, 0
6, 97, 0, 1, 0
6, 97, 0, 1, 0
6, 97, 0, 1, 0
6, 96, 0, 1, 0
6, 95, 0, 1, 0
6, 95, 0, 1, 0
6, 96, 0, 1, 0
6, 96, 0, 1, 0
6, 96, 0, 1, 0
6, 97, 0, 1, 0
6, 97, 0, 1, 0
6, 97, 0, 1, 0
6, 97, 0, 1, 0
6, 97, 0, 1, 0
6, 97, 0, 1, 0
6, 97, 0, 1, 0
6, 97, 0, 1, 0
6, 97, 0, 1, 0
6, 98, 0, 1, 0
6, 98, 0, 1, 0
6, 98, 0, 1, 0
6, 98, 0, 1, 0
6, 98, 0, 1, 0
6, 98, 0, 1, 0
6, 98, 0, 1, 0
6, 98, 0, 1, 0
6, 98, 0, 1, 0
6, 97, 0, 1, 0
6, 97, 0, 1, 0
6, 97, 0, 1, 0
6, 97, 0, 1, 0
6, 48, 0, 1, 0
6, 92, 0, 1, 0
6, 0, 0, 1, 0
6, 0, 0, 1, 0
6, 0, 0, 1, 0
6, 0, 0, 1, 0
6, 0, 0, 1, 0
6, 0, 0, 1, 0
6, 0, 0, 1, 0
6, 0, 0, 1, 0
6, 0, 0, 1, 0
6, 0, 0, 1, 0
6, 0, 0, 1, 0
6, 0, 0, 1, 0
6, 0, 0, 1, 0
6, 0, 0, 1, 0
6, 0, 0, 1, 0
6, 0, 0, 0, 0
6, 0, 0, 0, 0
6, 0, 0, 1, 0
6, 0, 77, 1, 0
89, 2, 77, 1, 2
89, 2, 77, 1, 2
90, 2, 76, 1, 92
93, 2, 77, 1, 93
93, 2, 79, 1, 93
95, 2, 79, 1, 93
95, 2, 79, 1, 93
99, 2, 85, 1, 93
99, 2, 85, 1, 93
99, 2, 88, 1, 93
99, 2, 90, 1, 93
99, 2, 91, 1, 93
99, 98, 92, 1, 93
99, 98, 92, 1, 93
99, 98, 95, 1, 93
99, 98, 95, 1, 93
99, 98, 96, 1, 93
99, 98, 96, 1, 93
99, 98, 96, 1, 94
99, 98, 96, 1, 94
99, 98, 96, 1, 94
99, 98, 96, 1, 94
99, 98, 96, 1, 94
99, 99, 96, 1, 94
99, 99, 96, 1, 94
99, 99, 96, 1, 94
99, 99, 96, 1, 94
99, 99, 96, 1, 94
99, 99, 96, 1, 94
99, 99, 96, 0, 94
99, 99, 95, 0, 94
99, 99, 95, 0, 94
99, 99, 95, 0, 94
99, 99, 95, 0, 94
99, 100, 95, 0, 94
99, 99, 95, 0, 94
99, 99, 95, 0, 94
99, 99, 94, 0, 94
99, 100, 94, 0, 94
99, 99, 93, 0, 94
99, 99, 93, 0, 94
99, 99, 93, 0, 94
99, 99, 93, 0, 94
99, 99, 93, 0, 94
99, 99, 93, 0, 94
99, 99, 95, 0, 94
99, 99, 95, 0, 94
99, 99, 95, 0, 94
99, 99, 95, 0, 94
99, 99, 94, 0, 94
99, 99, 94, 0, 94
99, 100, 93, 0, 94
99, 99, 93, 0, 94
99, 99, 93, 0, 94
99, 99, 93, 0, 94
99, 99, 93, 0, 94
99, 99, 94, 0, 94
99, 99, 94, 0, 94
98, 99, 94, 0, 98
98, 99, 94, 0, 98
98, 99, 94, 0, 98
97, 99, 94, 0, 98
97, 99, 94, 0, 98
96, 99, 94, 0, 99
96, 99, 94, 0, 99
96, 99, 94, 0, 99
95, 99, 94, 0, 99
95, 99, 94, 0, 99
95, 99, 95, 0, 99
95, 99, 95, 0, 99
95, 99, 95, 0, 99
94, 99, 95, 0, 99
94, 99, 95, 0, 99
94, 99, 95, 0, 99
93, 99, 93, 0, 99
93, 99, 93, 0, 99
93, 99, 92, 0, 99
93, 99, 92, 0, 99
93, 99, 92, 0, 99
92, 99, 91, 0, 99
92, 99, 91, 0, 99
92, 99, 91, 0, 99
92, 99, 91, 0, 99
92, 99, 91, 0, 99
92, 99, 91, 0, 99
91, 99, 91, 0, 99
91, 99, 91, 0, 99
91, 99, 90, 0, 99
91, 99, 90, 0, 99
91, 99, 90, 0, 99
92, 100, 90, 0, 99
92, 99, 90, 0, 99
91, 99, 90, 0, 99
91, 99, 90, 0, 99
92, 99, 90, 0, 99
92, 99, 89, 0, 99
92, 99, 89, 0, 99
92, 99, 89, 0, 99
90, 99, 88, 0, 99
90, 99, 88, 0, 99
90, 99, 88, 0, 99
90, 99, 88, 0, 99
89, 99, 87, 0, 99
89, 99, 87, 0, 99
89, 99, 87, 0, 99
88, 99, 87, 0, 99
86, 99, 86, 0, 99
85, 99, 86, 0, 99
85, 99, 86, 0, 99
85, 99, 86, 0, 99
84, 99, 86, 0, 99
84, 99, 85, 0, 99
84, 100, 85, 0, 99
84, 99, 85, 0, 99
84, 99, 85, 0, 99
83, 99, 85, 0, 99
83, 99, 85, 0, 99
83, 99, 84, 0, 99
83, 99, 84, 0, 99
83, 100, 84, 0, 99
83, 100, 84, 0, 99
82, 99, 83, 0, 99
82, 99, 83, 0, 99
82, 99, 83, 0, 99
82, 99, 83, 0, 99
82, 99, 82, 0, 99
82, 99, 82, 0, 99
81, 99, 81, 0, 99
81, 99, 81, 0, 99
81, 99, 81, 0, 99
81, 99, 80, 0, 99
81, 99, 80, 0, 99
81, 100, 80, 0, 100
80, 99, 79, 0, 99
80, 99, 79, 0, 99
80, 99, 78, 0, 99
80, 99, 78, 0, 99
80, 99, 78, 0, 99
79, 99, 78, 0, 99
79, 99, 78, 0, 99
79, 99, 77, 0, 99
79, 99, 77, 0, 99
79, 99, 77, 0, 99
79, 99, 76, 0, 99
79, 99, 76, 0, 100
79, 99, 76, 0, 99
79, 99, 76, 0, 99
80, 99, 76, 0, 99
80, 99, 76, 0, 99
80, 99, 76, 0, 99
81, 99, 77, 0, 99
81, 99, 77, 0, 99
81, 99, 77, 0, 99
81, 99, 77, 0, 99
81, 99, 77, 0, 99
82, 99, 77, 0, 99
82, 99, 77, 0, 99
82, 99, 77, 0, 99
82, 99, 77, 0, 99
82, 99, 77, 0, 99
82, 99, 77, 0, 99
82, 99, 77, 0, 99
87, 99, 77, 0, 99
87, 99, 78, 0, 99
87, 99, 78, 0, 99
88, 99, 78, 0, 99
88, 99, 78, 0, 99
88, 99, 78, 0, 99
88, 99, 79, 0, 99
88, 99, 79, 0, 99
92, 99, 80, 0, 99
92, 99, 80, 0, 99
92, 99, 80, 0, 99
93, 99, 80, 0, 99
93, 99, 81, 0, 99
93, 99, 81, 0, 99
93, 99, 81, 0, 99
92, 99, 81, 0, 99
92, 99, 80, 0, 99
91, 99, 80, 0, 99
89, 99, 80, 0, 99
89, 99, 80, 0, 99
89, 99, 80, 0, 99
88, 99, 79, 0, 99
88, 99, 80, 0, 99
88, 100, 78, 0, 99
88, 100, 78, 0, 99
88, 100, 78, 0, 99
88, 99, 76, 0, 99
88, 99, 76, 0, 99
88, 99, 76, 0, 99
88, 99, 74, 0, 99
88, 99, 74, 0, 99
88, 99, 74, 0, 99
89, 99, 73, 0, 93
89, 99, 73, 0, 93
89, 99, 73, 0, 93
89, 99, 72, 0, 14
90, 99, 72, 0, 15
90, 99, 72, 1, 16
90, 99, 72, 1, 17
89, 99, 72, 1, 18
6, 99, 72, 1, 17
7, 98, 72, 1, 92
7, 98, 72, 1, 92
7, 98, 72, 1, 92
7, 98, 72, 1, 91
6, 97, 0, 1, 0
6, 95, 0, 1, 0
6, 0, 0, 1, 0
6, 0, 0, 1, 0
6, 0, 0, 1, 0
6, 0, 0, 1, 0
6, 0, 0, 1, 0
6, 0, 0, 1, 0
6, 0, 0, 1, 0
6, 11, 0, 1, 0
6, 11, 0, 1, 0
6, 97, 0, 1, 0
6, 97, 0, 1, 0
6, 97, 0, 1, 0
6, 0, 0, 1, 0
6, 0, 0, 1, 0
6, 0, 0, 1, 0
6, 0, 0, 1, 0
6, 0, 0, 1, 0
6, 0, 0, 1, 0
6, 0, 0, 1, 0
6, 0, 0, 1, 0
6, 0, 0, 1, 0
6, 0, 0, 1, 0
6, 96, 0, 1, 0
6, 97, 0, 1, 0
6, 97, 0, 1, 0
6, 97, 0, 1, 0
6, 97, 0, 1, 0
6, 97, 0, 1, 0
6, 97, 0, 1, 0
6, 97, 0, 1, 0
6, 97, 0, 1, 0
6, 97, 0, 1, 0
6, 97, 0, 1, 0
6, 97, 0, 1, 0
6, 97, 0, 1, 0
6, 97, 0, 1, 0
6, 96, 0, 1, 0
6, 96, 0, 1, 0
6, 0, 0, 1, 0
6, 0, 0, 1, 0
6, 0, 0, 1, 0
6, 0, 0, 1, 0
6, 0, 0, 1, 0
6, 0, 0, 1, 0
6, 0, 0, 1, 0
6, 0, 0, 1, 0
6, 0, 0, 1, 0
6, 0, 0, 1, 0
6, 0, 0, 1, 0
6, 0, 0, 1, 0
6, 0, 0, 1, 0
6, 0, 0, 1, 0
6, 0, 0, 1, 0
6, 0, 0, 1, 0
6, 0, 0, 1, 0
6, 0, 0, 1, 0
6, 0, 0, 1, 0
6, 0, 0, 1, 0
6, 0, 0, 1, 0
6, 0, 0, 1, 0
6, 0, 0, 1, 0
6, 0, 0, 1, 0
6, 0, 0, 1, 0
6, 0, 0, 1, 0
6, 0, 0, 1, 0
6, 0, 0, 1, 0
6, 0, 0, 1, 0
6, 0, 0, 1, 0
6, 0, 0, 1, 0
6, 0, 0, 1, 0
6, 0, 0, 1, 0
6, 0, 0, 1, 0
6, 0, 0, 1, 0
6, 0, 0, 1, 0
6, 0, 0, 1, 0
6, 0, 0, 1, 0
6, 0, 0, 1, 0
6, 0, 0, 1, 0
6, 0, 0, 1, 0
6, 0, 0, 1, 0
6, 0, 0, 1, 0
6, 0, 0, 1, 0
6, 0, 0, 1, 0
6, 0, 0, 1, 0
6, 0, 0, 1, 0
6, 0, 0, 1, 0
6, 0, 0, 1, 0
6, 0, 0, 1, 0
6, 0, 0, 1, 0
6, 0, 0, 1, 0
6, 0, 0, 1, 0
6, 0, 0, 1, 0
6, 0, 0, 1, 0
6, 0, 0, 1, 0
6, 0, 0, 1, 0
6, 0, 0, 1, 0
6, 0, 0, 1, 0
6, 0, 0, 1, 0
6, 0, 0, 1, 0
6, 0, 0, 1, 0
6, 0, 0, 1, 0
6, 0, 0, 1, 0
6, 0, 0, 1, 0
6, 0, 0, 1, 0
6, 0, 0, 1, 0
6, 0, 0, 1, 0
6, 0, 0, 1, 0
6, 0, 0, 1, 0
6, 0, 0, 1, 0
6, 0, 0, 1, 0
6, 0, 0, 1, 0
6, 0, 0, 1, 0
6, 0, 0, 1, 0
6, 0, 0, 1, 0
6, 0, 0, 1, 0
6, 0, 0, 1, 0
6, 0, 0, 1, 0
6, 0, 0, 1, 0
6, 0, 0, 1, 0
6, 0, 0, 1, 0
6, 0, 0, 1, 0
6, 0, 0, 1, 0
6, 0, 0, 1, 0
6, 0, 0, 1, 0
89, 75, 77, 1, 2
89, 97, 76, 1, 92
90, 98, 75, 1, 92
90, 98, 75, 1, 92
89, 98, 75, 1, 92
89, 98, 76, 1, 93
89, 98, 76, 1, 93
89, 98, 76, 1, 93
89, 98, 77, 1, 93
89, 98, 77, 1, 93
89, 98, 77, 1, 93
89, 98, 77, 1, 93
89, 98, 77, 1, 93
90, 98, 77, 1, 93
91, 98, 77, 1, 93
91, 98, 77, 1, 93
92, 98, 77, 1, 99
92, 98, 77, 1, 99
93, 94, 76, 2, 99
93, 94, 76, 1, 99
93, 94, 77, 49, 99
93, 95, 78, 13, 99
94, 95, 78, 8, 99
94, 90, 77, 6, 99
94, 90, 77, 6, 99
94, 90, 77, 6, 99
95, 96, 79, 5, 99
95, 97, 79, 5, 99
95, 97, 79, 5, 99
94, 98, 80, 7, 99
94, 98, 80, 7, 99
94, 98, 80, 7, 99
93, 98, 80, 6, 99
93, 98, 80, 6, 100
92, 98, 80, 6, 100
92, 98, 80, 6, 100
92, 98, 80, 6, 100
92, 98, 80, 6, 100
92, 98, 80, 6, 99
92, 98, 80, 6, 100
91, 98, 80, 5, 100
91, 98, 80, 5, 99
91, 99, 80, 5, 100
91, 99, 80, 5, 100
91, 99, 80, 5, 99
91, 99, 80, 5, 100
91, 99, 80, 5, 99
91, 99, 80, 5, 99
91, 99, 80, 5, 99
91, 99, 80, 5, 99
91, 99, 81, 3, 99
91, 99, 81, 3, 100
91, 99, 81, 3, 100
91, 99, 81, 3, 99
91, 99, 81, 3, 100
91, 99, 81, 3, 100
91, 99, 81, 2, 99
91, 99, 81, 2, 99
91, 99, 81, 2, 100
91, 99, 81, 2, 100
91, 99, 81, 2, 100
91, 99, 82, 2, 100
91, 99, 82, 2, 99
91, 99, 82, 2, 99
91, 99, 82, 2, 99
91, 99, 83, 1, 99
92, 99, 83, 1, 99
92, 99, 83, 1, 99
92, 99, 83, 1, 99
92, 99, 84, 0, 99
92, 99, 84, 0, 99
92, 99, 84, 0, 99
92, 99, 84, 0, 99
92, 99, 84, 0, 99
93, 99, 85, 0, 99
93, 99, 85, 0, 99
93, 99, 85, 0, 99
92, 99, 85, 0, 99
92, 99, 85, 0, 99
92, 99, 86, 0, 99
92, 99, 86, 0, 99
92, 99, 86, 0, 99
92, 99, 86, 0, 99
92, 99, 86, 0, 99
92, 99, 86, 0, 99
92, 99, 86, 0, 99
92, 99, 86, 0, 99
92, 99, 86, 0, 99
92, 99, 86, 0, 99
92, 99, 86, 0, 99
92, 99, 87, 0, 99
92, 99, 87, 0, 99
92, 99, 87, 0, 99
92, 99, 87, 0, 99
92, 99, 87, 0, 99
92, 99, 87, 0, 99
86, 100, 77, 0, 99
86, 100, 77, 0, 99
86, 100, 77, 0, 99
7, 99, 75, 0, 98
7, 99, 72, 0, 93
7, 99, 72, 0, 93
7, 99, 70, 0, 93
7, 99, 70, 0, 93
7, 99, 69, 0, 93
7, 99, 69, 0, 93
6, 99, 59, 0, 0
6, 99, 59, 0, 0
6, 99, 0, 0, 0
6, 99, 1, 0, 0
6, 99, 0, 0, 0
6, 99, 0, 0, 0
6, 99, 0, 1, 0
6, 99, 0, 1, 0
6, 98, 0, 1, 0
6, 98, 0, 1, 0
6, 98, 0, 1, 0
6, 98, 0, 1, 0
6, 98, 0, 1, 0
6, 98, 0, 1, 0
6, 98, 0, 1, 0
6, 98, 0, 1, 0
6, 98, 0, 1, 0
6, 98, 0, 1, 0
6, 98, 0, 1, 0
6, 98, 0, 1, 0
6, 98, 0, 1, 0
6, 98, 0, 1, 0
6, 98, 0, 1, 0
6, 98, 0, 1, 0
6, 98, 0, 1, 0
6, 98, 0, 1, 0
6, 98, 0, 1, 0
6, 98, 0, 1, 0
6, 98, 0, 1, 0
6, 98, 0, 1, 0
6, 98, 0, 1, 0
6, 98, 0, 1, 0
6, 98, 0, 1, 0
6, 98, 0, 1, 0
6, 98, 0, 1, 0
6, 98, 0, 1, 0
6, 98, 0, 1, 0
6, 98, 0, 1, 0
6, 98, 0, 1, 0
6, 98, 0, 1, 0
6, 98, 0, 1, 0
6, 98, 0, 1, 0
6, 98, 0, 1, 0
6, 98, 0, 1, 0
6, 98, 0, 1, 0
6, 98, 0, 1, 0
6, 98, 0, 1, 0
6, 98, 0, 1, 0
6, 98, 0, 1, 0
6, 98, 0, 1, 0
6, 98, 0, 1, 0
6, 98, 0, 1, 0
6, 98, 0, 1, 0
6, 98, 0, 1, 0
6, 98, 0, 1, 0
6, 98, 0, 1, 0
6, 98, 0, 1, 0
6, 98, 0, 1, 0
6, 98, 0, 1, 0
6, 98, 0, 1, 0
6, 98, 0, 1, 0
6, 98, 0, 1, 0
6, 98, 0, 1, 0
6, 98, 0, 1, 0
6, 98, 0, 1, 0
6, 98, 0, 1, 0
6, 98, 0, 1, 0
6, 98, 0, 1, 0
6, 98, 0, 1, 0
6, 98, 0, 1, 0
6, 98, 0, 1, 0
6, 98, 0, 1, 0
6, 98, 0, 1, 0
6, 98, 0, 1, 0
6, 98, 0, 1, 0
6, 98, 0, 1, 0
6, 98, 0, 1, 0
6, 98, 0, 1, 0
6, 98, 0, 1, 0
6, 98, 0, 1, 0
6, 98, 0, 1, 0
6, 98, 0, 1, 0
6, 98, 0, 1, 0
6, 98, 0, 1, 0
6, 98, 0, 1, 0
6, 98, 0, 1, 0
6, 98, 0, 1, 0
6, 98, 0, 1, 0
6, 98, 0, 1, 0
6, 98, 0, 1, 0
6, 98, 0, 1, 0
6, 98, 0, 1, 0
6, 98, 0, 1, 0
6, 98, 74, 1, 0
6, 98, 74, 1, 0
6, 98, 76, 1, 0
90, 61, 76, 1, 92
90, 61, 76, 1, 92
93, 2, 77, 1, 93
94, 2, 78, 1, 93
94, 2, 78, 1, 93
97, 2, 79, 1, 93
98, 2, 80, 1, 93
98, 2, 83, 1, 93
99, 2, 86, 1, 93
99, 2, 86, 1, 93
99, 2, 90, 1, 93
99, 98, 91, 1, 93
99, 98, 91, 1, 93
99, 98, 93, 1, 93
99, 98, 93, 1, 93
99, 98, 94, 1, 93
99, 98, 95, 1, 94
99, 98, 96, 1, 94
99, 98, 97, 1, 94
99, 98, 97, 1, 94
99, 98, 97, 1, 94
99, 99, 97, 1, 94
99, 99, 97, 1, 94
99, 99, 97, 1, 94
99, 99, 97, 0, 94
99, 99, 97, 0, 94
99, 99, 97, 0, 94
99, 99, 97, 0, 94
99, 99, 97, 0, 94
99, 99, 97, 0, 94
99, 99, 97, 0, 94
99, 99, 97, 0, 94
99, 99, 97, 0, 94
99, 99, 97, 0, 94
99, 99, 97, 0, 94
99, 99, 97, 0, 94
99, 99, 97, 0, 94
99, 99, 97, 0, 94
99, 99, 97, 0, 94
99, 99, 97, 0, 94
99, 99, 96, 0, 94
99, 99, 96, 0, 98
99, 99, 95, 0, 99
99, 99, 95, 0, 99
99, 99, 93, 1, 99
99, 99, 93, 1, 99
99, 99, 93, 1, 99
99, 99, 93, 1, 99
99, 99, 92, 1, 99
99, 99, 90, 1, 99
99, 99, 90, 1, 99
99, 99, 90, 1, 99
99, 99, 88, 1, 99
96, 99, 87, 1, 99
95, 99, 87, 1, 99
95, 99, 87, 1, 99
95, 99, 87, 0, 99
95, 99, 86, 0, 99
94, 99, 85, 0, 99
94, 99, 85, 0, 99
94, 99, 85, 0, 99
93, 99, 84, 0, 99
93, 99, 84, 0, 99
93, 99, 83, 0, 99
93, 99, 83, 0, 99
93, 99, 82, 0, 99
92, 99, 82, 1, 99
92, 99, 81, 1, 99
92, 99, 81, 1, 99
92, 99, 81, 1, 99
91, 99, 80, 1, 99
91, 99, 80, 1, 99
91, 99, 79, 1, 99
91, 99, 79, 1, 99
91, 99, 78, 1, 99
91, 99, 77, 1, 99
91, 99, 77, 1, 99
90, 99, 76, 2, 99
90, 99, 76, 2, 99
90, 99, 76, 2, 99
90, 99, 75, 2, 99
90, 99, 75, 2, 99
90, 99, 73, 2, 99
90, 99, 72, 2, 99
90, 99, 72, 2, 99
90, 99, 72, 2, 99
90, 99, 72, 2, 99
90, 99, 72, 2, 99
90, 99, 72, 2, 99
90, 99, 72, 2, 99
90, 99, 70, 2, 99
90, 99, 70, 2, 99
90, 99, 70, 2, 99
90, 99, 69, 2, 99
90, 99, 69, 3, 99
90, 99, 69, 3, 99
89, 99, 68, 3, 100
88, 99, 67, 2, 99
88, 99, 67, 2, 99
88, 99, 67, 2, 99
88, 99, 67, 2, 99
88, 99, 67, 2, 99
88, 99, 67, 2, 99
88, 99, 67, 2, 99
88, 99, 69, 2, 99
88, 99, 69, 2, 99
88, 99, 68, 2, 99
88, 99, 68, 2, 99
87, 99, 68, 2, 99
85, 99, 66, 3, 99
85, 99, 66, 3, 99
84, 98, 65, 3, 99
83, 97, 67, 4, 99
83, 97, 67, 4, 99
7, 29, 61, 48, 100
7, 29, 60, 61, 99
7, 28, 61, 63, 99
7, 27, 60, 68, 98
7, 24, 61, 72, 98
7, 23, 62, 73, 98
7, 17, 62, 76, 98
7, 11, 0, 82, 97
7, 11, 0, 82, 97
7, 11, 0, 82, 97
7, 13, 0, 81, 97
6, 0, 0, 0, 0
6, 0, 0, 0, 0
6, 0, 0, 0, 0
6, 0, 0, 0, 0
6, 0, 0, 0, 0
6, 0, 0, 0, 0
6, 0, 0, 1, 0
6, 0, 0, 1, 0
6, 0, 0, 1, 0
6, 0, 0, 1, 0
6, 0, 0, 1, 0
6, 0, 0, 1, 0
6, 0, 0, 1, 0
6, 0, 0, 1, 0
6, 0, 0, 1, 0
6, 0, 0, 1, 0
6, 0, 0, 1, 0
6, 0, 0, 1, 0
6, 0, 0, 1, 0
6, 0, 0, 1, 0
6, 0, 0, 1, 0
6, 0, 0, 1, 0
6, 0, 0, 1, 0
6, 0, 0, 1, 0
6, 0, 0, 1, 0
6, 0, 0, 1, 0
6, 0, 0, 1, 0
6, 0, 0, 1, 0
6, 0, 0, 1, 0
6, 0, 0, 1, 0
6, 0, 0, 1, 0
6, 0, 0, 1, 0
6, 0, 0, 1, 0
6, 0, 0, 1, 0
6, 0, 0, 1, 0
6, 0, 0, 1, 0
6, 0, 0, 1, 0
6, 0, 0, 1, 0
6, 0, 0, 1, 0
6, 0, 0, 1, 0
6, 0, 0, 1, 0
6, 0, 0, 1, 0
6, 0, 0, 1, 0
6, 0, 0, 1, 0
6, 0, 0, 1, 0
6, 0, 0, 1, 0
6, 0, 0, 1, 0
6, 0, 0, 1, 0
6, 0, 0, 1, 0
6, 0, 0, 1, 0
6, 0, 0, 1, 0
6, 0, 0, 1, 0
6, 0, 0, 1, 0
6, 0, 0, 1, 0
6, 0, 0, 1, 0
6, 0, 0, 1, 0
6, 0, 0, 1, 0
6, 0, 0, 1, 0
6, 0, 0, 1, 0
6, 0, 0, 1, 0
6, 0, 0, 1, 0
6, 0, 0, 1, 0
6, 0, 0, 1, 0
6, 0, 0, 1, 0
6, 0, 0, 1, 0
6, 0, 0, 1, 0
6, 0, 0, 1, 0
6, 0, 0, 1, 0
6, 0, 0, 1, 0
6, 0, 0, 1, 0
6, 0, 0, 1, 0
6, 0, 0, 1, 0
6, 0, 0, 1, 0
6, 0, 0, 1, 0
6, 0, 0, 1, 0
6, 0, 0, 1, 0
6, 0, 0, 1, 0
6, 0, 0, 1, 0
6, 0, 0, 1, 0
6, 0, 0, 1, 0
6, 0, 0, 1, 0
6, 0, 0, 1, 0
6, 0, 0, 1, 0
6, 0, 0, 1, 0
6, 0, 0, 0, 0
6, 0, 0, 0, 0
6, 0, 0, 0, 0
6, 0, 0, 0, 0
6, 0, 0, 0, 0
6, 0, 0, 0, 0
6, 0, 0, 0, 0
6, 0, 0, 0, 0
6, 0, 0, 0, 0
6, 0, 0, 0, 0
6, 0, 0, 0, 0
6, 0, 0, 0, 0
6, 0, 0, 0, 0
6, 0, 0, 0, 0
6, 0, 0, 0, 0
6, 0, 0, 0, 0
6, 0, 0, 0, 0
6, 0, 78, 0, 0
6, 0, 79, 0, 0
6, 0, 78, 0, 0
89, 2, 79, 2, 2
89, 2, 79, 2, 2
89, 2, 80, 2, 92
89, 2, 77, 2, 92
90, 2, 78, 2, 92
90, 2, 78, 2, 92
90, 2, 78, 2, 92
90, 2, 78, 2, 92
92, 2, 77, 2, 92
93, 2, 78, 2, 93
93, 2, 79, 2, 93
93, 2, 80, 2, 93
93, 2, 80, 1, 93
94, 2, 84, 1, 93
94, 2, 84, 1, 93
94, 2, 84, 1, 93
94, 2, 85, 1, 93
94, 2, 85, 1, 93
94, 2, 86, 1, 93
93, 2, 87, 1, 93
88, 99, 96, 0, 94
