6, 0, 0, 0, 0
6, 0, 0, 0, 0
6, 0, 0, 0, 0
6, 0, 0, 0, 0
6, 0, 0, 0, 0
6, 0, 0, 0, 0
6, 0, 0, 0, 0
6, 0, 0, 0, 0
6, 0, 0, 0, 0
6, 0, 0, 0, 0
6, 0, 0, 0, 0
6, 0, 0, 0, 0
6, 0, 0, 0, 0
6, 0, 0, 0, 0
6, 0, 0, 0, 0
6, 0, 0, 0, 0
6, 0, 0, 0, 0
6, 0, 0, 0, 0
6, 0, 0, 0, 0
6, 0, 0, 0, 0
6, 0, 0, 0, 0
6, 0, 0, 0, 0
6, 0, 0, 0, 0
6, 0, 0, 0, 0
6, 0, 0, 0, 0
6, 0, 0, 0, 0
6, 0, 0, 0, 0
6, 0, 0, 0, 0
6, 0, 0, 0, 0
6, 0, 0, 0, 0
6, 0, 0, 0, 0
6, 0, 0, 0, 0
6, 0, 0, 0, 0
6, 0, 0, 0, 0
6, 0, 0, 0, 0
6, 0, 0, 0, 0
6, 0, 0, 0, 0
6, 0, 0, 0, 0
6, 0, 0, 0, 0
6, 0, 0, 0, 0
6, 0, 0, 0, 0
6, 0, 0, 0, 0
6, 0, 0, 0, 0
6, 0, 0, 0, 0
6, 0, 0, 0, 0
6, 0, 0, 0, 0
6, 0, 0, 0, 0
6, 0, 0, 0, 0
6, 0, 0, 0, 0
6, 0, 0, 0, 0
6, 0, 0, 0, 0
6, 0, 0, 0, 0
6, 0, 0, 0, 0
6, 0, 0, 0, 0
6, 0, 0, 0, 0
6, 0, 0, 0, 0
6, 0, 0, 0, 0
6, 0, 0, 0, 0
6, 0, 0, 0, 0
6, 0, 0, 0, 0
6, 0, 0, 0, 0
6, 0, 0, 0, 0
6, 0, 0, 0, 0
6, 0, 0, 0, 0
6, 0, 0, 0, 0
6, 0, 0, 0, 0
6, 0, 0, 0, 0
6, 0, 0, 0, 0
6, 0, 0, 0, 0
6, 0, 0, 0, 0
6, 0, 0, 0, 0
6, 0, 0, 0, 0
6, 0, 0, 0, 0
6, 0, 0, 0, 0
6, 0, 0, 0, 0
6, 0, 0, 0, 0
6, 0, 0, 0, 0
6, 0, 0, 0, 0
6, 0, 0, 0, 0
6, 0, 0, 0, 0
6, 0, 0, 0, 0
6, 0, 0, 0, 0
6, 0, 0, 0, 0
6, 0, 0, 0, 0
6, 0, 0, 0, 0
6, 0, 0, 0, 0
6, 0, 0, 0, 0
6, 0, 0, 0, 0
6, 0, 0, 0, 0
6, 0, 0, 0, 0
6, 0, 0, 0, 0
6, 0, 0, 0, 0
6, 0, 0, 0, 0
6, 0, 0, 0, 0
6, 0, 0, 0, 0
6, 0, 0, 0, 0
6, 0, 0, 0, 0
6, 0, 0, 0, 0
6, 0, 0, 0, 0
6, 0, 0, 0, 0
6, 0, 0, 0, 0
6, 0, 0, 0, 0
6, 0, 0, 0, 0
6, 0, 0, 0, 0
6, 0, 0, 0, 0
6, 0, 0, 0, 0
6, 0, 0, 0, 0
6, 0, 0, 0, 0
6, 0, 0, 0, 0
6, 0, 0, 0, 0
6, 0, 0, 0, 0
6, 0, 0, 0, 0
6, 0, 0, 0, 0
6, 0, 0, 0, 0
6, 0, 0, 0, 0
6, 0, 0, 0, 0
6, 0, 0, 0, 0
6, 0, 0, 0, 0
6, 0, 0, 0, 0
6, 0, 0, 0, 0
6, 0, 0, 0, 0
6, 0, 0, 0, 0
6, 0, 0, 0, 0
6, 0, 0, 0, 0
6, 0, 0, 0, 0
6, 0, 0, 0, 0
6, 0, 0, 0, 0
6, 0, 0, 0, 0
6, 0, 0, 0, 0
6, 0, 0, 0, 0
6, 0, 0, 0, 0
6, 0, 0, 0, 0
5, 0, 0, 0, 0
5, 0, 0, 0, 0
5, 0, 0, 0, 0
5, 0, 0, 0, 0
5, 0, 0, 0, 0
5, 0, 0, 0, 0
5, 0, 0, 0, 0
6, 0, 0, 0, 0
6, 0, 0, 0, 0
5, 0, 0, 0, 0
5, 0, 0, 0, 0
5, 0, 0, 0, 0
6, 0, 0, 0, 0
5, 0, 0, 0, 0
5, 0, 0, 0, 0
6, 0, 0, 0, 0
5, 0, 0, 0, 0
6, 0, 0, 0, 0
5, 0, 0, 0, 0
5, 0, 0, 0, 0
5, 0, 0, 0, 0
5, 0, 0, 0, 0
87, 2, 77, 2, 2
91, 2, 77, 2, 92
91, 2, 76, 2, 92
91, 2, 76, 2, 92
90, 2, 77, 2, 92
90, 2, 78, 2, 92
92, 2, 79, 2, 93
93, 2, 80, 2, 93
93, 2, 81, 2, 93
95, 2, 84, 2, 93
95, 2, 84, 2, 93
95, 2, 84, 2, 93
95, 2, 84, 2, 93
95, 2, 83, 2, 93
95, 2, 84, 2, 93
95, 2, 84, 2, 93
95, 2, 85, 2, 93
95, 2, 85, 2, 93
95, 2, 85, 2, 93
95, 2, 85, 2, 93
95, 2, 86, 2, 93
95, 2, 86, 2, 93
94, 2, 87, 2, 93
94, 2, 87, 2, 93
94, 2, 87, 2, 93
93, 98, 88, 1, 93
93, 98, 88, 1, 93
93, 99, 86, 1, 93
93, 99, 86, 1, 93
93, 99, 86, 1, 93
94, 99, 86, 1, 93
94, 99, 86, 1, 93
94, 99, 86, 0, 93
95, 99, 86, 0, 94
95, 99, 86, 0, 94
95, 99, 85, 0, 94
95, 99, 82, 0, 94
95, 99, 82, 0, 94
95, 99, 83, 0, 94
95, 99, 83, 0, 94
95, 99, 84, 0, 94
95, 99, 83, 0, 94
95, 99, 86, 0, 94
95, 99, 85, 0, 94
95, 99, 83, 0, 94
95, 99, 83, 0, 94
95, 99, 84, 0, 94
95, 99, 85, 0, 94
95, 99, 85, 0, 94
95, 100, 86, 0, 94
95, 99, 86, 0, 94
95, 99, 84, 0, 94
95, 99, 84, 0, 94
96, 99, 85, 0, 94
96, 99, 85, 0, 99
96, 99, 86, 0, 99
96, 99, 87, 0, 99
96, 99, 89, 0, 99
96, 100, 89, 0, 99
96, 99, 89, 0, 99
96, 100, 90, 0, 99
96, 100, 90, 0, 99
96, 99, 90, 0, 99
96, 99, 90, 0, 99
96, 100, 90, 0, 99
96, 99, 90, 0, 99
96, 99, 89, 0, 99
96, 100, 89, 0, 99
96, 99, 89, 0, 99
96, 99, 89, 0, 99
96, 100, 89, 0, 99
96, 99, 89, 0, 99
96, 100, 89, 0, 99
97, 99, 88, 0, 99
97, 99, 88, 0, 99
97, 100, 87, 0, 99
97, 99, 88, 0, 99
97, 99, 87, 0, 99
97, 99, 88, 0, 99
97, 99, 88, 0, 99
97, 100, 88, 0, 99
97, 100, 88, 0, 99
97, 100, 88, 0, 99
97, 99, 89, 0, 99
97, 99, 89, 0, 99
97, 99, 89, 0, 99
96, 99, 89, 0, 99
96, 100, 89, 0, 99
96, 100, 89, 0, 99
96, 99, 89, 0, 99
96, 100, 89, 0, 99
96, 100, 89, 0, 99
96, 99, 89, 0, 99
96, 99, 89, 0, 99
96, 99, 89, 0, 99
96, 100, 88, 0, 99
95, 100, 88, 0, 99
95, 99, 87, 0, 99
95, 99, 87, 0, 99
95, 99, 86, 0, 99
94, 99, 86, 0, 99
94, 99, 86, 0, 99
93, 100, 86, 0, 99
92, 99, 86, 0, 99
92, 99, 86, 0, 99
88, 100, 86, 0, 99
88, 100, 86, 0, 99
88, 100, 84, 0, 99
87, 100, 83, 0, 99
87, 100, 83, 0, 99
86, 99, 82, 0, 99
86, 100, 82, 0, 99
86, 100, 82, 0, 99
83, 100, 81, 0, 99
82, 100, 80, 0, 99
82, 100, 80, 0, 99
81, 100, 83, 0, 99
81, 100, 83, 0, 99
80, 100, 84, 0, 99
80, 99, 84, 0, 99
80, 100, 84, 0, 99
80, 100, 83, 0, 99
79, 100, 83, 0, 100
79, 99, 83, 0, 99
78, 99, 82, 0, 100
78, 99, 81, 0, 100
78, 99, 81, 0, 100
78, 99, 79, 0, 99
77, 100, 78, 0, 99
75, 99, 77, 0, 99
75, 99, 77, 0, 99
75, 99, 76, 0, 99
67, 99, 74, 0, 100
69, 99, 74, 0, 99
31, 99, 72, 0, 99
20, 99, 71, 0, 99
17, 99, 70, 0, 99
17, 99, 70, 0, 99
17, 99, 70, 0, 100
17, 99, 70, 0, 99
18, 99, 69, 0, 99
13, 99, 70, 0, 100
6, 99, 70, 0, 100
7, 99, 71, 0, 100
5, 99, 71, 0, 99
6, 99, 67, 0, 100
7, 99, 67, 0, 100
7, 99, 67, 0, 99
93, 99, 66, 0, 99
92, 99, 67, 0, 100
93, 99, 68, 0, 99
93, 99, 68, 0, 100
93, 99, 68, 0, 99
93, 99, 72, 0, 99
93, 99, 71, 0, 99
93, 99, 71, 0, 99
18, 99, 70, 0, 100
18, 99, 70, 0, 100
17, 99, 70, 0, 99
17, 99, 70, 0, 100
18, 99, 70, 0, 99
18, 99, 70, 0, 99
18, 99, 70, 0, 99
19, 99, 69, 0, 99
18, 99, 69, 0, 100
17, 99, 69, 0, 99
14, 99, 67, 0, 99
14, 99, 67, 0, 99
14, 99, 67, 0, 99
14, 99, 65, 0, 100
14, 99, 65, 0, 99
22, 99, 64, 0, 99
16, 99, 61, 0, 99
3, 99, 60, 0, 100
3, 99, 60, 0, 100
3, 99, 60, 0, 99
3, 99, 58, 0, 100
5, 99, 57, 0, 100
10, 99, 57, 0, 100
8, 99, 57, 0, 99
17, 99, 58, 0, 99
16, 99, 58, 0, 99
16, 99, 58, 0, 99
16, 99, 58, 0, 99
7, 99, 58, 0, 99
7, 99, 58, 0, 99
7, 99, 58, 0, 99
7, 99, 57, 0, 99
7, 99, 53, 0, 99
7, 99, 53, 0, 99
7, 99, 0, 4, 99
7, 99, 0, 4, 100
7, 99, 0, 5, 100
7, 96, 0, 50, 100
7, 86, 0, 50, 100
7, 30, 0, 51, 100
7, 29, 0, 52, 100
7, 29, 0, 49, 100
7, 48, 0, 47, 99
7, 48, 0, 40, 99
7, 46, 0, 0, 99
7, 0, 0, 0, 99
7, 0, 0, 0, 99
7, 0, 0, 0, 99
6, 0, 0, 0, 0
6, 0, 0, 0, 0
6, 0, 0, 0, 0
6, 0, 0, 0, 0
6, 0, 0, 0, 0
6, 0, 0, 0, 0
6, 0, 0, 0, 0
6, 0, 0, 0, 0
6, 0, 0, 0, 0
6, 0, 0, 0, 0
6, 0, 0, 0, 0
6, 0, 0, 0, 0
6, 0, 0, 0, 0
6, 0, 0, 0, 0
6, 0, 0, 0, 0
6, 0, 0, 0, 0
6, 0, 0, 0, 0
6, 0, 0, 0, 0
6, 0, 0, 0, 0
6, 0, 0, 0, 0
6, 0, 0, 0, 0
5, 0, 0, 0, 0
6, 0, 0, 0, 0
6, 0, 0, 0, 0
6, 0, 0, 0, 0
6, 0, 0, 0, 0
5, 0, 0, 0, 0
6, 0, 0, 0, 0
5, 0, 0, 0, 0
6, 0, 0, 0, 0
6, 0, 0, 0, 0
6, 0, 0, 0, 0
6, 0, 0, 0, 0
6, 0, 0, 0, 0
5, 0, 0, 0, 0
5, 0, 0, 0, 0
5, 0, 0, 0, 0
5, 0, 0, 0, 0
5, 0, 0, 0, 0
6, 0, 0, 0, 0
5, 0, 0, 0, 0
6, 0, 0, 0, 0
5, 0, 0, 0, 0
5, 0, 0, 0, 0
5, 0, 0, 0, 0
5, 0, 0, 0, 0
5, 0, 0, 0, 0
5, 0, 0, 0, 0
5, 0, 0, 0, 0
5, 0, 0, 0, 92
92, 2, 72, 2, 92
91, 2, 73, 2, 92
91, 2, 73, 2, 93
93, 2, 75, 2, 93
93, 2, 75, 2, 93
93, 2, 76, 2, 93
96, 2, 77, 2, 93
96, 2, 77, 2, 93
96, 2, 77, 2, 93
96, 2, 77, 2, 93
96, 2, 77, 2, 93
96, 2, 77, 2, 93
96, 2, 77, 2, 93
96, 2, 77, 2, 93
96, 2, 77, 2, 93
97, 2, 80, 2, 93
99, 2, 80, 2, 93
99, 2, 81, 2, 93
99, 2, 81, 2, 93
99, 2, 84, 2, 93
99, 2, 84, 2, 93
99, 2, 84, 2, 93
99, 2, 84, 2, 93
99, 2, 84, 2, 93
99, 2, 88, 2, 93
99, 2, 88, 2, 93
99, 2, 79, 1, 93
99, 2, 85, 1, 93
99, 2, 85, 1, 93
99, 2, 87, 1, 93
99, 2, 87, 1, 93
99, 2, 88, 1, 93
99, 2, 89, 1, 93
99, 2, 88, 1, 93
99, 2, 89, 1, 93
99, 2, 89, 1, 93
99, 2, 89, 1, 93
99, 2, 89, 1, 94
99, 2, 91, 1, 94
99, 2, 91, 1, 94
99, 98, 91, 1, 94
99, 98, 91, 1, 94
99, 98, 91, 1, 94
99, 98, 91, 1, 94
99, 98, 92, 1, 94
99, 99, 92, 1, 94
99, 99, 92, 1, 94
99, 99, 93, 0, 94
99, 100, 88, 0, 94
99, 100, 87, 0, 94
99, 99, 86, 0, 94
99, 100, 83, 0, 94
99, 99, 82, 0, 94
99, 99, 81, 0, 94
99, 100, 86, 0, 97
99, 100, 86, 0, 99
98, 99, 79, 0, 99
98, 100, 78, 0, 99
97, 99, 78, 0, 99
97, 99, 77, 0, 99
7, 100, 74, 0, 99
90, 99, 69, 0, 99
90, 99, 72, 0, 100
90, 99, 72, 0, 99
91, 99, 67, 0, 99
91, 99, 67, 0, 100
90, 99, 66, 0, 100
90, 99, 60, 0, 99
5, 99, 57, 0, 99
7, 99, 57, 0, 99
7, 99, 56, 0, 100
7, 99, 56, 0, 99
7, 99, 57, 0, 99
7, 99, 53, 0, 100
7, 99, 52, 0, 99
7, 99, 51, 0, 99
7, 99, 0, 0, 99
7, 99, 0, 0, 99
7, 99, 0, 3, 99
7, 99, 0, 3, 99
7, 95, 0, 8, 100
7, 94, 0, 43, 99
7, 93, 0, 43, 100
7, 48, 0, 44, 100
7, 48, 0, 46, 100
7, 48, 0, 45, 100
7, 28, 0, 44, 100
7, 27, 0, 0, 100
7, 26, 0, 0, 99
7, 6, 0, 0, 99
7, 6, 0, 0, 100
7, 4, 0, 0, 99
7, 4, 0, 0, 100
7, 4, 0, 0, 100
7, 4, 0, 0, 99
7, 4, 0, 0, 99
7, 5, 0, 0, 99
7, 5, 0, 0, 99
7, 5, 0, 0, 99
7, 0, 0, 0, 99
7, 0, 0, 0, 99
7, 0, 0, 0, 99
6, 0, 0, 0, 0
6, 0, 0, 0, 0
6, 0, 0, 0, 0
6, 0, 0, 0, 0
6, 0, 0, 0, 0
6, 0, 0, 0, 0
6, 0, 0, 0, 0
6, 0, 0, 0, 0
6, 0, 0, 1, 0
6, 0, 0, 1, 0
6, 0, 0, 1, 0
6, 0, 0, 1, 0
6, 0, 0, 1, 0
6, 0, 0, 1, 0
5, 0, 0, 1, 0
5, 0, 0, 1, 0
5, 0, 0, 1, 0
5, 0, 0, 1, 0
5, 0, 0, 1, 2
12, 0, 0, 1, 0
6, 0, 0, 1, 0
6, 0, 0, 1, 0
6, 0, 0, 1, 0
5, 0, 0, 0, 0
5, 0, 0, 0, 0
5, 0, 0, 0, 0
6, 0, 0, 0, 0
6, 0, 0, 0, 0
5, 0, 0, 0, 0
5, 0, 0, 0, 0
5, 0, 0, 0, 0
5, 0, 0, 0, 0
5, 0, 0, 0, 0
5, 0, 0, 0, 0
5, 0, 0, 0, 0
5, 0, 0, 0, 0
6, 0, 0, 0, 0
5, 0, 0, 0, 0
5, 0, 0, 0, 0
5, 0, 0, 0, 0
5, 0, 0, 0, 0
5, 0, 0, 0, 0
5, 0, 0, 0, 0
5, 0, 0, 0, 0
5, 0, 0, 0, 0
5, 0, 0, 0, 0
5, 0, 0, 0, 0
5, 0, 0, 0, 0
5, 0, 0, 0, 0
5, 0, 0, 0, 0
5, 0, 0, 0, 0
5, 0, 0, 0, 0
5, 0, 0, 0, 0
5, 0, 0, 0, 0
5, 0, 0, 0, 0
5, 0, 0, 0, 0
5, 0, 0, 0, 0
5, 0, 0, 0, 0
5, 0, 0, 0, 0
6, 0, 0, 0, 0
5, 0, 0, 0, 0
5, 0, 0, 0, 0
5, 0, 0, 0, 0
5, 0, 0, 0, 0
5, 0, 0, 0, 0
5, 0, 0, 0, 0
5, 0, 0, 0, 0
5, 0, 0, 0, 0
5, 0, 0, 0, 0
5, 0, 0, 0, 0
5, 0, 0, 0, 0
5, 0, 0, 0, 0
5, 0, 0, 0, 0
5, 0, 0, 0, 0
5, 0, 0, 0, 0
5, 0, 0, 0, 0
5, 0, 0, 0, 0
5, 0, 0, 0, 0
5, 0, 0, 0, 0
5, 0, 0, 0, 0
5, 0, 0, 0, 0
5, 0, 0, 0, 0
5, 0, 0, 0, 0
5, 0, 0, 0, 0
5, 0, 0, 0, 0
5, 0, 0, 0, 0
5, 0, 0, 0, 0
5, 0, 0, 0, 0
5, 0, 0, 0, 0
5, 0, 0, 0, 0
5, 0, 66, 0, 0
5, 0, 66, 0, 0
89, 2, 70, 2, 2
90, 2, 75, 1, 93
92, 2, 76, 2, 93
93, 2, 76, 2, 93
94, 2, 77, 2, 93
95, 2, 77, 2, 93
95, 2, 77, 2, 93
95, 2, 77, 2, 93
95, 2, 77, 2, 93
95, 2, 77, 2, 93
95, 2, 76, 2, 93
95, 2, 77, 2, 93
95, 2, 77, 2, 93
95, 2, 77, 2, 93
95, 2, 77, 2, 93
95, 2, 77, 2, 93
98, 2, 78, 2, 93
99, 2, 80, 2, 93
99, 2, 80, 2, 93
99, 2, 85, 2, 93
99, 2, 85, 2, 93
99, 2, 85, 2, 93
99, 2, 87, 2, 93
99, 2, 87, 2, 93
99, 2, 87, 2, 93
99, 2, 86, 2, 93
99, 2, 86, 2, 93
99, 2, 86, 2, 93
99, 2, 86, 2, 93
99, 2, 88, 1, 93
99, 2, 88, 1, 93
99, 2, 88, 1, 93
99, 2, 90, 1, 93
99, 2, 90, 1, 93
99, 2, 90, 1, 93
99, 2, 84, 1, 93
99, 2, 84, 1, 93
99, 2, 84, 1, 93
99, 2, 85, 1, 93
99, 2, 83, 1, 93
99, 2, 82, 1, 93
99, 2, 85, 1, 93
99, 2, 86, 1, 94
99, 2, 86, 1, 93
99, 2, 83, 1, 93
99, 2, 83, 1, 94
99, 2, 85, 1, 94
99, 2, 84, 1, 94
99, 2, 85, 1, 94
99, 2, 86, 1, 94
99, 2, 86, 1, 94
99, 97, 86, 1, 94
99, 98, 85, 1, 94
99, 98, 86, 1, 94
99, 98, 88, 1, 94
99, 98, 89, 1, 94
99, 98, 89, 1, 94
99, 98, 91, 1, 94
99, 98, 91, 1, 94
99, 98, 92, 1, 94
95, 98, 92, 1, 94
94, 99, 93, 1, 94
93, 99, 94, 1, 94
92, 99, 93, 1, 94
92, 99, 92, 0, 94
92, 99, 92, 0, 94
91, 99, 92, 0, 94
99, 99, 90, 0, 94
99, 99, 90, 0, 94
99, 99, 89, 0, 94
88, 99, 86, 0, 94
88, 99, 86, 0, 94
87, 99, 85, 0, 94
85, 100, 85, 0, 94
84, 100, 86, 0, 94
83, 99, 86, 0, 94
82, 99, 85, 0, 94
81, 99, 85, 0, 94
80, 99, 83, 0, 94
79, 99, 82, 0, 94
78, 99, 78, 0, 99
78, 99, 78, 0, 99
78, 99, 78, 0, 99
77, 99, 75, 0, 99
63, 99, 67, 0, 99
63, 99, 72, 0, 99
34, 99, 69, 0, 99
34, 99, 69, 0, 99
17, 99, 66, 0, 100
17, 99, 66, 0, 100
18, 99, 66, 0, 99
11, 99, 69, 0, 100
11, 99, 69, 0, 100
99, 68, 0, 100, 9
10, 99, 61, 0, 99
10, 99, 59, 0, 99
10, 99, 57, 0, 99
5, 99, 57, 0, 99
4, 99, 57, 0, 99
7, 99, 57, 0, 99
7, 99, 55, 0, 99
7, 99, 52, 0, 100
7, 99, 0, 1, 100
7, 99, 0, 2, 99
7, 99, 0, 3, 99
7, 98, 0, 8, 100
7, 97, 0, 17, 100
7, 89, 0, 61, 100
7, 83, 0, 66, 99
7, 24, 0, 69, 100
7, 23, 0, 69, 100
7, 23, 0, 69, 100
7, 14, 0, 71, 100
7, 12, 0, 74, 100
7, 8, 0, 77, 100
7, 8, 0, 77, 100
7, 7, 0, 78, 100
7, 5, 0, 81, 100
7, 5, 0, 82, 100
7, 5, 0, 83, 100
7, 4, 0, 84, 100
7, 4, 0, 85, 100
7, 4, 0, 86, 100
7, 4, 0, 87, 100
7, 4, 0, 87, 100
7, 3, 0, 87, 99
7, 3, 0, 87, 99
7, 3, 0, 87, 99
7, 5, 0, 85, 99
7, 5, 0, 85, 99
7, 5, 0, 84, 99
7, 7, 0, 83, 99
7, 6, 0, 84, 99
7, 0, 0, 0, 99
7, 0, 0, 0, 99
7, 0, 0, 0, 98
7, 0, 0, 0, 98
7, 0, 0, 0, 98
7, 0, 0, 0, 0
6, 0, 0, 0, 0
6, 0, 0, 0, 0
6, 0, 0, 0, 0
5, 0, 0, 0, 0
6, 0, 0, 0, 0
5, 0, 0, 1, 0
6, 0, 0, 1, 0
5, 0, 0, 1, 0
5, 0, 0, 1, 0
5, 0, 0, 1, 0
5, 0, 0, 1, 0
5, 0, 0, 1, 0
5, 0, 0, 1, 0
5, 0, 0, 1, 0
6, 0, 0, 0, 0
5, 0, 0, 0, 0
6, 0, 0, 0, 0
6, 0, 0, 0, 0
6, 0, 0, 0, 0
6, 0, 0, 0, 0
6, 0, 0, 0, 0
6, 0, 0, 0, 0
6, 0, 0, 0, 0
6, 0, 0, 0, 0
6, 0, 0, 0, 0
6, 0, 0, 0, 0
6, 0, 0, 0, 0
6, 0, 0, 0, 0
6, 0, 0, 0, 0
6, 0, 0, 0, 0
6, 0, 0, 0, 0
6, 0, 0, 0, 0
6, 0, 0, 0, 0
6, 0, 0, 0, 0
6, 0, 0, 0, 0
6, 0, 0, 0, 0
6, 0, 0, 0, 0
6, 0, 0, 0, 0
6, 0, 0, 0, 0
6, 0, 0, 0, 0
6, 0, 0, 0, 0
6, 0, 0, 0, 0
6, 0, 0, 0, 0
6, 0, 0, 0, 0
6, 0, 0, 0, 0
6, 0, 0, 0, 0
6, 0, 0, 0, 0
6, 0, 0, 0, 0
6, 0, 0, 0, 0
6, 0, 0, 0, 0
6, 0, 0, 0, 0
6, 0, 0, 0, 0
6, 0, 0, 0, 0
6, 0, 0, 0, 0
6, 0, 0, 0, 0
6, 0, 0, 0, 0
6, 0, 0, 0, 0
6, 0, 0, 0, 0
6, 0, 0, 0, 0
6, 0, 0, 0, 0
6, 0, 0, 0, 0
5, 0, 0, 0, 0
6, 0, 0, 0, 0
6, 0, 0, 0, 0
6, 0, 0, 0, 0
6, 0, 0, 0, 0
6, 0, 0, 0, 0
6, 0, 0, 0, 0
6, 0, 0, 0, 0
6, 0, 0, 0, 0
6, 0, 0, 0, 0
6, 0, 0, 0, 0
6, 0, 0, 0, 0
6, 0, 0, 0, 0
6, 0, 0, 0, 0
6, 0, 0, 0, 0
6, 0, 0, 0, 0
6, 0, 0, 0, 0
6, 0, 0, 0, 0
6, 0, 0, 0, 0
6, 0, 0, 0, 0
6, 0, 0, 0, 0
6, 0, 0, 0, 0
6, 0, 0, 0, 0
6, 0, 0, 0, 0
5, 0, 0, 0, 0
88, 2, 68, 1, 2
88, 2, 73, 2, 92
96, 2, 76, 2, 93
99, 2, 78, 2, 93
99, 2, 84, 2, 93
99, 2, 84, 2, 93
99, 2, 83, 2, 93
99, 2, 81, 2, 93
99, 2, 81, 2, 93
99, 2, 80, 2, 93
98, 2, 80, 2, 93
99, 2, 80, 2, 93
99, 2, 80, 2, 93
99, 2, 80, 2, 93
99, 2, 81, 2, 93
99, 2, 83, 2, 93
99, 2, 84, 2, 93
99, 2, 85, 2, 93
99, 2, 83, 2, 93
99, 2, 83, 2, 93
99, 2, 84, 2, 93
99, 2, 84, 2, 93
99, 2, 84, 2, 93
99, 2, 86, 2, 93
99, 2, 87, 2, 93
99, 2, 88, 2, 93
99, 2, 90, 1, 93
99, 2, 90, 1, 93
99, 2, 90, 1, 93
99, 2, 90, 1, 93
99, 2, 91, 1, 93
99, 2, 91, 1, 93
99, 2, 91, 1, 93
99, 2, 91, 1, 93
99, 2, 92, 1, 94
99, 2, 92, 1, 94
99, 2, 92, 1, 94
99, 2, 92, 1, 94
99, 98, 93, 1, 94
99, 98, 93, 1, 94
99, 98, 93, 1, 94
99, 98, 93, 1, 94
98, 98, 90, 1, 94
96, 98, 90, 1, 94
99, 99, 88, 1, 94
99, 99, 88, 1, 94
99, 99, 88, 1, 94
99, 99, 92, 0, 94
99, 99, 92, 0, 94
99, 99, 92, 0, 94
99, 99, 91, 0, 94
99, 99, 90, 0, 94
99, 100, 89, 0, 94
99, 99, 87, 0, 94
91, 100, 84, 0, 99
91, 100, 84, 0, 99
91, 99, 84, 0, 99
90, 99, 83, 0, 99
89, 99, 81, 0, 99
89, 100, 77, 0, 99
87, 99, 76, 0, 99
87, 100, 74, 0, 99
87, 100, 74, 0, 99
86, 99, 72, 0, 99
84, 99, 72, 0, 99
75, 99, 71, 0, 99
7, 99, 71, 0, 99
7, 99, 71, 0, 99
7, 99, 69, 0, 99
7, 99, 68, 0, 100
7, 99, 68, 0, 99
7, 99, 58, 0, 99
7, 99, 57, 0, 99
7, 99, 57, 0, 99
7, 99, 57, 0, 99
7, 99, 57, 0, 99
7, 99, 52, 2, 99
7, 99, 50, 3, 100
7, 99, 50, 3, 99
7, 97, 0, 4, 100
7, 94, 0, 6, 100
7, 90, 0, 12, 99
7, 81, 0, 62, 100
6, 24, 0, 64, 100
7, 15, 0, 70, 100
7, 15, 0, 70, 99
7, 8, 0, 73, 99
7, 8, 0, 73, 99
7, 7, 0, 76, 100
7, 6, 0, 79, 99
7, 5, 0, 81, 100
7, 4, 0, 83, 100
7, 3, 0, 85, 99
7, 3, 0, 86, 100
7, 3, 0, 86, 100
7, 2, 0, 88, 100
7, 2, 0, 88, 100
7, 2, 0, 88, 100
7, 2, 0, 88, 99
7, 2, 0, 89, 99
7, 2, 0, 89, 99
7, 2, 0, 89, 99
7, 2, 0, 90, 99
7, 1, 0, 89, 99
6, 2, 0, 89, 99
7, 2, 0, 89, 100
7, 2, 0, 89, 99
6, 2, 0, 89, 99
7, 3, 0, 89, 99
6, 3, 0, 89, 99
6, 3, 0, 88, 99
6, 4, 0, 88, 99
6, 4, 0, 88, 99
6, 4, 0, 88, 99
5, 5, 0, 87, 0
5, 5, 0, 87, 0
5, 7, 0, 85, 0
5, 7, 0, 84, 0
5, 6, 0, 0, 0
5, 6, 0, 0, 0
5, 2, 0, 0, 0
5, 0, 0, 0, 0
5, 0, 0, 0, 0
5, 0, 0, 0, 0
5, 0, 0, 0, 0
5, 0, 0, 0, 0
5, 0, 0, 0, 0
5, 0, 0, 1, 0
5, 0, 0, 1, 0
5, 0, 0, 1, 0
5, 0, 0, 1, 0
5, 0, 0, 1, 0
7, 3, 0, 89, 100
7, 3, 0, 90, 99
7, 3, 0, 90, 100
7, 2, 0, 91, 100
7, 2, 0, 91, 100
7, 1, 0, 92, 100
7, 1, 0, 92, 99
7, 0, 0, 93, 99
7, 0, 0, 93, 100
7, 0, 0, 93, 99
7, 0, 0, 93, 100
7, 0, 0, 94, 99
7, 0, 0, 94, 99
7, 0, 0, 94, 99
7, 0, 0, 95, 100
7, 0, 0, 95, 100
7, 0, 0, 95, 99
7, 0, 0, 95, 99
7, 0, 0, 95, 100
7, 0, 0, 95, 99
7, 0, 0, 95, 100
7, 0, 0, 95, 100
7, 0, 0, 94, 99
7, 0, 0, 94, 99
7, 0, 0, 92, 99
7, 1, 0, 90, 99
7, 1, 0, 90, 99
7, 3, 0, 89, 99
7, 3, 0, 88, 99
7, 4, 0, 88, 99
6, 5, 0, 86, 0
6, 5, 0, 86, 0
6, 5, 0, 85, 0
6, 7, 0, 84, 0
6, 7, 0, 69, 0
6, 0, 0, 0, 0
6, 0, 0, 0, 0
6, 0, 0, 0, 0
6, 0, 0, 0, 0
6, 0, 0, 0, 0
6, 0, 0, 0, 0
6, 0, 0, 0, 0
6, 0, 0, 0, 0
6, 0, 63, 0, 0
6, 0, 63, 0, 0
6, 0, 63, 0, 0
6, 0, 63, 0, 0
6, 0, 0, 0, 0
6, 0, 0, 0, 0
6, 0, 0, 0, 0
6, 0, 0, 0, 0
6, 0, 0, 0, 0
6, 0, 0, 0, 0
6, 0, 0, 0, 0
6, 0, 0, 0, 0
6, 0, 0, 0, 0
6, 0, 0, 0, 0
6, 0, 0, 0, 0
6, 0, 0, 0, 0
88, 2, 76, 1, 2
88, 2, 75, 1, 92
92, 2, 76, 2, 93
94, 2, 78, 2, 93
94, 2, 77, 2, 93
95, 2, 77, 2, 93
95, 2, 76, 2, 93
94, 2, 76, 2, 93
94, 2, 76, 2, 93
94, 2, 76, 2, 93
94, 2, 76, 2, 93
94, 2, 76, 2, 93
94, 2, 76, 2, 93
94, 2, 76, 2, 93
94, 2, 76, 2, 93
95, 2, 78, 2, 93
96, 2, 79, 2, 93
96, 2, 79, 2, 93
97, 2, 81, 2, 93
99, 2, 80, 2, 93
99, 2, 82, 2, 93
99, 2, 84, 2, 93
99, 2, 83, 2, 93
99, 2, 84, 2, 93
99, 2, 84, 2, 93
99, 2, 85, 2, 93
99, 2, 85, 2, 93
99, 2, 85, 2, 93
99, 2, 85, 2, 93
99, 2, 86, 2, 93
99, 2, 86, 2, 93
99, 2, 86, 2, 93
99, 2, 86, 2, 93
99, 2, 86, 2, 93
99, 2, 86, 1, 93
99, 2, 86, 1, 93
99, 2, 86, 1, 93
99, 2, 87, 1, 94
99, 2, 87, 1, 94
99, 2, 88, 1, 94
99, 2, 88, 1, 94
99, 2, 88, 1, 94
99, 2, 89, 1, 94
99, 2, 89, 1, 94
99, 2, 89, 1, 94
99, 2, 89, 1, 94
99, 97, 89, 1, 94
99, 98, 90, 1, 94
99, 98, 90, 1, 94
99, 98, 90, 1, 94
97, 98, 90, 1, 94
95, 99, 90, 1, 94
95, 99, 90, 1, 94
93, 99, 89, 1, 94
93, 99, 88, 1, 94
93, 99, 86, 1, 99
92, 99, 85, 2, 99
92, 99, 84, 2, 99
99, 99, 82, 2, 99
99, 99, 81, 3, 99
99, 98, 81, 3, 99
99, 87, 78, 6, 99
99, 87, 78, 6, 99
99, 59, 74, 80, 99
98, 50, 73, 82, 99
98, 44, 73, 83, 99
97, 29, 72, 86, 100
97, 29, 72, 86, 100
8, 3, 71, 90, 100
7, 2, 60, 92, 100
7, 1, 59, 92, 100
7, 0, 52, 94, 100
7, 0, 52, 94, 100
7, 0, 52, 94, 100
7, 0, 0, 95, 100
7, 0, 0, 95, 99
7, 0, 0, 96, 100
7, 0, 0, 96, 100
7, 0, 0, 96, 100
7, 0, 0, 96, 99
7, 0, 0, 96, 100
7, 0, 0, 96, 99
7, 0, 0, 95, 100
7, 0, 0, 95, 100
7, 0, 0, 95, 100
7, 0, 0, 95, 100
7, 0, 0, 95, 100
7, 0, 0, 95, 100
7, 0, 0, 95, 100
7, 0, 0, 95, 100
7, 0, 0, 95, 100
7, 0, 0, 95, 100
7, 0, 0, 95, 100
7, 0, 0, 95, 100
7, 0, 0, 95, 100
7, 0, 0, 94, 100
7, 0, 0, 94, 100
7, 0, 0, 94, 99
7, 0, 0, 94, 99
7, 0, 0, 94, 100
7, 0, 0, 93, 99
7, 0, 0, 91, 100
7, 0, 0, 90, 99
7, 1, 0, 89, 99
7, 2, 0, 89, 99
7, 2, 0, 88, 99
7, 5, 0, 88, 99
7, 5, 0, 88, 0
6, 7, 0, 84, 0
6, 7, 0, 84, 0
6, 7, 0, 83, 0
6, 14, 0, 0, 0
6, 14, 0, 0, 0
6, 0, 0, 0, 0
6, 0, 0, 0, 0
6, 0, 0, 0, 0
6, 0, 0, 0, 0
6, 0, 0, 0, 0
6, 0, 0, 0, 0
6, 0, 0, 0, 0
6, 0, 0, 0, 0
6, 0, 63, 0, 0
6, 0, 63, 0, 0
6, 0, 63, 0, 0
6, 0, 63, 0, 0
6, 0, 0, 0, 0
6, 0, 0, 0, 0
6, 0, 0, 0, 0
6, 0, 0, 0, 0
6, 0, 0, 0, 0
6, 0, 0, 0, 0
6, 0, 0, 0, 0
6, 0, 0, 0, 0
6, 0, 0, 0, 0
6, 0, 0, 0, 0
6, 0, 0, 0, 0
6, 0, 0, 0, 0
6, 0, 0, 0, 0
6, 0, 0, 0, 0
6, 0, 0, 0, 0
6, 0, 0, 0, 0
6, 0, 0, 0, 0
6, 0, 0, 0, 0
6, 0, 0, 0, 0
6, 0, 0, 0, 0
6, 0, 0, 0, 0
6, 0, 0, 0, 0
