90, 99, 96, 0, 98
90, 100, 96, 0, 98
90, 99, 96, 0, 98
90, 99, 96, 0, 98
90, 100, 96, 0, 98
90, 99, 96, 0, 98
90, 99, 96, 0, 98
90, 99, 96, 0, 98
90, 100, 96, 0, 98
90, 99, 96, 0, 98
91, 100, 96, 0, 98
91, 100, 96, 0, 98
91, 100, 96, 0, 98
91, 100, 96, 0, 98
91, 99, 96, 0, 98
91, 99, 96, 0, 98
91, 99, 96, 0, 98
91, 99, 96, 0, 98
91, 99, 96, 0, 98
91, 99, 96, 0, 98
91, 100, 96, 0, 98
91, 99, 96, 0, 98
91, 99, 96, 0, 98
91, 99, 96, 0, 98
91, 99, 96, 0, 98
91, 99, 96, 0, 98
91, 99, 96, 0, 98
91, 100, 96, 0, 98
91, 100, 96, 0, 98
91, 99, 96, 0, 98
91, 99, 96, 0, 98
91, 99, 96, 0, 98
91, 99, 96, 0, 98
91, 99, 96, 0, 98
91, 100, 96, 0, 98
91, 100, 96, 0, 98
91, 100, 96, 0, 98
91, 99, 96, 0, 98
91, 99, 96, 0, 98
91, 99, 96, 0, 99
91, 99, 96, 0, 98
91, 100, 96, 0, 99
91, 100, 96, 0, 98
91, 99, 96, 0, 98
91, 100, 96, 0, 99
91, 100, 96, 0, 99
91, 100, 96, 0, 99
91, 99, 96, 0, 99
91, 99, 96, 0, 99
91, 99, 96, 0, 99
91, 99, 96, 0, 99
91, 99, 96, 0, 99
91, 99, 96, 0, 99
91, 100, 96, 0, 99
91, 99, 96, 0, 99
91, 99, 96, 0, 99
91, 99, 96, 0, 99
91, 99, 96, 0, 99
91, 99, 96, 0, 99
91, 99, 96, 0, 99
91, 99, 96, 0, 99
91, 99, 96, 0, 99
91, 100, 96, 0, 99
91, 100, 96, 0, 99
91, 99, 96, 0, 99
91, 99, 96, 0, 99
91, 100, 96, 0, 99
91, 99, 96, 0, 99
91, 99, 96, 0, 99
91, 99, 96, 0, 99
91, 99, 96, 0, 99
91, 100, 96, 0, 99
91, 99, 96, 0, 99
91, 99, 96, 0, 99
91, 99, 96, 0, 99
91, 99, 96, 0, 99
91, 99, 96, 0, 99
91, 99, 96, 0, 99
91, 99, 96, 0, 99
91, 99, 96, 0, 99
91, 99, 96, 0, 99
91, 99, 96, 0, 99
91, 99, 96, 0, 98
92, 99, 96, 0, 98
91, 100, 96, 0, 98
91, 99, 96, 0, 98
92, 99, 96, 0, 98
92, 100, 96, 0, 98
92, 99, 96, 0, 98
92, 99, 96, 0, 98
92, 99, 96, 0, 98
92, 100, 96, 0, 98
92, 99, 96, 0, 98
92, 99, 96, 0, 98
92, 100, 96, 0, 98
92, 100, 96, 0, 98
92, 100, 96, 0, 98
92, 99, 96, 0, 98
92, 99, 96, 0, 98
92, 99, 96, 0, 98
92, 100, 96, 0, 96
92, 100, 96, 0, 94
92, 99, 96, 0, 94
92, 100, 96, 0, 94
92, 100, 96, 0, 94
92, 99, 96, 0, 94
92, 99, 96, 0, 94
93, 99, 96, 0, 94
93, 100, 96, 0, 94
93, 99, 96, 0, 94
94, 99, 96, 0, 94
94, 99, 96, 0, 94
94, 99, 96, 0, 94
94, 99, 96, 0, 94
94, 99, 96, 0, 94
94, 99, 96, 0, 94
94, 100, 96, 0, 94
94, 99, 96, 0, 94
94, 99, 96, 0, 94
94, 99, 96, 0, 94
94, 99, 96, 0, 94
94, 99, 96, 0, 94
94, 99, 96, 0, 94
94, 100, 96, 0, 94
94, 100, 96, 0, 94
94, 100, 96, 0, 94
94, 99, 96, 0, 94
94, 99, 96, 0, 94
94, 100, 96, 0, 94
94, 99, 96, 0, 94
94, 99, 96, 0, 94
94, 99, 96, 0, 94
94, 99, 96, 0, 94
94, 99, 96, 0, 94
94, 99, 96, 0, 94
94, 99, 96, 0, 94
94, 99, 96, 0, 94
94, 99, 96, 0, 94
94, 99, 96, 0, 94
94, 99, 96, 0, 94
94, 99, 96, 0, 94
94, 99, 96, 0, 94
94, 100, 96, 0, 94
94, 100, 96, 0, 94
94, 99, 96, 0, 94
94, 99, 96, 0, 94
94, 99, 96, 0, 94
94, 99, 96, 0, 94
94, 99, 96, 0, 94
94, 100, 96, 0, 94
95, 99, 96, 0, 94
95, 99, 96, 0, 94
94, 99, 96, 0, 94
94, 100, 96, 0, 94
94, 99, 96, 0, 94
94, 99, 96, 0, 94
94, 99, 96, 0, 94
94, 99, 96, 0, 94
95, 99, 96, 0, 94
94, 100, 96, 0, 94
94, 99, 96, 0, 94
94, 100, 96, 0, 94
94, 99, 96, 0, 94
94, 99, 96, 0, 94
94, 99, 96, 0, 94
94, 99, 96, 0, 94
94, 100, 96, 0, 94
94, 99, 96, 0, 94
94, 99, 96, 0, 94
94, 99, 96, 0, 94
94, 99, 96, 0, 94
94, 100, 96, 0, 94
94, 99, 96, 0, 94
94, 100, 96, 0, 94
94, 99, 96, 0, 94
94, 99, 96, 0, 94
94, 99, 96, 0, 94
94, 100, 96, 0, 94
94, 99, 96, 0, 94
94, 99, 96, 0, 94
94, 99, 96, 0, 94
94, 99, 96, 0, 94
94, 99, 96, 0, 94
94, 99, 96, 0, 94
94, 99, 96, 0, 94
94, 99, 96, 0, 94
94, 99, 96, 0, 94
94, 99, 96, 0, 94
94, 99, 96, 0, 94
94, 99, 96, 0, 94
94, 99, 96, 0, 94
94, 100, 96, 0, 94
94, 99, 96, 0, 94
94, 99, 96, 0, 94
94, 99, 96, 0, 94
94, 100, 96, 0, 94
94, 99, 96, 0, 94
94, 100, 96, 0, 94
94, 99, 96, 0, 94
94, 99, 96, 0, 94
94, 99, 96, 0, 94
94, 100, 96, 0, 94
94, 99, 96, 0, 94
94, 99, 96, 0, 94
94, 99, 96, 0, 94
94, 100, 96, 0, 94
94, 100, 96, 0, 94
94, 100, 96, 0, 94
94, 100, 96, 0, 94
94, 99, 96, 0, 94
94, 100, 96, 0, 94
94, 100, 96, 0, 94
94, 99, 96, 0, 94
94, 99, 96, 0, 94
94, 99, 96, 0, 94
94, 99, 96, 0, 94
94, 99, 96, 0, 94
94, 99, 96, 0, 94
94, 100, 96, 0, 94
94, 100, 96, 0, 94
94, 99, 96, 0, 94
94, 99, 96, 0, 94
94, 100, 96, 0, 94
94, 99, 96, 0, 94
94, 99, 96, 0, 94
94, 99, 96, 0, 94
94, 99, 96, 0, 94
94, 99, 96, 0, 94
94, 99, 96, 0, 94
94, 100, 96, 0, 94
94, 100, 96, 0, 94
94, 100, 96, 0, 94
94, 100, 96, 0, 94
94, 100, 96, 0, 94
94, 100, 96, 0, 94
94, 99, 96, 0, 94
94, 99, 96, 0, 94
94, 99, 96, 0, 94
94, 100, 96, 0, 94
94, 100, 96, 0, 94
94, 100, 96, 0, 94
94, 100, 96, 0, 94
94, 100, 96, 0, 94
94, 100, 96, 0, 94
94, 99, 96, 0, 94
94, 100, 96, 0, 94
94, 99, 96, 0, 94
94, 100, 96, 0, 94
94, 100, 96, 0, 94
94, 99, 96, 0, 94
94, 100, 96, 0, 94
94, 100, 96, 0, 94
94, 99, 96, 0, 94
94, 99, 96, 0, 94
94, 100, 96, 0, 94
94, 100, 96, 0, 94
94, 100, 96, 0, 94
94, 100, 96, 0, 94
94, 100, 96, 0, 94
94, 99, 96, 0, 94
94, 99, 96, 0, 94
94, 99, 96, 0, 94
94, 100, 96, 0, 94
94, 100, 96, 0, 94
94, 100, 96, 0, 94
94, 99, 96, 0, 94
94, 100, 96, 0, 94
94, 99, 96, 0, 94
94, 100, 96, 0, 94
94, 99, 96, 0, 94
94, 99, 96, 0, 94
94, 100, 96, 0, 94
94, 100, 96, 0, 94
94, 100, 96, 0, 94
94, 99, 96, 0, 94
94, 99, 96, 0, 94
94, 100, 96, 0, 94
94, 100, 96, 0, 94
94, 100, 96, 0, 94
94, 100, 96, 0, 94
94, 99, 96, 0, 94
94, 100, 96, 0, 94
94, 100, 96, 0, 94
94, 100, 96, 0, 94
94, 100, 96, 0, 94
94, 100, 96, 0, 94
94, 100, 96, 0, 94
94, 100, 96, 0, 94
94, 100, 96, 0, 94
94, 100, 96, 0, 94
94, 99, 96, 0, 94
94, 100, 96, 0, 94
94, 100, 96, 0, 94
94, 100, 96, 0, 94
94, 100, 96, 0, 94
94, 100, 96, 0, 94
94, 100, 96, 0, 94
94, 100, 96, 0, 94
94, 100, 96, 0, 94
94, 100, 96, 0, 94
94, 99, 96, 0, 94
94, 100, 96, 0, 94
94, 100, 96, 0, 94
94, 100, 96, 0, 94
94, 99, 96, 0, 94
94, 100, 96, 0, 94
94, 100, 96, 0, 94
94, 100, 96, 0, 94
94, 100, 96, 0, 94
94, 100, 96, 0, 94
94, 100, 96, 0, 94
94, 100, 96, 0, 94
94, 99, 96, 0, 94
94, 100, 96, 0, 94
94, 100, 96, 0, 94
94, 100, 96, 0, 94
94, 100, 96, 0, 94
94, 100, 96, 0, 94
94, 100, 96, 0, 94
94, 100, 96, 0, 94
94, 100, 96, 0, 94
94, 100, 96, 0, 94
94, 100, 96, 0, 94
94, 100, 96, 0, 94
94, 99, 96, 0, 94
94, 100, 96, 0, 94
94, 100, 96, 0, 94
94, 100, 96, 0, 94
94, 99, 96, 0, 94
94, 100, 96, 0, 94
94, 100, 96, 0, 94
94, 100, 96, 0, 94
94, 99, 96, 0, 94
94, 100, 96, 0, 94
94, 100, 96, 0, 94
94, 99, 96, 0, 94
94, 99, 96, 0, 94
95, 99, 95, 0, 94
95, 99, 96, 0, 94
95, 100, 95, 0, 94
95, 100, 96, 0, 94
95, 100, 96, 0, 94
95, 100, 95, 0, 94
95, 100, 95, 0, 94
95, 100, 95, 0, 94
95, 99, 95, 0, 94
95, 99, 95, 0, 94
95, 99, 95, 0, 94
95, 100, 95, 0, 94
95, 99, 95, 0, 94
95, 99, 95, 0, 94
95, 100, 95, 0, 94
95, 99, 95, 0, 94
95, 99, 95, 0, 94
95, 100, 95, 0, 94
95, 99, 95, 0, 94
95, 100, 95, 0, 94
95, 99, 95, 0, 94
95, 100, 95, 0, 94
95, 99, 95, 0, 94
95, 100, 95, 0, 94
95, 99, 95, 0, 94
95, 100, 95, 0, 94
95, 100, 95, 0, 94
95, 99, 95, 0, 94
95, 100, 95, 0, 94
95, 99, 95, 0, 94
95, 100, 95, 0, 94
95, 99, 95, 0, 94
95, 99, 95, 0, 94
95, 99, 95, 0, 94
95, 99, 95, 0, 94
95, 100, 95, 0, 94
95, 100, 95, 0, 94
95, 100, 96, 0, 94
95, 100, 96, 0, 94
95, 100, 96, 0, 94
95, 99, 95, 0, 94
95, 100, 96, 0, 94
95, 99, 96, 0, 94
95, 100, 96, 0, 94
95, 100, 96, 0, 94
95, 99, 96, 0, 94
95, 99, 96, 0, 94
95, 99, 96, 0, 94
95, 100, 96, 0, 94
95, 100, 96, 0, 94
95, 100, 96, 0, 94
95, 100, 96, 0, 94
95, 99, 96, 0, 94
95, 100, 96, 0, 94
95, 99, 96, 0, 94
95, 99, 96, 0, 94
95, 99, 96, 0, 94
95, 99, 96, 0, 94
95, 99, 96, 0, 94
95, 100, 96, 0, 94
95, 100, 96, 0, 94
95, 99, 96, 0, 94
95, 99, 96, 0, 94
95, 99, 96, 0, 94
95, 100, 96, 0, 94
95, 99, 96, 0, 94
95, 100, 96, 0, 94
95, 100, 96, 0, 94
95, 99, 96, 0, 94
95, 99, 96, 0, 94
95, 99, 96, 0, 94
95, 99, 96, 0, 94
95, 99, 96, 0, 94
95, 99, 96, 0, 94
95, 99, 96, 0, 94
95, 99, 96, 0, 94
95, 99, 96, 0, 94
95, 99, 96, 0, 94
95, 99, 96, 0, 94
95, 99, 96, 0, 94
95, 99, 96, 0, 94
95, 99, 96, 0, 94
95, 100, 96, 0, 98
95, 99, 96, 0, 98
95, 99, 96, 0, 98
95, 99, 96, 0, 98
95, 99, 96, 0, 99
95, 99, 96, 0, 99
95, 99, 96, 0, 99
95, 99, 96, 0, 99
95, 99, 96, 0, 99
95, 99, 96, 0, 99
95, 99, 96, 0, 99
95, 99, 96, 0, 99
95, 99, 96, 0, 99
95, 99, 96, 0, 99
95, 99, 96, 0, 99
95, 99, 96, 0, 99
95, 99, 96, 0, 99
95, 99, 96, 0, 99
95, 99, 96, 0, 99
95, 99, 96, 0, 99
95, 99, 96, 0, 99
95, 100, 96, 0, 99
95, 99, 96, 0, 99
95, 100, 96, 0, 99
95, 100, 96, 0, 99
95, 100, 96, 0, 99
95, 99, 96, 0, 99
95, 100, 96, 0, 99
95, 100, 96, 0, 99
95, 99, 96, 0, 99
95, 100, 96, 0, 99
95, 99, 96, 0, 99
95, 99, 96, 0, 99
95, 99, 96, 0, 99
95, 99, 96, 0, 99
95, 99, 96, 0, 99
95, 99, 96, 0, 99
95, 99, 96, 0, 99
95, 99, 96, 0, 99
95, 99, 96, 0, 99
95, 99, 96, 0, 99
95, 99, 96, 0, 98
95, 99, 96, 0, 98
95, 99, 96, 0, 98
95, 99, 96, 0, 98
95, 99, 96, 0, 98
95, 99, 96, 0, 98
95, 99, 96, 0, 98
95, 99, 96, 0, 98
95, 99, 96, 0, 98
95, 99, 96, 0, 98
95, 99, 96, 0, 98
95, 99, 96, 0, 98
95, 99, 96, 0, 98
95, 99, 96, 0, 98
95, 100, 96, 0, 98
96, 99, 96, 0, 98
96, 100, 96, 0, 98
95, 99, 96, 0, 98
96, 99, 96, 0, 98
96, 99, 96, 0, 98
96, 99, 96, 0, 98
96, 100, 96, 0, 98
96, 99, 96, 0, 98
96, 99, 96, 0, 98
95, 99, 96, 0, 94
96, 100, 96, 0, 94
96, 100, 96, 0, 94
96, 99, 96, 0, 94
96, 99, 96, 0, 94
96, 99, 96, 0, 94
95, 99, 96, 0, 94
96, 99, 96, 0, 94
96, 99, 96, 0, 94
96, 99, 96, 0, 94
96, 99, 96, 0, 94
96, 99, 96, 0, 94
96, 99, 96, 0, 94
96, 100, 96, 0, 94
96, 99, 96, 0, 94
96, 99, 96, 0, 94
96, 99, 96, 0, 94
96, 99, 96, 0, 94
96, 99, 96, 0, 94
96, 99, 96, 0, 94
96, 99, 96, 0, 94
96, 99, 96, 0, 94
96, 99, 96, 0, 94
96, 99, 96, 0, 94
96, 99, 96, 0, 94
96, 99, 96, 0, 94
96, 99, 96, 0, 94
96, 99, 96, 0, 94
96, 100, 96, 0, 94
96, 99, 96, 0, 94
96, 99, 96, 0, 94
96, 99, 96, 0, 94
96, 100, 96, 0, 94
96, 99, 96, 0, 94
96, 99, 96, 0, 94
96, 99, 96, 0, 94
96, 99, 96, 0, 94
96, 99, 96, 0, 94
96, 99, 96, 0, 94
96, 99, 96, 0, 94
96, 99, 96, 0, 94
96, 99, 96, 0, 94
96, 100, 96, 0, 94
96, 99, 96, 0, 94
96, 99, 96, 0, 94
96, 99, 96, 0, 94
96, 99, 96, 0, 94
96, 99, 96, 0, 94
96, 99, 96, 0, 94
96, 99, 96, 0, 94
96, 99, 96, 0, 94
96, 99, 96, 0, 94
96, 99, 96, 0, 94
96, 99, 96, 0, 94
96, 100, 96, 0, 94
96, 99, 96, 0, 94
96, 99, 96, 0, 94
96, 99, 96, 0, 94
96, 99, 96, 0, 94
96, 99, 96, 0, 94
96, 99, 96, 0, 94
96, 100, 96, 0, 94
96, 99, 96, 0, 94
96, 99, 96, 0, 94
96, 100, 96, 0, 94
96, 99, 96, 0, 94
96, 99, 96, 0, 94
96, 99, 96, 0, 94
96, 99, 96, 0, 94
96, 99, 96, 0, 94
96, 99, 96, 0, 94
96, 99, 96, 0, 94
96, 99, 96, 0, 94
96, 99, 96, 0, 94
95, 99, 96, 0, 94
96, 99, 96, 0, 94
96, 99, 96, 0, 94
96, 100, 96, 0, 94
96, 99, 96, 0, 94
96, 99, 96, 0, 94
96, 99, 96, 0, 94
96, 99, 96, 0, 94
96, 100, 96, 0, 94
96, 99, 96, 0, 94
96, 99, 96, 0, 94
96, 100, 96, 0, 94
96, 99, 96, 0, 94
96, 99, 96, 0, 94
96, 99, 96, 0, 94
96, 100, 96, 0, 94
96, 99, 96, 0, 94
96, 99, 96, 0, 94
96, 99, 96, 0, 94
96, 100, 96, 0, 94
96, 99, 96, 0, 94
96, 100, 96, 0, 94
96, 99, 96, 0, 94
96, 99, 96, 0, 94
96, 99, 96, 0, 94
96, 100, 96, 0, 94
96, 100, 96, 0, 94
96, 99, 96, 0, 94
96, 99, 96, 0, 94
96, 99, 96, 0, 94
96, 99, 96, 0, 94
96, 99, 96, 0, 94
96, 99, 96, 0, 94
96, 99, 96, 0, 94
96, 99, 96, 0, 94
96, 100, 96, 0, 94
96, 100, 96, 0, 94
96, 99, 96, 0, 94
96, 99, 96, 0, 94
96, 99, 96, 0, 94
96, 99, 96, 0, 94
96, 99, 96, 0, 94
96, 99, 96, 0, 94
96, 99, 96, 0, 94
96, 99, 96, 0, 94
96, 99, 96, 0, 94
96, 99, 96, 0, 94
96, 99, 96, 0, 94
96, 99, 96, 0, 94
96, 99, 96, 0, 94
96, 99, 96, 0, 94
95, 99, 96, 0, 94
96, 99, 96, 0, 94
95, 99, 96, 0, 94
95, 100, 96, 0, 94
95, 99, 96, 0, 94
95, 99, 96, 0, 94
95, 99, 96, 0, 94
95, 99, 96, 0, 94
95, 100, 96, 0, 94
95, 99, 96, 0, 94
95, 99, 96, 0, 94
95, 99, 96, 0, 94
96, 99, 96, 0, 94
95, 99, 96, 0, 94
95, 99, 96, 0, 94
95, 99, 96, 0, 94
95, 99, 96, 0, 94
95, 99, 96, 0, 94
95, 99, 96, 0, 94
95, 99, 96, 0, 94
95, 99, 96, 0, 94
95, 99, 96, 0, 94
95, 99, 96, 0, 94
95, 99, 96, 0, 94
95, 99, 96, 0, 94
95, 99, 96, 0, 94
95, 99, 96, 0, 94
95, 99, 96, 0, 94
95, 100, 96, 0, 94
95, 99, 96, 0, 94
95, 99, 96, 0, 94
95, 100, 96, 0, 94
95, 99, 96, 0, 94
95, 100, 96, 0, 94
95, 99, 96, 0, 94
95, 99, 96, 0, 94
95, 99, 96, 0, 94
95, 99, 96, 0, 94
95, 99, 96, 0, 94
95, 99, 96, 0, 94
95, 100, 96, 0, 94
95, 100, 96, 0, 94
95, 100, 96, 0, 94
95, 99, 96, 0, 94
95, 99, 96, 0, 94
95, 99, 96, 0, 94
95, 99, 96, 0, 94
95, 99, 96, 0, 94
95, 99, 96, 0, 94
95, 99, 96, 0, 94
95, 99, 96, 0, 94
95, 99, 96, 0, 94
95, 99, 96, 0, 94
95, 99, 96, 0, 94
95, 99, 96, 0, 94
95, 100, 96, 0, 94
95, 99, 96, 0, 94
95, 99, 96, 0, 94
95, 99, 96, 0, 94
95, 99, 96, 0, 94
95, 100, 96, 0, 94
95, 100, 96, 0, 94
95, 100, 96, 0, 94
95, 100, 96, 0, 94
95, 99, 96, 0, 94
95, 99, 96, 0, 94
95, 99, 96, 0, 94
95, 99, 96, 0, 94
95, 99, 96, 0, 94
95, 99, 96, 0, 94
95, 99, 96, 0, 94
95, 99, 96, 0, 94
95, 100, 96, 0, 94
95, 100, 96, 0, 94
95, 99, 96, 0, 94
95, 99, 96, 0, 94
95, 99, 96, 0, 94
95, 99, 96, 0, 94
95, 99, 96, 0, 94
95, 99, 96, 0, 94
95, 100, 96, 0, 94
95, 100, 96, 0, 94
95, 99, 96, 0, 94
95, 100, 96, 0, 94
95, 100, 96, 0, 94
95, 100, 96, 0, 94
95, 100, 96, 0, 94
95, 100, 96, 0, 94
95, 99, 96, 0, 94
95, 99, 96, 0, 94
95, 100, 96, 0, 94
95, 100, 96, 0, 94
95, 100, 96, 0, 94
95, 100, 96, 0, 94
95, 99, 96, 0, 94
95, 100, 96, 0, 94
95, 100, 96, 0, 94
95, 100, 96, 0, 94
95, 100, 96, 0, 94
95, 100, 96, 0, 94
95, 99, 96, 0, 94
95, 99, 96, 0, 94
95, 99, 96, 0, 94
95, 99, 96, 0, 94
95, 99, 97, 0, 94
95, 99, 97, 0, 94
95, 99, 97, 0, 94
95, 100, 97, 0, 94
95, 100, 97, 0, 94
95, 99, 97, 0, 94
95, 100, 97, 0, 94
95, 99, 97, 0, 94
95, 99, 97, 0, 94
95, 100, 97, 0, 94
95, 100, 97, 0, 94
95, 99, 97, 0, 94
95, 100, 97, 0, 94
95, 99, 97, 0, 94
95, 100, 97, 0, 94
95, 99, 97, 0, 94
95, 100, 97, 0, 94
95, 100, 97, 0, 94
95, 99, 97, 0, 94
95, 100, 97, 0, 94
95, 100, 97, 0, 94
95, 99, 97, 0, 94
95, 100, 97, 0, 94
95, 99, 97, 0, 94
95, 99, 97, 0, 94
95, 100, 97, 0, 94
95, 100, 97, 0, 94
95, 100, 97, 0, 94
95, 100, 97, 0, 94
95, 100, 97, 0, 94
95, 100, 97, 0, 94
95, 99, 97, 0, 94
95, 99, 97, 0, 94
95, 99, 97, 0, 94
95, 99, 97, 0, 94
95, 99, 97, 0, 94
95, 99, 97, 0, 94
95, 99, 97, 0, 94
95, 99, 97, 0, 94
95, 99, 97, 0, 94
95, 99, 97, 0, 94
95, 99, 97, 0, 94
95, 99, 97, 0, 94
95, 99, 97, 0, 94
95, 99, 97, 0, 94
95, 99, 97, 0, 94
95, 100, 97, 0, 94
95, 99, 97, 0, 94
95, 99, 97, 0, 94
95, 100, 97, 0, 94
95, 99, 97, 0, 94
95, 99, 97, 0, 94
95, 99, 97, 0, 94
95, 99, 97, 0, 94
95, 99, 97, 0, 94
95, 99, 97, 0, 94
95, 100, 97, 0, 94
95, 99, 97, 0, 94
95, 99, 97, 0, 94
95, 99, 97, 0, 94
95, 99, 97, 0, 94
95, 99, 97, 0, 94
95, 99, 97, 0, 94
95, 99, 97, 0, 94
95, 99, 97, 0, 94
95, 99, 97, 0, 94
95, 99, 97, 0, 94
95, 99, 97, 0, 94
95, 99, 97, 0, 94
95, 100, 97, 0, 94
95, 99, 97, 0, 94
95, 99, 97, 0, 94
95, 99, 97, 0, 94
95, 99, 97, 0, 94
95, 99, 97, 0, 94
95, 99, 97, 0, 94
95, 99, 97, 0, 94
95, 99, 97, 0, 94
95, 99, 97, 0, 94
95, 100, 97, 0, 94
95, 99, 97, 0, 94
95, 100, 97, 0, 94
95, 99, 97, 0, 94
95, 99, 97, 0, 94
95, 100, 97, 0, 94
95, 100, 97, 0, 94
95, 100, 97, 0, 94
95, 100, 97, 0, 94
94, 100, 97, 0, 94
94, 100, 97, 0, 94
94, 100, 97, 0, 94
94, 100, 97, 0, 94
94, 100, 97, 0, 94
93, 99, 97, 0, 94
93, 99, 97, 0, 94
93, 100, 97, 0, 94
93, 100, 97, 0, 94
93, 100, 97, 0, 94
93, 99, 97, 0, 94
93, 99, 97, 0, 94
93, 99, 97, 0, 94
93, 99, 97, 0, 94
93, 99, 97, 0, 94
93, 99, 97, 0, 94
93, 99, 97, 0, 94
93, 100, 97, 0, 94
93, 100, 97, 0, 94
93, 100, 97, 0, 94
93, 100, 97, 0, 94
93, 99, 97, 0, 94
93, 99, 97, 0, 94
93, 99, 97, 0, 94
93, 99, 97, 0, 94
93, 99, 97, 0, 94
93, 100, 97, 0, 94
93, 100, 97, 0, 94
93, 100, 97, 0, 94
93, 100, 97, 0, 94
93, 99, 97, 0, 94
93, 100, 97, 0, 94
93, 99, 97, 0, 94
93, 99, 97, 0, 94
93, 99, 97, 0, 94
93, 100, 97, 0, 93
93, 100, 97, 0, 94
93, 99, 97, 0, 94
93, 99, 97, 0, 94
93, 99, 97, 0, 94
93, 99, 97, 0, 94
93, 99, 97, 0, 94
93, 99, 97, 0, 94
93, 99, 97, 0, 94
93, 100, 97, 0, 94
93, 99, 97, 0, 94
93, 99, 97, 0, 94
93, 99, 97, 0, 94
93, 99, 97, 0, 94
93, 99, 97, 0, 94
93, 100, 97, 0, 94
93, 99, 97, 0, 94
93, 100, 97, 0, 94
93, 100, 97, 0, 94
93, 99, 97, 0, 94
93, 99, 97, 0, 94
93, 99, 97, 0, 94
93, 99, 97, 0, 94
93, 99, 97, 0, 94
93, 99, 97, 0, 94
93, 99, 97, 0, 94
93, 99, 97, 0, 94
93, 99, 97, 0, 94
93, 99, 97, 0, 94
93, 100, 97, 0, 94
93, 99, 97, 0, 94
93, 99, 97, 0, 94
93, 99, 97, 0, 94
93, 99, 97, 0, 94
93, 99, 97, 0, 94
93, 100, 97, 0, 94
93, 100, 97, 0, 94
93, 99, 97, 0, 94
93, 99, 97, 0, 94
93, 99, 97, 0, 94
93, 99, 97, 0, 94
93, 99, 97, 0, 94
93, 99, 97, 0, 94
93, 99, 97, 0, 94
93, 99, 97, 0, 94
93, 99, 97, 0, 94
93, 99, 97, 0, 94
93, 99, 97, 0, 94
93, 99, 97, 0, 94
93, 100, 97, 0, 94
93, 99, 97, 0, 94
93, 99, 97, 0, 94
93, 99, 97, 0, 94
93, 99, 97, 0, 94
93, 99, 97, 0, 94
93, 99, 97, 0, 94
93, 99, 97, 0, 94
93, 99, 97, 0, 94
93, 100, 97, 0, 94
93, 99, 97, 0, 94
93, 99, 97, 0, 94
93, 100, 97, 0, 94
93, 99, 97, 0, 94
93, 99, 97, 0, 94
93, 99, 97, 0, 94
93, 99, 97, 0, 94
93, 99, 97, 0, 94
93, 99, 97, 0, 94
93, 99, 97, 0, 94
93, 99, 97, 0, 94
93, 99, 97, 0, 94
93, 99, 97, 0, 94
93, 100, 97, 0, 94
93, 99, 97, 0, 94
93, 99, 97, 0, 94
93, 99, 97, 0, 94
93, 99, 97, 0, 94
93, 99, 97, 0, 94
93, 99, 97, 0, 94
93, 99, 97, 0, 94
93, 99, 97, 0, 94
93, 99, 97, 0, 94
93, 99, 97, 0, 94
93, 99, 97, 0, 94
93, 99, 97, 0, 94
93, 99, 97, 0, 94
93, 100, 97, 0, 94
93, 100, 97, 0, 94
93, 99, 97, 0, 94
93, 99, 97, 0, 94
93, 99, 97, 0, 94
93, 99, 97, 0, 94
93, 99, 97, 0, 94
93, 99, 97, 0, 94
93, 99, 97, 0, 94
93, 99, 97, 0, 94
93, 99, 97, 0, 94
93, 99, 97, 0, 94
93, 99, 97, 0, 94
93, 99, 97, 0, 94
93, 100, 97, 0, 94
93, 100, 97, 0, 94
93, 100, 97, 0, 94
93, 99, 97, 0, 94
93, 99, 97, 0, 94
93, 99, 97, 0, 94
93, 99, 97, 0, 94
93, 100, 97, 0, 94
93, 99, 97, 0, 94
93, 99, 97, 0, 94
93, 100, 97, 0, 94
93, 99, 97, 0, 94
93, 99, 97, 0, 94
93, 99, 97, 0, 94
93, 100, 97, 0, 94
93, 99, 97, 0, 94
93, 99, 97, 0, 94
93, 100, 97, 0, 94
93, 100, 97, 0, 94
93, 100, 97, 0, 94
93, 100, 97, 0, 94
93, 100, 97, 0, 94
93, 99, 97, 0, 94
93, 99, 97, 0, 94
93, 99, 97, 0, 94
93, 99, 97, 0, 94
93, 100, 97, 0, 94
93, 99, 97, 0, 94
93, 99, 97, 0, 94
93, 99, 97, 0, 94
93, 99, 97, 0, 94
93, 99, 97, 0, 94
93, 100, 97, 0, 94
93, 100, 97, 0, 94
93, 99, 97, 0, 94
93, 99, 97, 0, 94
93, 99, 97, 0, 94
93, 99, 97, 0, 94
93, 99, 97, 0, 94
93, 100, 97, 0, 94
93, 100, 97, 0, 94
93, 99, 97, 0, 94
93, 99, 97, 0, 94
93, 99, 97, 0, 94
93, 100, 97, 0, 94
93, 100, 97, 0, 94
93, 100, 97, 0, 94
93, 99, 97, 0, 94
93, 99, 97, 0, 94
93, 100, 97, 0, 94
93, 99, 97, 0, 94
93, 100, 97, 0, 94
93, 99, 97, 0, 94
94, 99, 97, 0, 94
93, 99, 97, 0, 94
93, 100, 97, 0, 94
93, 99, 97, 0, 94
93, 100, 97, 0, 94
93, 99, 97, 0, 94
93, 99, 98, 0, 94
93, 99, 98, 0, 94
93, 100, 97, 0, 94
93, 99, 97, 0, 94
93, 100, 97, 0, 94
93, 99, 97, 0, 94
93, 100, 98, 0, 94
93, 99, 97, 0, 94
93, 99, 97, 0, 94
93, 99, 97, 0, 94
94, 99, 97, 0, 94
94, 100, 97, 0, 94
94, 99, 97, 0, 94
95, 99, 97, 0, 94
95, 99, 97, 0, 94
95, 99, 97, 0, 94
95, 99, 97, 0, 94
95, 99, 97, 0, 94
95, 100, 97, 0, 94
95, 100, 97, 0, 94
95, 100, 97, 0, 94
95, 99, 97, 0, 94
95, 99, 97, 0, 94
95, 100, 97, 0, 94
95, 99, 97, 0, 94
95, 99, 97, 0, 94
95, 100, 97, 0, 94
95, 100, 97, 0, 94
95, 100, 97, 0, 94
95, 99, 97, 0, 94
95, 99, 97, 0, 94
95, 99, 97, 0, 94
95, 99, 97, 0, 94
95, 99, 97, 0, 94
95, 99, 97, 0, 94
95, 100, 97, 0, 94
95, 100, 97, 0, 94
95, 100, 97, 0, 94
95, 100, 97, 0, 94
95, 100, 97, 0, 94
95, 100, 97, 0, 94
95, 100, 97, 0, 94
95, 100, 97, 0, 94
95, 100, 97, 0, 94
95, 99, 97, 0, 94
95, 100, 97, 0, 94
95, 100, 97, 0, 94
95, 100, 97, 0, 94
95, 100, 97, 0, 94
95, 99, 97, 0, 94
95, 100, 97, 0, 94
95, 100, 97, 0, 94
95, 100, 97, 0, 94
95, 100, 97, 0, 94
95, 99, 97, 0, 94
95, 100, 97, 0, 94
95, 100, 97, 0, 94
95, 100, 97, 0, 94
95, 100, 97, 0, 94
95, 100, 97, 0, 94
95, 100, 97, 0, 94
95, 99, 97, 0, 94
95, 99, 97, 0, 94
95, 99, 97, 0, 94
95, 100, 98, 0, 94
95, 100, 97, 0, 94
95, 100, 98, 0, 94
95, 100, 98, 0, 94
95, 100, 97, 0, 94
95, 100, 97, 0, 94
95, 100, 97, 0, 94
95, 99, 98, 0, 94
95, 100, 98, 0, 94
95, 100, 98, 0, 94
95, 100, 98, 0, 94
95, 99, 98, 0, 94
95, 100, 98, 0, 94
95, 99, 98, 0, 94
95, 99, 98, 0, 94
95, 100, 97, 0, 94
95, 100, 98, 0, 94
95, 100, 98, 0, 94
95, 100, 98, 0, 94
95, 100, 98, 0, 94
95, 100, 98, 0, 94
95, 99, 98, 0, 94
95, 100, 98, 0, 94
95, 100, 98, 0, 94
95, 99, 98, 0, 94
95, 100, 98, 0, 94
95, 100, 98, 0, 94
95, 100, 98, 0, 94
95, 100, 98, 0, 94
95, 100, 98, 0, 94
95, 100, 98, 0, 94
95, 99, 98, 0, 94
95, 100, 98, 0, 94
95, 100, 98, 0, 94
95, 100, 98, 0, 94
95, 100, 98, 0, 94
95, 99, 98, 0, 94
95, 100, 98, 0, 94
95, 100, 98, 0, 94
95, 100, 98, 0, 94
95, 100, 98, 0, 94
95, 100, 98, 0, 94
95, 99, 98, 0, 94
95, 99, 98, 0, 94
95, 99, 98, 0, 94
95, 99, 98, 0, 94
95, 100, 98, 0, 94
95, 99, 98, 0, 94
95, 99, 98, 0, 94
95, 100, 98, 0, 94
95, 99, 98, 0, 94
95, 99, 98, 0, 94
95, 99, 98, 0, 94
95, 99, 98, 0, 94
95, 99, 98, 0, 94
95, 100, 98, 0, 94
95, 99, 98, 0, 94
95, 99, 98, 0, 94
95, 99, 98, 0, 94
95, 99, 98, 0, 94
95, 99, 98, 0, 94
95, 99, 98, 0, 94
95, 99, 98, 0, 94
95, 99, 98, 0, 94
95, 99, 98, 0, 94
95, 99, 98, 0, 94
95, 99, 98, 0, 94
95, 100, 98, 0, 94
95, 100, 98, 0, 94
95, 99, 98, 0, 94
95, 100, 98, 0, 94
95, 99, 98, 0, 94
95, 99, 98, 0, 94
95, 100, 98, 0, 94
95, 100, 98, 0, 94
95, 100, 98, 0, 94
95, 99, 98, 0, 94
96, 99, 98, 0, 94
95, 99, 98, 0, 94
96, 99, 98, 0, 94
96, 99, 98, 0, 94
96, 99, 98, 0, 94
96, 99, 98, 0, 94
96, 99, 98, 0, 94
96, 99, 98, 0, 94
96, 99, 98, 0, 94
96, 99, 98, 0, 94
96, 99, 98, 0, 94
96, 99, 98, 0, 94
96, 99, 98, 0, 94
96, 100, 98, 0, 94
96, 99, 98, 0, 94
96, 100, 98, 0, 94
96, 99, 98, 0, 94
96, 99, 98, 0, 94
96, 99, 98, 0, 94
96, 99, 98, 0, 94
96, 99, 98, 0, 94
96, 99, 98, 0, 94
96, 99, 98, 0, 94
96, 99, 98, 0, 94
96, 99, 98, 0, 94
96, 99, 98, 0, 94
95, 99, 98, 0, 94
95, 99, 98, 0, 94
95, 100, 98, 0, 94
95, 99, 98, 0, 94
95, 99, 98, 0, 94
95, 99, 98, 0, 94
95, 99, 98, 0, 94
95, 99, 98, 0, 94
95, 99, 98, 0, 94
95, 99, 98, 0, 94
95, 99, 98, 0, 94
95, 99, 98, 0, 94
95, 99, 98, 0, 94
95, 99, 98, 0, 94
95, 99, 98, 0, 94
95, 99, 98, 0, 94
95, 99, 98, 0, 94
95, 99, 98, 0, 94
95, 100, 98, 0, 94
95, 99, 98, 0, 94
95, 99, 98, 0, 94
95, 99, 98, 0, 94
95, 99, 98, 0, 94
95, 99, 98, 0, 94
95, 99, 98, 0, 94
95, 99, 98, 0, 94
95, 99, 98, 0, 94
95, 99, 98, 0, 94
95, 99, 98, 0, 94
95, 99, 98, 0, 94
95, 99, 98, 0, 94
95, 99, 98, 0, 94
95, 99, 98, 0, 94
95, 99, 98, 0, 94
95, 99, 98, 0, 94
95, 99, 98, 0, 94
95, 99, 98, 0, 94
95, 99, 98, 0, 94
95, 99, 98, 0, 94
95, 99, 98, 0, 94
95, 99, 98, 0, 94
95, 99, 98, 0, 94
95, 99, 98, 0, 94
95, 100, 98, 0, 94
95, 99, 98, 0, 94
95, 99, 98, 0, 94
95, 99, 98, 0, 94
95, 100, 98, 0, 94
95, 99, 98, 0, 94
95, 99, 98, 0, 94
95, 99, 98, 0, 94
95, 99, 98, 0, 94
95, 99, 98, 0, 94
95, 99, 98, 0, 94
95, 99, 98, 0, 94
95, 99, 98, 0, 94
95, 99, 98, 0, 94
95, 99, 98, 0, 94
95, 99, 98, 0, 94
95, 100, 98, 0, 94
95, 99, 98, 0, 94
95, 99, 98, 0, 94
95, 99, 98, 0, 94
95, 100, 98, 0, 94
95, 100, 98, 0, 94
95, 99, 98, 0, 94
95, 99, 98, 0, 94
95, 99, 98, 0, 94
95, 99, 98, 0, 94
95, 99, 98, 0, 94
95, 100, 98, 0, 94
95, 99, 98, 0, 94
95, 99, 98, 0, 94
95, 100, 98, 0, 94
95, 100, 98, 0, 94
95, 99, 98, 0, 94
95, 99, 98, 0, 94
95, 99, 98, 0, 94
95, 99, 98, 0, 94
95, 99, 98, 0, 94
95, 99, 98, 0, 94
95, 99, 98, 0, 94
95, 99, 98, 0, 94
95, 99, 98, 0, 94
95, 99, 98, 0, 94
95, 99, 98, 0, 94
95, 99, 98, 0, 94
95, 100, 98, 0, 94
95, 100, 98, 0, 94
95, 100, 98, 0, 94
95, 99, 98, 0, 94
95, 99, 98, 0, 94
95, 100, 98, 0, 94
95, 100, 98, 0, 94
95, 100, 98, 0, 94
95, 100, 98, 0, 94
95, 100, 98, 0, 94
95, 99, 98, 0, 94
95, 100, 98, 0, 94
95, 100, 98, 0, 94
95, 100, 98, 0, 94
95, 99, 98, 0, 94
95, 99, 98, 0, 94
95, 100, 98, 0, 94
95, 100, 98, 0, 94
95, 100, 98, 0, 94
95, 100, 98, 0, 94
95, 100, 98, 0, 94
95, 100, 98, 0, 94
95, 99, 98, 0, 94
95, 100, 98, 0, 94
95, 100, 98, 0, 94
95, 100, 98, 0, 94
95, 100, 98, 0, 94
95, 100, 98, 0, 94
95, 99, 98, 0, 94
95, 100, 98, 0, 94
95, 100, 98, 0, 94
95, 100, 98, 0, 94
95, 100, 98, 0, 94
95, 100, 98, 0, 94
95, 100, 98, 0, 94
95, 99, 98, 0, 94
95, 100, 98, 0, 94
95, 100, 98, 0, 94
95, 100, 98, 0, 94
95, 100, 98, 0, 94
95, 100, 98, 0, 94
95, 99, 98, 0, 94
95, 99, 98, 0, 94
95, 99, 98, 0, 94
95, 100, 98, 0, 94
95, 100, 98, 0, 94
95, 100, 98, 0, 94
95, 100, 98, 0, 94
95, 99, 98, 0, 94
95, 100, 98, 0, 94
95, 100, 98, 0, 94
95, 100, 98, 0, 94
95, 99, 98, 0, 94
95, 100, 98, 0, 94
95, 100, 98, 0, 94
96, 100, 98, 0, 94
95, 100, 98, 0, 94
96, 100, 98, 0, 94
95, 100, 98, 0, 94
95, 100, 98, 0, 94
95, 100, 98, 0, 94
95, 99, 98, 0, 94
95, 100, 98, 0, 94
96, 100, 98, 0, 94
96, 100, 98, 0, 94
95, 100, 98, 0, 94
95, 100, 98, 0, 94
95, 100, 98, 0, 94
95, 100, 98, 0, 94
95, 99, 98, 0, 94
95, 100, 98, 0, 94
95, 100, 98, 0, 94
95, 99, 98, 0, 94
95, 100, 98, 0, 94
95, 100, 98, 0, 94
