4, 99, 0, 1, 0
4, 99, 0, 1, 0
4, 99, 0, 1, 0
4, 99, 0, 1, 0
4, 99, 0, 1, 0
4, 99, 0, 1, 0
5, 99, 0, 1, 0
5, 99, 0, 1, 0
4, 99, 0, 1, 0
4, 99, 0, 1, 0
5, 99, 0, 1, 0
4, 99, 0, 1, 0
4, 99, 0, 1, 0
4, 99, 0, 1, 0
4, 99, 0, 1, 0
4, 99, 0, 1, 0
4, 99, 0, 1, 0
4, 99, 0, 1, 0
5, 99, 0, 1, 0
4, 99, 0, 1, 0
4, 98, 0, 1, 0
4, 98, 0, 1, 0
4, 98, 0, 1, 0
4, 98, 0, 1, 0
4, 98, 0, 1, 0
4, 98, 0, 1, 0
5, 98, 0, 1, 0
5, 98, 0, 1, 0
4, 98, 0, 1, 0
4, 98, 0, 1, 0
4, 98, 0, 1, 0
4, 98, 0, 1, 0
4, 98, 0, 1, 0
4, 98, 0, 1, 0
5, 98, 0, 1, 0
4, 98, 0, 1, 0
4, 98, 0, 1, 0
4, 98, 0, 1, 0
5, 98, 0, 1, 0
4, 98, 0, 1, 0
4, 98, 0, 1, 0
4, 98, 0, 1, 0
4, 98, 0, 1, 0
4, 98, 0, 1, 0
5, 98, 0, 1, 0
4, 98, 0, 1, 0
4, 98, 0, 1, 0
4, 98, 0, 1, 0
4, 98, 0, 1, 0
4, 98, 0, 1, 0
4, 98, 0, 1, 0
4, 98, 0, 1, 0
4, 98, 0, 1, 0
4, 98, 0, 1, 0
4, 98, 0, 1, 0
4, 98, 0, 1, 0
5, 98, 0, 1, 0
5, 98, 0, 1, 0
4, 98, 0, 1, 0
4, 98, 0, 1, 0
5, 98, 0, 1, 0
4, 98, 0, 1, 0
4, 98, 0, 1, 0
4, 98, 0, 1, 0
4, 98, 0, 1, 0
5, 98, 0, 1, 0
4, 98, 0, 1, 0
4, 98, 0, 1, 0
5, 98, 0, 1, 0
5, 98, 0, 1, 0
4, 98, 0, 1, 0
5, 98, 0, 1, 0
5, 98, 0, 1, 0
4, 98, 0, 1, 0
5, 98, 0, 1, 0
4, 98, 0, 1, 0
5, 98, 0, 1, 0
4, 98, 0, 1, 0
4, 98, 0, 1, 0
4, 98, 0, 1, 0
4, 98, 0, 1, 0
4, 98, 0, 1, 0
5, 98, 0, 1, 0
5, 98, 0, 1, 0
5, 98, 0, 1, 0
5, 98, 0, 1, 0
4, 98, 0, 1, 0
5, 98, 0, 1, 0
4, 98, 0, 1, 0
4, 98, 0, 1, 0
4, 98, 0, 1, 0
4, 98, 0, 1, 0
5, 98, 0, 1, 0
5, 98, 0, 1, 0
5, 98, 0, 1, 0
4, 98, 0, 1, 0
4, 98, 0, 1, 0
4, 98, 0, 1, 0
4, 98, 0, 1, 0
4, 98, 0, 1, 0
5, 98, 0, 1, 0
5, 98, 0, 1, 0
5, 98, 0, 1, 0
4, 98, 0, 1, 0
4, 98, 0, 1, 0
4, 98, 0, 1, 0
5, 98, 0, 1, 0
5, 98, 0, 1, 0
4, 98, 0, 1, 0
4, 98, 0, 1, 0
4, 98, 0, 1, 0
4, 98, 0, 1, 0
4, 98, 0, 1, 0
4, 98, 0, 1, 0
5, 98, 0, 1, 0
4, 98, 0, 1, 0
4, 98, 0, 1, 0
4, 98, 0, 1, 0
4, 98, 0, 1, 0
5, 98, 0, 1, 0
5, 98, 0, 1, 0
5, 98, 0, 1, 0
5, 98, 0, 1, 0
5, 98, 0, 1, 0
5, 98, 0, 1, 0
4, 98, 0, 1, 0
5, 98, 0, 1, 0
4, 98, 0, 1, 0
5, 98, 0, 1, 0
5, 98, 0, 1, 0
4, 98, 0, 1, 0
4, 98, 0, 1, 0
4, 98, 0, 1, 0
4, 98, 0, 1, 0
4, 98, 0, 1, 0
4, 98, 0, 1, 0
4, 98, 0, 1, 0
4, 98, 0, 1, 0
4, 98, 0, 1, 0
4, 98, 0, 1, 0
4, 98, 0, 1, 0
4, 98, 0, 1, 0
4, 98, 0, 1, 0
5, 98, 0, 1, 0
4, 99, 0, 1, 0
4, 99, 0, 1, 0
5, 99, 0, 1, 0
4, 99, 0, 1, 0
4, 99, 0, 1, 0
4, 99, 0, 1, 0
5, 99, 0, 1, 0
4, 99, 0, 1, 0
4, 99, 0, 1, 0
4, 99, 0, 1, 0
4, 99, 0, 1, 0
4, 99, 0, 1, 0
4, 99, 0, 1, 0
4, 99, 0, 1, 0
4, 99, 0, 1, 0
4, 99, 0, 1, 0
4, 99, 0, 1, 0
4, 99, 0, 1, 0
4, 99, 0, 1, 0
4, 99, 0, 1, 0
4, 99, 0, 1, 0
4, 99, 0, 1, 0
4, 99, 0, 1, 0
4, 99, 0, 1, 0
4, 99, 0, 0, 0
4, 99, 0, 1, 0
5, 99, 0, 0, 0
4, 99, 0, 1, 0
4, 99, 0, 0, 0
4, 99, 0, 1, 0
4, 99, 0, 1, 0
4, 99, 0, 1, 0
4, 99, 0, 0, 0
4, 99, 0, 0, 0
4, 99, 0, 0, 0
4, 99, 0, 0, 0
4, 99, 0, 1, 0
4, 99, 0, 1, 0
4, 99, 0, 1, 0
4, 99, 0, 1, 0
4, 99, 0, 1, 0
4, 99, 0, 1, 0
4, 99, 0, 1, 0
4, 99, 0, 1, 0
4, 99, 0, 1, 0
4, 99, 0, 1, 0
4, 99, 0, 1, 0
4, 99, 0, 1, 0
4, 99, 0, 1, 0
4, 99, 0, 1, 0
4, 99, 0, 1, 0
4, 99, 0, 1, 0
4, 99, 0, 1, 0
4, 99, 0, 1, 0
4, 99, 0, 1, 0
4, 99, 0, 1, 0
4, 99, 0, 1, 0
4, 99, 0, 1, 0
4, 99, 0, 1, 0
4, 99, 0, 1, 0
4, 98, 0, 1, 0
4, 98, 0, 1, 0
5, 98, 0, 1, 0
5, 98, 0, 1, 0
4, 98, 0, 1, 0
4, 98, 0, 1, 0
4, 98, 0, 1, 0
4, 98, 0, 1, 0
4, 98, 0, 1, 0
4, 98, 0, 1, 0
4, 98, 0, 1, 0
4, 98, 0, 1, 0
4, 98, 0, 1, 0
4, 98, 0, 1, 0
4, 98, 0, 1, 0
4, 98, 0, 1, 0
5, 98, 0, 1, 0
4, 98, 0, 1, 0
4, 98, 0, 1, 0
4, 98, 0, 1, 0
4, 98, 0, 1, 0
5, 98, 0, 1, 0
4, 98, 0, 1, 0
4, 98, 0, 1, 0
4, 98, 0, 1, 0
4, 98, 0, 1, 0
4, 98, 0, 1, 0
4, 98, 0, 1, 0
4, 98, 0, 1, 0
4, 98, 0, 1, 0
5, 98, 0, 1, 0
4, 98, 0, 1, 0
4, 98, 0, 1, 0
4, 98, 0, 1, 0
4, 98, 0, 1, 0
4, 98, 0, 1, 0
4, 98, 0, 1, 0
4, 98, 0, 1, 0
4, 98, 0, 1, 0
4, 98, 0, 1, 0
4, 98, 0, 1, 0
4, 98, 0, 1, 0
4, 98, 0, 1, 0
4, 98, 0, 1, 0
4, 98, 0, 1, 0
4, 98, 0, 1, 0
4, 98, 0, 1, 0
4, 98, 0, 1, 0
4, 98, 0, 1, 0
4, 98, 0, 1, 0
4, 98, 0, 1, 0
4, 98, 0, 1, 0
4, 98, 0, 1, 0
4, 98, 0, 1, 0
4, 98, 0, 1, 0
4, 98, 0, 1, 0
4, 98, 0, 1, 0
4, 98, 0, 1, 0
4, 98, 0, 1, 0
4, 98, 0, 1, 0
4, 98, 0, 1, 0
4, 98, 0, 1, 0
5, 98, 0, 1, 0
4, 98, 0, 1, 0
4, 98, 0, 1, 0
4, 98, 0, 1, 0
5, 98, 0, 1, 0
4, 98, 0, 1, 0
4, 98, 0, 1, 0
4, 98, 0, 1, 0
4, 98, 0, 1, 0
4, 98, 0, 1, 0
4, 98, 0, 1, 0
4, 98, 0, 1, 0
4, 98, 0, 1, 0
4, 98, 0, 1, 0
4, 98, 0, 1, 0
5, 98, 0, 1, 0
5, 98, 0, 1, 0
4, 98, 0, 1, 0
4, 98, 0, 1, 0
4, 98, 0, 1, 0
4, 98, 0, 1, 0
4, 98, 0, 1, 0
4, 98, 0, 1, 0
4, 98, 0, 1, 0
4, 98, 0, 1, 0
4, 98, 0, 1, 0
4, 98, 0, 1, 0
4, 98, 0, 1, 0
4, 98, 0, 1, 0
4, 98, 0, 1, 0
5, 98, 0, 1, 0
4, 98, 0, 1, 0
4, 98, 0, 1, 0
4, 98, 0, 1, 0
4, 98, 0, 1, 0
5, 98, 0, 1, 0
4, 98, 0, 1, 0
4, 99, 0, 1, 0
4, 99, 0, 1, 0
4, 99, 0, 1, 0
4, 99, 0, 1, 0
4, 99, 0, 1, 0
4, 99, 0, 1, 0
4, 99, 0, 1, 0
4, 99, 0, 1, 0
4, 99, 0, 1, 0
4, 99, 0, 1, 0
4, 99, 0, 1, 0
4, 99, 79, 1, 0
5, 99, 79, 1, 0
4, 98, 79, 1, 0
4, 98, 79, 1, 0
4, 98, 79, 1, 0
5, 98, 78, 1, 0
4, 98, 78, 1, 0
4, 98, 78, 1, 0
4, 98, 79, 1, 0
4, 98, 78, 1, 0
4, 98, 78, 1, 0
4, 98, 79, 1, 0
4, 98, 79, 1, 0
4, 98, 79, 1, 0
4, 98, 79, 1, 0
4, 98, 79, 1, 0
4, 98, 79, 1, 0
4, 98, 79, 1, 0
4, 98, 79, 1, 0
4, 98, 79, 1, 0
4, 98, 79, 1, 0
4, 98, 78, 1, 0
4, 98, 78, 1, 0
4, 98, 78, 1, 0
4, 98, 78, 1, 0
4, 99, 75, 1, 0
4, 99, 75, 1, 0
4, 99, 75, 1, 0
5, 99, 75, 1, 0
4, 99, 75, 1, 0
4, 99, 75, 1, 0
4, 99, 75, 1, 0
4, 99, 75, 1, 0
4, 99, 75, 1, 0
5, 99, 75, 1, 0
4, 99, 75, 1, 0
4, 99, 75, 1, 0
4, 99, 75, 1, 0
4, 99, 75, 1, 0
4, 99, 75, 1, 0
4, 99, 75, 1, 0
4, 99, 75, 1, 0
4, 99, 78, 1, 0
4, 99, 78, 1, 0
4, 99, 78, 1, 0
4, 99, 78, 1, 0
4, 99, 78, 1, 0
4, 99, 78, 1, 0
4, 99, 78, 1, 0
5, 99, 78, 1, 0
4, 99, 0, 1, 0
4, 99, 0, 1, 0
4, 99, 0, 1, 0
4, 99, 0, 1, 0
5, 99, 0, 1, 0
5, 99, 0, 1, 0
4, 99, 0, 1, 0
4, 99, 0, 1, 0
4, 99, 0, 1, 0
4, 99, 0, 1, 0
4, 99, 0, 1, 0
4, 99, 0, 0, 0
4, 99, 0, 0, 0
5, 99, 0, 0, 0
4, 99, 0, 1, 0
4, 99, 0, 0, 0
4, 99, 0, 0, 0
4, 99, 0, 1, 0
4, 99, 0, 1, 0
4, 99, 0, 0, 0
4, 99, 0, 1, 0
4, 99, 0, 1, 0
4, 99, 0, 1, 0
4, 99, 0, 1, 0
4, 99, 0, 1, 0
4, 99, 0, 1, 0
4, 99, 0, 1, 0
4, 99, 0, 1, 0
4, 99, 0, 1, 0
4, 99, 0, 1, 0
4, 99, 0, 1, 0
4, 99, 0, 1, 0
4, 99, 0, 1, 0
4, 99, 0, 1, 0
4, 99, 0, 1, 0
4, 99, 0, 1, 0
4, 99, 0, 1, 0
4, 99, 0, 1, 0
4, 99, 0, 1, 0
4, 99, 0, 1, 0
4, 99, 0, 1, 0
4, 99, 0, 1, 0
4, 99, 0, 1, 0
4, 99, 0, 1, 0
4, 99, 0, 1, 0
4, 99, 0, 1, 0
4, 99, 0, 1, 0
4, 99, 0, 1, 0
4, 99, 0, 1, 0
4, 99, 0, 1, 0
4, 99, 0, 1, 0
4, 98, 0, 1, 0
4, 98, 0, 1, 0
4, 98, 0, 1, 0
4, 98, 0, 1, 0
4, 98, 0, 1, 0
4, 98, 0, 1, 0
4, 98, 0, 1, 0
4, 98, 0, 1, 0
4, 98, 0, 1, 0
4, 98, 0, 1, 0
4, 98, 0, 1, 0
4, 98, 0, 1, 0
4, 98, 0, 1, 0
4, 98, 0, 1, 0
4, 98, 0, 1, 0
4, 98, 0, 1, 0
4, 98, 0, 1, 0
4, 98, 0, 1, 0
4, 98, 0, 1, 0
4, 98, 0, 1, 0
4, 98, 0, 1, 0
4, 98, 0, 1, 0
4, 98, 0, 1, 0
4, 98, 0, 1, 0
4, 98, 0, 1, 0
4, 98, 0, 1, 0
4, 98, 0, 1, 0
4, 98, 0, 1, 0
4, 98, 0, 1, 0
4, 98, 0, 1, 0
4, 98, 0, 1, 0
4, 97, 0, 1, 0
4, 97, 0, 1, 0
4, 97, 0, 1, 0
4, 0, 0, 1, 0
4, 0, 0, 1, 0
4, 0, 0, 1, 0
4, 0, 0, 1, 0
4, 0, 0, 1, 0
4, 0, 0, 1, 0
4, 0, 0, 1, 0
4, 0, 0, 1, 0
4, 0, 0, 1, 0
4, 0, 0, 1, 0
4, 0, 0, 1, 0
4, 0, 0, 1, 0
4, 0, 0, 1, 0
4, 0, 0, 1, 0
4, 0, 0, 1, 0
4, 0, 0, 1, 0
4, 0, 0, 1, 0
4, 0, 0, 1, 0
4, 0, 0, 1, 0
5, 0, 0, 1, 0
4, 0, 0, 1, 0
4, 59, 0, 1, 0
4, 97, 0, 1, 0
4, 98, 0, 1, 0
4, 98, 0, 1, 0
4, 98, 0, 1, 0
4, 98, 0, 1, 0
4, 98, 0, 1, 0
4, 98, 0, 1, 0
4, 98, 0, 1, 0
4, 98, 0, 1, 0
4, 98, 0, 1, 0
4, 98, 0, 1, 0
4, 98, 0, 1, 0
4, 98, 0, 1, 0
4, 98, 0, 1, 0
4, 98, 0, 1, 0
4, 98, 0, 1, 0
4, 98, 0, 1, 0
4, 98, 0, 1, 0
4, 98, 0, 1, 0
4, 98, 0, 1, 0
4, 98, 0, 1, 0
4, 98, 0, 1, 0
4, 98, 0, 1, 0
4, 98, 0, 1, 0
4, 98, 0, 1, 0
4, 98, 0, 1, 0
4, 98, 0, 1, 0
4, 98, 0, 1, 0
4, 98, 0, 1, 0
4, 98, 0, 1, 0
4, 98, 0, 1, 0
4, 98, 0, 1, 0
4, 98, 0, 1, 0
4, 98, 0, 1, 0
4, 98, 0, 1, 0
4, 98, 0, 1, 0
4, 98, 0, 1, 0
5, 98, 0, 1, 0
5, 98, 0, 1, 0
4, 98, 0, 1, 0
4, 98, 0, 1, 0
4, 98, 0, 1, 0
4, 98, 0, 1, 0
4, 98, 0, 1, 0
4, 98, 0, 1, 0
4, 98, 0, 1, 0
4, 98, 0, 1, 0
4, 98, 0, 1, 0
4, 98, 0, 1, 0
4, 98, 0, 1, 0
4, 98, 0, 1, 0
4, 98, 78, 1, 0
4, 98, 79, 1, 0
4, 98, 79, 1, 0
4, 98, 79, 1, 0
4, 98, 79, 1, 0
4, 98, 79, 1, 0
4, 98, 78, 1, 0
4, 98, 79, 1, 0
4, 98, 76, 1, 0
4, 98, 76, 1, 0
4, 98, 77, 1, 0
4, 98, 77, 1, 0
5, 98, 77, 1, 9
5, 98, 77, 1, 9
5, 98, 77, 1, 9
4, 98, 77, 1, 9
4, 2, 78, 1, 9
5, 0, 78, 1, 9
5, 0, 78, 1, 9
5, 0, 78, 1, 10
5, 0, 78, 1, 10
4, 0, 78, 1, 10
5, 0, 78, 1, 9
5, 0, 78, 1, 9
5, 26, 78, 1, 10
5, 95, 79, 1, 10
5, 97, 79, 1, 10
5, 98, 79, 1, 11
4, 98, 79, 1, 11
4, 98, 79, 1, 11
5, 98, 79, 1, 11
5, 98, 79, 1, 10
5, 98, 79, 1, 10
5, 98, 79, 1, 10
5, 98, 79, 1, 11
5, 98, 79, 1, 11
5, 98, 79, 1, 11
5, 98, 79, 1, 11
5, 98, 79, 1, 10
5, 98, 79, 1, 11
5, 98, 79, 1, 11
5, 98, 78, 1, 11
5, 98, 78, 1, 11
5, 98, 78, 1, 10
5, 98, 78, 1, 11
5, 98, 78, 1, 11
5, 98, 78, 1, 11
5, 98, 78, 1, 11
5, 98, 78, 1, 11
5, 98, 78, 1, 11
5, 98, 78, 1, 11
5, 98, 78, 1, 11
4, 98, 78, 1, 11
5, 98, 78, 1, 11
5, 98, 78, 1, 11
5, 98, 78, 1, 11
5, 98, 78, 1, 11
5, 98, 78, 1, 11
5, 98, 78, 1, 11
5, 98, 78, 1, 11
5, 98, 78, 1, 11
4, 98, 78, 1, 11
4, 98, 78, 1, 11
4, 98, 78, 1, 11
5, 98, 78, 1, 11
5, 98, 78, 1, 11
5, 98, 79, 1, 11
5, 98, 79, 1, 11
4, 98, 79, 1, 11
5, 98, 78, 1, 11
5, 98, 78, 1, 11
4, 98, 78, 1, 17
5, 98, 77, 1, 17
4, 98, 77, 1, 0
4, 98, 77, 1, 0
4, 98, 76, 1, 0
4, 98, 76, 1, 0
4, 99, 76, 1, 0
4, 99, 76, 1, 0
4, 99, 76, 1, 0
4, 99, 75, 1, 0
4, 99, 75, 1, 0
4, 99, 73, 1, 0
4, 99, 73, 1, 0
4, 99, 72, 1, 0
4, 99, 69, 1, 0
4, 99, 62, 1, 0
4, 99, 62, 1, 0
4, 99, 62, 1, 0
4, 99, 62, 1, 0
4, 99, 62, 1, 0
4, 99, 68, 1, 0
4, 99, 70, 1, 0
4, 99, 72, 1, 0
4, 99, 72, 1, 0
4, 99, 72, 1, 0
4, 99, 72, 1, 0
4, 99, 72, 1, 0
4, 99, 72, 1, 0
4, 99, 72, 1, 0
4, 99, 72, 1, 0
4, 99, 72, 1, 0
4, 99, 72, 1, 0
4, 99, 72, 1, 0
4, 99, 72, 1, 0
4, 99, 72, 1, 0
4, 99, 73, 1, 0
4, 99, 73, 1, 0
4, 99, 73, 1, 0
4, 99, 73, 1, 0
4, 99, 73, 1, 0
4, 99, 74, 1, 0
4, 99, 74, 1, 0
4, 99, 74, 1, 0
4, 99, 74, 1, 0
4, 99, 74, 1, 0
4, 99, 74, 1, 0
4, 99, 74, 1, 0
4, 99, 74, 1, 0
4, 99, 74, 1, 0
4, 99, 74, 1, 0
4, 99, 74, 1, 0
4, 99, 75, 1, 0
4, 99, 75, 1, 0
4, 99, 75, 1, 0
4, 99, 75, 1, 0
4, 99, 75, 1, 0
4, 99, 75, 1, 0
4, 99, 75, 1, 0
4, 99, 75, 1, 0
4, 99, 76, 1, 0
4, 99, 76, 1, 0
4, 99, 76, 1, 0
4, 99, 77, 1, 0
4, 98, 77, 1, 0
4, 98, 77, 1, 0
4, 98, 78, 1, 0
4, 98, 78, 1, 0
4, 98, 78, 1, 0
5, 98, 78, 1, 16
5, 98, 78, 1, 17
4, 98, 78, 1, 11
5, 98, 79, 1, 11
5, 98, 79, 1, 11
5, 98, 79, 1, 11
5, 98, 79, 1, 10
4, 98, 79, 1, 10
4, 98, 79, 1, 10
89, 98, 79, 1, 10
89, 98, 79, 1, 10
89, 98, 79, 1, 10
89, 98, 79, 1, 10
89, 2, 80, 1, 9
89, 2, 80, 1, 9
89, 2, 80, 1, 9
89, 2, 80, 1, 9
89, 2, 80, 1, 10
89, 2, 79, 1, 10
89, 2, 79, 1, 10
89, 2, 79, 1, 10
89, 2, 79, 1, 11
89, 2, 79, 1, 11
5, 82, 79, 1, 11
5, 96, 78, 1, 11
5, 96, 78, 1, 11
5, 97, 78, 1, 11
5, 97, 78, 1, 11
5, 97, 78, 1, 11
5, 97, 78, 1, 11
5, 97, 78, 1, 11
5, 97, 78, 1, 11
5, 97, 78, 1, 12
5, 97, 78, 1, 12
5, 97, 78, 1, 12
5, 97, 78, 1, 12
5, 97, 77, 1, 12
5, 97, 77, 1, 16
5, 97, 77, 1, 16
5, 98, 77, 1, 17
5, 98, 77, 1, 16
5, 98, 77, 1, 16
5, 97, 77, 1, 17
5, 97, 77, 1, 17
5, 97, 76, 1, 17
5, 97, 76, 1, 17
5, 97, 76, 1, 17
4, 0, 76, 1, 0
5, 0, 76, 1, 0
5, 0, 76, 1, 0
4, 0, 76, 1, 0
4, 0, 76, 1, 0
5, 0, 76, 1, 0
4, 0, 76, 1, 0
5, 0, 76, 1, 0
4, 0, 78, 1, 0
4, 0, 78, 1, 0
4, 0, 78, 1, 0
5, 0, 78, 1, 0
5, 92, 78, 1, 0
5, 98, 0, 1, 0
5, 98, 0, 1, 0
5, 98, 0, 1, 0
4, 98, 0, 1, 0
4, 98, 0, 1, 0
4, 98, 0, 1, 0
4, 98, 0, 1, 0
4, 98, 0, 1, 0
4, 98, 0, 1, 0
4, 98, 0, 1, 0
5, 98, 0, 1, 0
4, 98, 0, 1, 0
4, 98, 0, 1, 0
4, 98, 0, 1, 0
4, 98, 0, 1, 0
4, 98, 0, 1, 0
4, 98, 0, 1, 0
4, 98, 0, 1, 0
4, 98, 0, 1, 0
4, 98, 0, 1, 0
4, 98, 0, 1, 0
4, 98, 0, 1, 0
4, 98, 0, 1, 0
4, 98, 0, 1, 0
4, 98, 0, 1, 0
4, 98, 0, 1, 0
4, 98, 0, 1, 0
4, 98, 0, 1, 0
4, 98, 0, 1, 0
4, 98, 0, 1, 0
4, 98, 0, 1, 0
4, 98, 0, 1, 0
4, 98, 0, 1, 0
4, 98, 0, 1, 0
4, 98, 0, 1, 0
4, 98, 0, 1, 0
4, 98, 0, 1, 0
4, 98, 0, 1, 0
4, 98, 0, 1, 0
4, 98, 0, 1, 0
4, 98, 0, 1, 0
4, 98, 0, 1, 0
4, 98, 0, 1, 0
4, 98, 0, 1, 0
4, 98, 0, 1, 0
4, 98, 0, 1, 0
4, 98, 0, 1, 0
4, 98, 0, 1, 0
5, 98, 0, 1, 0
4, 98, 0, 1, 0
4, 98, 0, 1, 0
4, 98, 0, 1, 0
4, 98, 0, 1, 0
4, 98, 0, 1, 0
4, 98, 0, 1, 0
4, 98, 0, 1, 0
4, 98, 0, 1, 0
4, 98, 0, 1, 0
4, 98, 0, 1, 0
4, 98, 0, 1, 0
4, 98, 0, 1, 0
4, 98, 0, 1, 0
4, 98, 0, 1, 0
4, 98, 0, 1, 0
4, 98, 0, 1, 0
4, 98, 0, 1, 0
4, 98, 0, 1, 0
4, 98, 0, 1, 0
4, 98, 0, 1, 0
4, 98, 0, 1, 0
4, 98, 0, 1, 0
4, 98, 0, 1, 0
4, 98, 0, 1, 0
4, 98, 0, 1, 0
4, 98, 0, 1, 0
4, 98, 0, 1, 0
4, 98, 0, 1, 0
4, 98, 0, 1, 0
4, 98, 0, 1, 0
4, 98, 0, 1, 0
4, 98, 0, 1, 0
4, 98, 0, 1, 0
4, 98, 0, 1, 0
4, 98, 0, 1, 0
4, 98, 0, 1, 0
4, 98, 0, 1, 0
4, 98, 0, 1, 0
4, 98, 0, 1, 0
4, 98, 0, 1, 0
4, 98, 0, 1, 0
4, 98, 0, 1, 0
4, 98, 0, 1, 0
4, 98, 0, 1, 0
4, 98, 0, 1, 0
4, 98, 0, 1, 0
4, 98, 0, 1, 0
4, 98, 0, 1, 0
4, 99, 0, 1, 0
4, 99, 0, 1, 0
4, 98, 79, 1, 0
4, 99, 79, 1, 0
4, 98, 79, 1, 0
4, 98, 77, 1, 0
4, 98, 77, 1, 0
4, 98, 77, 1, 0
4, 98, 77, 1, 0
4, 98, 77, 1, 0
4, 98, 77, 1, 9
4, 98, 77, 1, 9
5, 98, 77, 1, 9
4, 98, 78, 1, 9
4, 98, 78, 1, 9
4, 98, 78, 1, 9
5, 98, 78, 1, 10
5, 12, 78, 1, 10
5, 12, 78, 1, 10
5, 13, 78, 1, 10
5, 0, 78, 1, 10
4, 0, 78, 1, 10
5, 0, 78, 1, 11
5, 0, 78, 1, 11
5, 0, 78, 1, 10
5, 0, 78, 1, 11
5, 0, 78, 1, 10
5, 0, 78, 1, 10
4, 0, 78, 1, 11
4, 0, 78, 1, 10
5, 0, 78, 1, 11
5, 0, 79, 1, 10
5, 0, 79, 1, 11
5, 0, 79, 1, 10
4, 0, 79, 1, 10
5, 0, 79, 1, 10
4, 0, 79, 1, 10
89, 2, 79, 1, 10
89, 2, 79, 1, 10
89, 2, 79, 1, 10
89, 2, 79, 1, 10
89, 2, 79, 1, 10
89, 2, 79, 1, 10
89, 2, 79, 1, 10
89, 2, 79, 1, 10
89, 2, 79, 1, 10
89, 2, 79, 1, 9
89, 2, 79, 1, 10
89, 2, 79, 1, 9
89, 2, 79, 1, 9
89, 2, 79, 1, 9
89, 2, 79, 1, 9
89, 2, 79, 1, 9
89, 2, 79, 1, 9
89, 2, 79, 1, 9
89, 2, 79, 1, 9
89, 2, 79, 1, 9
89, 41, 79, 1, 9
89, 41, 79, 1, 9
89, 40, 79, 1, 9
89, 43, 79, 1, 9
89, 85, 79, 1, 8
89, 85, 79, 1, 8
89, 96, 79, 1, 8
89, 97, 79, 1, 8
89, 97, 79, 1, 8
89, 97, 79, 1, 8
89, 97, 79, 1, 8
89, 97, 79, 1, 8
89, 98, 79, 1, 8
89, 98, 79, 1, 8
89, 98, 79, 1, 8
89, 98, 79, 1, 8
89, 98, 79, 1, 8
89, 98, 79, 1, 8
89, 98, 79, 1, 8
89, 98, 79, 1, 8
89, 98, 78, 1, 8
89, 98, 78, 1, 7
89, 98, 78, 1, 8
89, 98, 78, 1, 8
89, 98, 78, 1, 7
89, 98, 78, 1, 8
89, 98, 78, 1, 8
89, 98, 78, 1, 8
89, 98, 78, 1, 8
89, 98, 78, 1, 8
89, 98, 78, 1, 8
89, 98, 78, 1, 8
89, 98, 78, 1, 8
89, 98, 78, 1, 9
89, 98, 78, 1, 8
89, 98, 78, 1, 8
89, 98, 78, 1, 9
89, 98, 78, 1, 10
89, 98, 78, 1, 9
89, 98, 78, 1, 9
89, 98, 78, 1, 10
5, 98, 77, 1, 10
5, 98, 77, 1, 10
5, 98, 77, 1, 10
5, 99, 76, 1, 10
5, 99, 76, 1, 10
5, 99, 76, 1, 10
5, 99, 75, 1, 11
5, 99, 75, 1, 11
5, 99, 75, 1, 16
5, 99, 75, 1, 17
5, 99, 75, 1, 17
5, 99, 74, 1, 17
5, 99, 74, 1, 17
5, 99, 74, 1, 17
5, 99, 74, 1, 0
5, 99, 74, 1, 0
5, 99, 74, 1, 0
5, 99, 74, 1, 0
5, 99, 74, 1, 0
5, 99, 74, 1, 0
5, 99, 74, 1, 0
5, 99, 74, 1, 0
5, 99, 74, 1, 0
5, 99, 74, 1, 0
5, 99, 74, 1, 0
5, 99, 74, 1, 0
5, 99, 74, 1, 0
5, 99, 73, 1, 0
5, 99, 73, 1, 0
5, 99, 73, 1, 0
5, 99, 73, 1, 0
5, 99, 73, 1, 0
5, 99, 73, 1, 0
5, 99, 73, 1, 0
5, 99, 73, 1, 0
5, 99, 73, 1, 0
5, 99, 73, 1, 0
5, 99, 73, 1, 0
5, 99, 73, 1, 0
5, 99, 73, 1, 0
5, 99, 73, 1, 0
5, 99, 73, 1, 0
5, 99, 73, 1, 0
5, 99, 73, 1, 0
5, 99, 73, 1, 0
5, 99, 73, 1, 0
5, 99, 73, 1, 0
5, 99, 73, 1, 0
5, 99, 73, 1, 0
5, 99, 73, 1, 0
5, 99, 73, 1, 0
5, 99, 73, 0, 0
5, 99, 73, 1, 0
5, 99, 73, 1, 0
5, 99, 73, 1, 0
5, 99, 73, 1, 0
4, 99, 63, 1, 0
5, 99, 62, 1, 0
5, 99, 62, 1, 0
4, 99, 62, 0, 0
5, 99, 62, 1, 0
5, 99, 62, 0, 0
5, 99, 70, 0, 0
5, 99, 71, 0, 0
5, 99, 71, 0, 0
4, 99, 71, 0, 0
4, 99, 72, 0, 0
5, 99, 72, 0, 0
4, 99, 71, 0, 0
4, 99, 71, 0, 0
5, 99, 70, 0, 0
5, 99, 69, 0, 0
5, 99, 62, 0, 0
4, 99, 62, 0, 0
4, 99, 62, 0, 0
5, 99, 63, 0, 0
4, 99, 63, 0, 0
4, 99, 63, 0, 0
4, 99, 62, 0, 0
5, 99, 62, 0, 0
4, 99, 62, 0, 0
5, 99, 62, 0, 0
4, 99, 62, 0, 0
5, 99, 62, 0, 0
5, 99, 62, 0, 0
4, 99, 62, 0, 0
5, 99, 62, 0, 0
5, 99, 62, 0, 0
5, 99, 62, 0, 0
4, 99, 62, 0, 0
5, 99, 62, 0, 0
5, 99, 62, 0, 0
4, 99, 62, 0, 0
5, 99, 62, 0, 0
5, 99, 3, 0, 0
5, 99, 3, 0, 0
4, 99, 0, 1, 0
4, 99, 0, 1, 0
4, 99, 0, 1, 0
5, 99, 0, 1, 0
5, 99, 0, 1, 0
4, 99, 0, 1, 0
5, 99, 0, 1, 0
5, 98, 0, 1, 0
4, 98, 0, 1, 0
4, 98, 0, 1, 0
4, 98, 0, 1, 0
4, 98, 0, 1, 0
4, 98, 0, 1, 0
4, 98, 0, 1, 0
4, 98, 0, 1, 0
4, 98, 0, 1, 0
4, 98, 0, 1, 0
4, 98, 0, 1, 0
4, 98, 0, 1, 0
4, 98, 0, 1, 0
5, 98, 0, 1, 0
4, 98, 0, 1, 0
5, 98, 0, 1, 0
4, 98, 0, 1, 0
5, 98, 0, 1, 0
5, 98, 0, 1, 0
4, 98, 0, 1, 0
4, 98, 0, 1, 0
4, 98, 0, 1, 0
4, 98, 0, 1, 0
4, 98, 0, 1, 0
4, 98, 0, 1, 0
4, 98, 0, 1, 0
4, 98, 0, 1, 0
5, 98, 0, 1, 0
4, 98, 0, 1, 0
4, 98, 0, 1, 0
4, 98, 0, 1, 0
4, 98, 0, 1, 0
4, 98, 0, 1, 0
4, 98, 0, 1, 0
4, 98, 0, 1, 0
4, 98, 0, 1, 0
4, 98, 0, 1, 0
5, 98, 0, 1, 0
4, 98, 0, 1, 0
4, 98, 0, 1, 0
4, 98, 0, 1, 0
4, 98, 0, 1, 0
4, 98, 0, 1, 0
4, 98, 0, 1, 0
5, 98, 0, 1, 0
4, 98, 0, 1, 0
4, 98, 0, 1, 0
4, 98, 0, 1, 0
4, 98, 0, 1, 0
4, 98, 0, 1, 0
4, 98, 0, 1, 0
4, 98, 0, 1, 0
5, 98, 0, 1, 0
4, 98, 0, 1, 0
4, 98, 0, 1, 0
5, 98, 0, 1, 0
5, 98, 0, 1, 0
5, 98, 0, 1, 0
4, 98, 0, 1, 0
4, 98, 0, 1, 0
4, 97, 0, 1, 0
4, 97, 0, 1, 0
4, 0, 0, 1, 0
4, 0, 0, 1, 0
4, 0, 0, 1, 0
4, 0, 0, 1, 0
4, 0, 0, 1, 0
4, 0, 0, 1, 0
4, 0, 0, 1, 0
4, 0, 0, 1, 0
4, 0, 0, 1, 0
4, 0, 0, 1, 0
4, 0, 0, 1, 0
5, 0, 0, 1, 0
4, 0, 0, 1, 0
4, 97, 0, 1, 0
4, 98, 0, 1, 0
5, 98, 0, 1, 0
4, 98, 0, 1, 0
4, 98, 0, 1, 0
4, 98, 0, 1, 0
4, 98, 0, 1, 0
4, 98, 0, 1, 0
4, 98, 78, 1, 0
4, 98, 79, 1, 0
4, 97, 79, 1, 0
4, 0, 79, 1, 0
7, 0, 79, 1, 2
89, 2, 79, 1, 2
89, 2, 79, 1, 2
89, 2, 79, 1, 2
89, 2, 79, 1, 2
89, 2, 79, 1, 9
89, 2, 79, 1, 9
89, 2, 79, 1, 10
90, 2, 76, 1, 10
90, 2, 76, 1, 10
90, 2, 76, 1, 9
91, 2, 76, 1, 9
91, 2, 76, 1, 9
91, 2, 76, 1, 8
91, 2, 76, 1, 8
91, 97, 76, 1, 8
91, 98, 76, 1, 7
91, 98, 76, 1, 7
92, 98, 76, 1, 7
92, 98, 76, 1, 7
92, 98, 76, 1, 7
92, 98, 76, 1, 7
92, 98, 76, 1, 7
92, 64, 76, 1, 7
92, 29, 76, 1, 7
92, 2, 76, 1, 7
92, 2, 76, 1, 7
92, 2, 76, 1, 7
92, 2, 76, 1, 7
92, 2, 76, 1, 7
92, 2, 76, 1, 7
92, 2, 76, 1, 7
93, 2, 76, 1, 7
93, 2, 75, 1, 7
93, 2, 75, 1, 7
93, 2, 74, 1, 7
93, 2, 74, 1, 6
94, 2, 73, 1, 6
94, 2, 73, 1, 6
94, 2, 73, 1, 6
94, 2, 73, 1, 6
94, 2, 73, 1, 6
94, 2, 73, 1, 6
94, 2, 73, 1, 7
94, 2, 73, 1, 7
95, 2, 73, 1, 7
95, 2, 73, 1, 7
95, 2, 73, 1, 6
95, 2, 73, 1, 6
95, 2, 73, 1, 6
96, 2, 73, 1, 6
96, 2, 73, 1, 7
96, 2, 73, 1, 7
96, 2, 73, 1, 6
96, 2, 73, 1, 6
96, 2, 73, 1, 7
96, 2, 73, 1, 6
96, 2, 73, 1, 7
96, 2, 74, 1, 6
96, 2, 74, 1, 6
96, 2, 74, 1, 6
96, 2, 74, 1, 6
96, 2, 74, 1, 6
96, 2, 74, 1, 6
96, 2, 74, 1, 6
96, 2, 74, 1, 6
96, 2, 74, 1, 6
96, 2, 74, 1, 6
96, 2, 74, 1, 6
96, 2, 74, 1, 6
96, 2, 74, 1, 6
96, 2, 74, 1, 6
96, 2, 74, 1, 6
96, 2, 74, 1, 6
96, 2, 74, 1, 6
96, 2, 74, 1, 7
96, 2, 74, 1, 6
96, 2, 74, 1, 6
96, 2, 74, 1, 7
96, 2, 74, 1, 6
96, 2, 73, 1, 6
96, 2, 73, 1, 6
96, 2, 73, 1, 7
96, 2, 73, 1, 7
96, 2, 73, 1, 6
96, 2, 73, 1, 7
94, 98, 73, 1, 7
94, 98, 73, 1, 7
94, 98, 73, 1, 7
94, 98, 73, 1, 7
94, 98, 73, 1, 7
94, 98, 73, 1, 7
94, 98, 73, 1, 7
95, 98, 73, 1, 7
95, 98, 73, 1, 7
95, 98, 73, 1, 7
95, 98, 73, 1, 7
95, 98, 73, 1, 7
95, 98, 73, 1, 7
95, 98, 73, 1, 7
95, 98, 73, 1, 7
95, 98, 73, 1, 7
95, 98, 73, 1, 7
95, 98, 73, 1, 7
95, 98, 73, 1, 7
95, 98, 73, 1, 7
95, 98, 73, 1, 7
95, 98, 73, 1, 7
95, 98, 73, 1, 7
95, 98, 73, 1, 7
95, 98, 72, 1, 7
95, 98, 72, 1, 7
95, 98, 72, 1, 7
95, 98, 72, 1, 7
95, 98, 72, 1, 7
95, 98, 72, 1, 7
95, 98, 72, 1, 7
95, 90, 72, 1, 7
95, 54, 72, 1, 7
95, 34, 72, 1, 7
95, 2, 72, 1, 7
95, 2, 72, 1, 7
95, 2, 72, 1, 7
95, 2, 72, 1, 7
95, 2, 72, 1, 7
95, 2, 72, 1, 7
95, 2, 72, 1, 7
95, 2, 72, 1, 7
95, 2, 72, 1, 7
95, 2, 72, 1, 7
94, 2, 72, 1, 7
94, 2, 72, 1, 7
94, 2, 72, 1, 7
95, 2, 73, 1, 7
95, 2, 73, 1, 7
95, 2, 73, 1, 7
94, 2, 73, 1, 7
94, 2, 73, 1, 7
94, 2, 73, 1, 7
94, 2, 73, 1, 7
94, 2, 73, 1, 7
94, 2, 73, 1, 7
94, 2, 73, 1, 7
94, 2, 75, 1, 7
94, 2, 75, 1, 7
93, 2, 75, 1, 7
93, 2, 75, 1, 7
93, 2, 75, 1, 7
93, 2, 75, 1, 7
92, 2, 75, 1, 7
92, 2, 75, 1, 7
92, 2, 75, 1, 7
92, 2, 76, 1, 7
92, 2, 76, 1, 8
91, 2, 76, 1, 8
91, 2, 76, 1, 8
91, 2, 76, 1, 9
91, 2, 76, 1, 10
91, 2, 76, 1, 10
91, 2, 76, 1, 10
90, 98, 75, 1, 10
90, 98, 75, 1, 10
89, 2, 78, 1, 11
89, 2, 78, 1, 12
89, 2, 78, 1, 17
5, 0, 0, 1, 0
5, 0, 0, 1, 0
5, 0, 0, 1, 0
5, 0, 0, 1, 0
5, 0, 0, 1, 0
5, 0, 0, 1, 0
5, 0, 0, 1, 0
5, 0, 0, 1, 0
5, 0, 0, 1, 0
5, 0, 0, 1, 0
5, 0, 0, 1, 0
5, 0, 0, 1, 0
5, 0, 0, 1, 0
5, 98, 0, 1, 0
5, 98, 0, 1, 0
5, 98, 0, 1, 0
5, 98, 0, 1, 0
5, 98, 0, 1, 0
5, 98, 0, 1, 0
5, 98, 0, 1, 0
5, 98, 0, 1, 0
5, 98, 0, 1, 0
5, 98, 0, 1, 0
5, 98, 0, 1, 0
5, 98, 0, 1, 0
5, 98, 0, 1, 0
5, 98, 0, 1, 0
5, 97, 0, 1, 0
5, 97, 0, 1, 0
5, 0, 0, 1, 0
5, 0, 0, 1, 0
5, 0, 0, 1, 0
5, 0, 0, 1, 0
5, 0, 0, 1, 0
5, 0, 0, 1, 0
5, 98, 0, 1, 0
5, 98, 0, 1, 0
5, 98, 0, 1, 0
5, 98, 0, 1, 0
5, 98, 0, 1, 0
5, 98, 0, 1, 0
5, 98, 0, 1, 0
5, 98, 0, 1, 0
5, 98, 0, 1, 0
5, 98, 0, 1, 0
5, 98, 0, 1, 0
5, 98, 0, 1, 0
5, 98, 0, 1, 0
5, 98, 0, 1, 0
5, 98, 0, 1, 0
5, 98, 0, 1, 0
5, 98, 0, 1, 0
5, 98, 0, 1, 0
5, 98, 0, 1, 0
5, 98, 0, 1, 0
5, 98, 0, 1, 0
5, 98, 0, 1, 0
5, 98, 0, 1, 0
5, 98, 0, 1, 0
5, 98, 0, 1, 0
5, 98, 0, 1, 0
5, 98, 0, 1, 0
5, 98, 0, 1, 0
5, 98, 0, 1, 0
5, 98, 0, 1, 0
5, 98, 0, 1, 0
5, 98, 0, 1, 0
5, 98, 0, 1, 0
5, 98, 0, 1, 0
5, 98, 0, 1, 0
5, 98, 0, 1, 0
5, 98, 0, 1, 0
5, 98, 0, 1, 0
5, 98, 0, 1, 0
5, 98, 0, 1, 0
5, 98, 0, 1, 0
5, 98, 0, 1, 0
5, 98, 0, 1, 0
5, 98, 0, 1, 0
5, 98, 0, 1, 0
5, 98, 0, 1, 0
5, 98, 0, 1, 0
5, 98, 0, 1, 0
5, 98, 0, 1, 0
5, 98, 0, 1, 0
5, 98, 0, 1, 0
5, 98, 0, 1, 0
5, 98, 0, 1, 0
5, 98, 0, 1, 0
5, 98, 0, 1, 0
5, 98, 0, 1, 0
5, 98, 0, 1, 0
5, 98, 0, 1, 0
5, 98, 0, 1, 0
5, 98, 0, 1, 0
5, 98, 0, 1, 0
5, 98, 0, 1, 0
5, 98, 0, 1, 0
5, 98, 0, 1, 0
5, 98, 67, 1, 0
5, 98, 75, 1, 0
5, 98, 79, 1, 0
5, 98, 79, 1, 0
5, 98, 78, 1, 0
5, 98, 78, 1, 0
5, 98, 78, 1, 0
5, 98, 79, 1, 0
5, 98, 78, 1, 0
5, 98, 78, 1, 0
5, 98, 75, 1, 0
5, 98, 75, 1, 0
5, 98, 75, 1, 0
5, 99, 76, 1, 0
5, 99, 76, 1, 0
5, 99, 76, 1, 0
5, 99, 76, 1, 0
5, 99, 76, 1, 0
5, 99, 76, 1, 0
5, 99, 76, 1, 0
5, 99, 76, 1, 0
5, 99, 76, 1, 0
5, 99, 76, 1, 0
5, 99, 76, 1, 0
5, 99, 76, 1, 0
5, 99, 76, 1, 0
5, 99, 76, 1, 0
5, 99, 76, 1, 0
5, 99, 76, 1, 0
5, 98, 76, 1, 0
5, 98, 76, 1, 0
5, 98, 76, 1, 0
5, 98, 76, 1, 0
5, 98, 76, 1, 0
5, 98, 76, 1, 0
5, 98, 76, 1, 0
5, 98, 76, 1, 0
5, 98, 76, 1, 0
5, 98, 76, 1, 0
5, 98, 76, 1, 0
5, 99, 76, 1, 0
5, 99, 76, 1, 0
5, 99, 76, 1, 0
5, 99, 76, 1, 0
5, 99, 76, 1, 0
5, 99, 76, 1, 0
5, 99, 76, 1, 0
5, 99, 76, 1, 0
5, 99, 75, 1, 0
5, 99, 75, 1, 0
5, 99, 75, 1, 0
5, 99, 75, 1, 0
5, 99, 75, 1, 0
5, 99, 78, 1, 0
5, 99, 78, 1, 0
5, 99, 78, 1, 0
5, 99, 78, 1, 0
5, 99, 78, 1, 0
5, 99, 78, 1, 0
5, 99, 0, 1, 0
5, 99, 0, 1, 0
5, 99, 0, 1, 0
5, 99, 0, 1, 0
5, 99, 0, 1, 0
5, 99, 0, 1, 0
5, 99, 0, 1, 0
5, 99, 0, 1, 0
5, 99, 0, 1, 0
5, 99, 0, 1, 0
5, 99, 0, 1, 0
5, 99, 0, 1, 0
5, 99, 0, 1, 0
5, 99, 0, 1, 0
5, 99, 0, 1, 0
5, 99, 0, 1, 0
5, 99, 0, 1, 0
5, 99, 0, 1, 0
5, 98, 0, 1, 0
5, 98, 0, 1, 0
5, 98, 0, 1, 0
5, 98, 0, 1, 0
5, 98, 0, 1, 0
5, 98, 0, 1, 0
5, 98, 0, 1, 0
5, 98, 0, 1, 0
5, 98, 0, 1, 0
5, 98, 0, 1, 0
5, 98, 0, 1, 0
5, 98, 0, 1, 0
5, 98, 0, 1, 0
5, 98, 0, 1, 0
5, 98, 0, 1, 0
5, 98, 0, 1, 0
5, 98, 0, 1, 0
5, 98, 0, 1, 0
5, 98, 0, 1, 0
5, 98, 0, 1, 0
5, 98, 0, 1, 0
5, 98, 0, 1, 0
5, 98, 0, 1, 0
5, 98, 0, 1, 0
5, 98, 0, 1, 0
5, 98, 0, 1, 0
5, 98, 0, 1, 0
5, 98, 0, 1, 0
5, 98, 0, 1, 0
5, 98, 0, 1, 0
5, 98, 0, 1, 0
5, 98, 0, 1, 0
5, 98, 0, 1, 0
5, 98, 0, 1, 0
5, 98, 0, 1, 0
5, 98, 0, 1, 0
5, 98, 0, 1, 0
5, 98, 0, 1, 0
5, 98, 0, 1, 0
5, 98, 0, 1, 0
5, 98, 0, 1, 0
5, 98, 0, 1, 0
5, 98, 0, 1, 0
5, 98, 0, 1, 0
5, 98, 0, 1, 0
5, 98, 0, 1, 0
5, 98, 0, 1, 0
5, 98, 0, 1, 0
5, 98, 0, 1, 0
5, 98, 0, 1, 0
5, 98, 0, 1, 0
5, 98, 0, 1, 0
5, 98, 0, 1, 0
5, 98, 0, 1, 0
5, 98, 0, 1, 0
5, 98, 0, 1, 0
5, 98, 0, 1, 0
5, 98, 0, 1, 0
5, 98, 0, 1, 0
5, 98, 0, 1, 0
5, 98, 0, 1, 0
5, 98, 0, 1, 0
5, 98, 0, 1, 0
5, 98, 0, 1, 0
5, 98, 0, 1, 0
5, 98, 0, 1, 0
5, 98, 0, 1, 0
5, 98, 0, 1, 0
5, 98, 0, 1, 0
5, 98, 0, 1, 0
5, 98, 0, 1, 0
5, 98, 0, 1, 0
5, 98, 0, 1, 0
5, 98, 0, 1, 0
5, 98, 0, 1, 0
5, 98, 0, 1, 0
5, 98, 0, 1, 0
5, 98, 0, 1, 0
5, 98, 0, 1, 0
5, 98, 0, 1, 0
5, 98, 0, 1, 0
5, 98, 0, 1, 0
5, 98, 0, 1, 0
4, 98, 0, 1, 0
5, 98, 0, 1, 0
5, 98, 0, 1, 0
4, 98, 0, 1, 0
5, 98, 0, 1, 0
5, 98, 0, 1, 0
5, 98, 0, 1, 0
5, 98, 0, 1, 0
5, 98, 0, 1, 0
5, 98, 0, 1, 0
5, 98, 0, 1, 0
5, 98, 0, 1, 0
5, 98, 0, 1, 0
5, 98, 0, 1, 0
5, 98, 0, 1, 0
5, 98, 0, 1, 0
5, 98, 0, 1, 0
5, 98, 0, 1, 0
5, 98, 0, 1, 0
5, 98, 0, 1, 0
5, 98, 0, 1, 0
5, 98, 0, 1, 0
5, 98, 0, 1, 0
5, 98, 0, 1, 0
5, 98, 0, 1, 0
5, 98, 0, 1, 0
4, 98, 0, 1, 0
4, 98, 0, 1, 0
5, 98, 0, 1, 0
4, 98, 0, 1, 0
4, 98, 0, 1, 0
5, 98, 0, 1, 0
5, 98, 0, 1, 0
5, 98, 0, 1, 0
5, 98, 0, 1, 0
5, 98, 0, 1, 0
4, 98, 0, 1, 0
5, 98, 0, 1, 0
5, 98, 0, 1, 0
5, 98, 0, 1, 0
5, 98, 0, 1, 0
5, 98, 0, 1, 0
5, 98, 0, 1, 0
5, 98, 0, 1, 0
5, 98, 0, 1, 0
5, 98, 0, 1, 0
4, 98, 0, 1, 0
5, 98, 0, 1, 0
5, 98, 0, 1, 0
5, 98, 0, 1, 0
4, 98, 0, 1, 0
4, 99, 0, 1, 0
4, 99, 0, 1, 0
5, 99, 0, 1, 0
4, 99, 0, 1, 0
5, 99, 0, 1, 0
4, 99, 0, 1, 0
4, 99, 0, 1, 0
4, 99, 0, 1, 0
4, 99, 0, 1, 0
5, 99, 0, 1, 0
4, 99, 79, 1, 0
4, 98, 79, 1, 0
5, 98, 79, 1, 0
5, 98, 78, 1, 0
5, 98, 79, 1, 0
4, 98, 76, 1, 0
5, 98, 76, 1, 0
5, 98, 76, 1, 0
5, 98, 76, 1, 0
5, 98, 76, 1, 0
5, 98, 76, 1, 0
4, 98, 76, 1, 0
4, 98, 76, 1, 0
5, 98, 76, 1, 0
5, 98, 76, 1, 0
5, 98, 76, 1, 0
5, 99, 76, 1, 0
4, 99, 76, 1, 0
5, 99, 76, 1, 0
5, 99, 76, 1, 0
5, 99, 76, 1, 0
5, 99, 76, 1, 0
5, 99, 76, 1, 0
5, 99, 76, 1, 0
5, 99, 76, 1, 0
4, 99, 76, 1, 0
5, 99, 75, 1, 0
5, 99, 75, 1, 0
5, 99, 75, 1, 0
5, 99, 75, 1, 0
5, 99, 75, 1, 0
5, 99, 75, 1, 0
4, 99, 75, 1, 0
5, 99, 75, 1, 0
4, 99, 75, 1, 0
5, 99, 74, 1, 0
5, 99, 74, 1, 0
4, 99, 74, 1, 0
5, 99, 74, 1, 0
4, 99, 74, 1, 0
4, 99, 74, 1, 0
5, 99, 74, 0, 0
5, 99, 74, 1, 0
5, 99, 73, 0, 0
5, 99, 73, 1, 0
4, 99, 62, 0, 0
4, 99, 62, 0, 0
4, 99, 62, 0, 0
4, 99, 62, 0, 0
5, 99, 62, 0, 0
4, 99, 62, 0, 0
4, 99, 62, 0, 0
4, 99, 62, 1, 0
5, 99, 0, 1, 0
4, 99, 0, 1, 0
5, 99, 0, 1, 0
4, 99, 0, 1, 0
4, 99, 0, 0, 0
4, 99, 0, 0, 0
4, 99, 0, 0, 0
5, 99, 0, 0, 0
4, 99, 0, 1, 0
4, 99, 0, 0, 0
5, 99, 0, 0, 0
4, 99, 0, 0, 0
4, 99, 0, 0, 0
4, 99, 0, 1, 0
5, 99, 0, 0, 0
4, 99, 0, 0, 0
5, 99, 0, 0, 0
5, 99, 0, 0, 0
4, 99, 0, 0, 0
4, 99, 0, 0, 0
4, 99, 0, 0, 0
4, 99, 0, 0, 0
5, 99, 0, 0, 0
5, 99, 0, 0, 0
4, 99, 0, 0, 0
5, 99, 0, 0, 0
4, 99, 0, 0, 0
4, 99, 0, 0, 0
4, 99, 0, 0, 0
4, 99, 0, 0, 0
4, 99, 0, 0, 0
5, 99, 0, 0, 0
4, 99, 0, 0, 0
4, 99, 0, 0, 0
5, 99, 0, 0, 0
4, 99, 0, 0, 0
5, 99, 0, 0, 0
5, 99, 0, 0, 0
4, 99, 0, 0, 0
4, 99, 0, 1, 0
4, 99, 0, 1, 0
4, 99, 0, 1, 0
5, 99, 0, 1, 0
4, 99, 0, 1, 0
5, 99, 0, 1, 0
5, 99, 0, 1, 0
4, 99, 0, 1, 0
4, 99, 0, 1, 0
4, 99, 0, 1, 0
4, 99, 0, 1, 0
4, 99, 0, 1, 0
4, 99, 0, 1, 0
4, 99, 0, 1, 0
4, 99, 0, 1, 0
4, 99, 0, 1, 0
4, 99, 0, 1, 0
5, 98, 0, 1, 0
4, 98, 0, 1, 0
4, 98, 0, 1, 0
4, 98, 0, 1, 0
4, 98, 0, 1, 0
5, 98, 0, 1, 0
4, 98, 0, 1, 0
5, 98, 0, 1, 0
4, 98, 0, 1, 0
5, 98, 0, 1, 0
5, 98, 0, 1, 0
4, 98, 0, 1, 0
4, 98, 0, 1, 0
4, 98, 0, 1, 0
4, 98, 0, 1, 0
4, 98, 0, 1, 0
4, 98, 0, 1, 0
4, 98, 0, 1, 0
5, 98, 0, 1, 0
4, 98, 0, 1, 0
4, 98, 0, 1, 0
4, 98, 0, 1, 0
4, 98, 0, 1, 0
4, 98, 0, 1, 0
4, 98, 0, 1, 0
5, 98, 0, 1, 0
4, 98, 0, 1, 0
4, 98, 0, 1, 0
4, 98, 0, 1, 0
4, 98, 0, 1, 0
4, 98, 0, 1, 0
4, 98, 0, 1, 0
4, 98, 0, 1, 0
4, 98, 0, 1, 0
5, 98, 0, 1, 0
4, 98, 0, 1, 0
4, 98, 0, 1, 0
4, 98, 0, 1, 0
4, 98, 0, 1, 0
4, 98, 0, 1, 0
4, 98, 0, 1, 0
4, 98, 0, 1, 0
4, 98, 0, 1, 0
4, 98, 0, 1, 0
4, 98, 0, 1, 0
4, 98, 0, 1, 0
4, 98, 0, 1, 0
4, 98, 0, 1, 0
4, 98, 0, 1, 0
4, 98, 0, 1, 0
4, 98, 0, 1, 0
4, 98, 0, 1, 0
4, 98, 0, 1, 0
4, 98, 0, 1, 0
4, 98, 0, 1, 0
4, 98, 0, 1, 0
4, 98, 0, 1, 0
4, 98, 0, 1, 0
4, 98, 0, 1, 0
4, 98, 0, 1, 0
4, 98, 0, 1, 0
4, 98, 0, 1, 0
4, 98, 0, 1, 0
4, 98, 0, 1, 0
4, 98, 0, 1, 0
4, 98, 0, 1, 0
4, 98, 0, 1, 0
5, 98, 0, 1, 0
5, 98, 0, 1, 0
4, 98, 0, 1, 0
4, 98, 0, 1, 0
4, 98, 0, 1, 0
4, 98, 0, 1, 0
4, 98, 0, 1, 0
4, 98, 0, 1, 0
5, 98, 0, 1, 0
4, 98, 0, 1, 0
4, 98, 0, 1, 0
4, 98, 0, 1, 0
4, 98, 0, 1, 0
4, 98, 0, 1, 0
4, 98, 0, 1, 0
4, 98, 0, 1, 0
4, 98, 0, 1, 0
5, 98, 0, 1, 0
4, 98, 0, 1, 0
5, 98, 0, 1, 0
4, 98, 0, 1, 0
4, 98, 0, 1, 0
4, 98, 0, 1, 0
4, 98, 0, 1, 0
4, 98, 0, 1, 0
4, 98, 0, 1, 0
4, 98, 0, 1, 0
4, 98, 0, 1, 0
4, 98, 0, 1, 0
4, 98, 0, 1, 0
4, 98, 0, 1, 0
4, 98, 0, 1, 0
4, 98, 0, 1, 0
4, 98, 0, 1, 0
4, 98, 0, 1, 0
4, 98, 0, 1, 0
4, 98, 0, 1, 0
4, 98, 0, 1, 0
4, 98, 0, 1, 0
4, 98, 0, 1, 0
4, 98, 0, 1, 0
4, 98, 0, 1, 0
4, 98, 0, 1, 0
4, 98, 0, 1, 0
4, 98, 0, 1, 0
4, 98, 0, 1, 0
4, 98, 0, 1, 0
4, 98, 0, 1, 0
4, 98, 0, 1, 0
4, 98, 0, 1, 0
4, 98, 0, 1, 0
4, 98, 0, 1, 0
4, 98, 0, 1, 0
4, 98, 0, 1, 0
4, 98, 0, 1, 0
4, 98, 0, 1, 0
4, 99, 0, 1, 0
4, 99, 0, 1, 0
4, 99, 0, 1, 0
4, 99, 0, 1, 0
4, 99, 0, 1, 0
4, 99, 0, 1, 0
4, 99, 0, 1, 0
4, 99, 0, 1, 0
4, 99, 0, 1, 0
4, 99, 0, 1, 0
4, 99, 0, 1, 0
4, 99, 0, 0, 0
4, 99, 0, 1, 0
4, 99, 0, 0, 0
4, 99, 0, 0, 0
4, 99, 0, 0, 0
4, 99, 0, 0, 0
4, 99, 0, 0, 0
4, 99, 0, 0, 0
4, 99, 0, 1, 0
4, 99, 0, 1, 0
4, 99, 0, 1, 0
4, 99, 0, 1, 0
4, 99, 0, 1, 0
4, 99, 0, 1, 0
4, 99, 0, 0, 0
4, 99, 0, 0, 0
4, 99, 0, 1, 0
4, 99, 0, 1, 0
4, 99, 0, 1, 0
4, 99, 0, 1, 0
4, 99, 0, 1, 0
4, 99, 0, 1, 0
4, 99, 0, 1, 0
4, 99, 0, 1, 0
4, 99, 0, 1, 0
5, 99, 0, 1, 0
4, 99, 0, 1, 0
4, 99, 0, 1, 0
4, 99, 0, 1, 0
4, 99, 0, 1, 0
4, 99, 0, 1, 0
4, 99, 0, 1, 0
4, 99, 0, 1, 0
4, 99, 0, 1, 0
4, 99, 0, 1, 0
4, 99, 0, 1, 0
4, 99, 0, 1, 0
4, 98, 0, 1, 0
4, 98, 0, 1, 0
4, 98, 0, 1, 0
4, 98, 0, 1, 0
4, 98, 0, 1, 0
4, 98, 0, 1, 0
4, 98, 0, 1, 0
4, 98, 0, 1, 0
4, 98, 0, 1, 0
4, 98, 0, 1, 0
4, 98, 0, 1, 0
4, 98, 0, 1, 0
4, 98, 0, 1, 0
4, 98, 0, 1, 0
4, 98, 0, 1, 0
4, 98, 0, 1, 0
4, 98, 0, 1, 0
4, 98, 0, 1, 0
4, 98, 0, 1, 0
4, 98, 0, 1, 0
4, 98, 0, 1, 0
4, 98, 0, 1, 0
4, 98, 0, 1, 0
4, 98, 0, 1, 0
4, 98, 0, 1, 0
4, 98, 0, 1, 0
4, 98, 0, 1, 0
4, 98, 0, 1, 0
4, 98, 0, 1, 0
4, 98, 0, 1, 0
4, 98, 0, 1, 0
4, 98, 0, 1, 0
4, 98, 0, 1, 0
4, 98, 0, 1, 0
4, 98, 0, 1, 0
4, 98, 0, 1, 0
4, 98, 0, 1, 0
4, 98, 0, 1, 0
4, 98, 0, 1, 0
4, 98, 0, 1, 0
4, 98, 0, 1, 0
4, 98, 0, 1, 0
4, 98, 0, 1, 0
4, 98, 0, 1, 0
4, 98, 0, 1, 0
4, 98, 0, 1, 0
4, 98, 0, 1, 0
4, 98, 0, 1, 0
4, 97, 0, 1, 0
4, 97, 0, 1, 0
4, 97, 0, 1, 0
4, 97, 0, 1, 0
4, 97, 0, 1, 0
4, 97, 0, 1, 0
4, 97, 0, 1, 0
4, 97, 0, 1, 0
4, 98, 0, 1, 0
4, 98, 0, 1, 0
4, 98, 0, 1, 0
4, 98, 0, 1, 0
4, 98, 0, 1, 0
4, 98, 0, 1, 0
4, 98, 0, 1, 0
4, 98, 0, 1, 0
4, 98, 0, 1, 0
4, 98, 0, 1, 0
4, 98, 0, 1, 0
4, 98, 0, 1, 0
4, 98, 0, 1, 0
4, 98, 0, 1, 0
4, 98, 0, 1, 0
4, 98, 0, 1, 0
4, 98, 0, 1, 0
4, 98, 0, 1, 0
4, 98, 0, 1, 0
4, 98, 0, 1, 0
4, 98, 0, 1, 0
4, 98, 0, 1, 0
4, 98, 0, 1, 0
4, 98, 0, 1, 0
4, 98, 0, 1, 0
4, 98, 0, 1, 0
4, 98, 0, 1, 0
4, 98, 0, 1, 0
4, 98, 0, 1, 0
4, 98, 0, 1, 0
4, 98, 0, 1, 0
4, 98, 0, 1, 0
4, 98, 0, 1, 0
4, 98, 0, 1, 0
4, 98, 0, 1, 0
4, 98, 0, 1, 0
4, 98, 0, 1, 0
4, 98, 0, 1, 0
4, 98, 0, 1, 0
4, 98, 0, 1, 0
4, 98, 0, 1, 0
4, 98, 0, 1, 0
4, 98, 0, 1, 0
4, 98, 0, 1, 0
4, 98, 0, 1, 0
4, 98, 0, 1, 0
4, 98, 0, 1, 0
4, 98, 0, 1, 0
4, 98, 0, 1, 0
4, 98, 0, 1, 0
4, 98, 0, 1, 0
4, 98, 0, 1, 0
4, 98, 0, 1, 0
4, 98, 0, 1, 0
4, 98, 0, 1, 0
4, 98, 0, 1, 0
4, 98, 0, 1, 0
4, 98, 0, 1, 0
4, 98, 0, 1, 0
4, 98, 0, 1, 0
4, 98, 0, 1, 0
4, 98, 0, 1, 0
4, 98, 0, 1, 0
4, 99, 0, 1, 0
4, 99, 0, 1, 0
4, 99, 0, 1, 0
4, 99, 0, 1, 0
4, 99, 0, 1, 0
4, 99, 0, 1, 0
4, 99, 0, 1, 0
4, 99, 0, 1, 0
4, 99, 0, 1, 0
4, 99, 0, 1, 0
4, 99, 0, 1, 0
4, 99, 0, 1, 0
4, 99, 0, 1, 0
4, 99, 0, 1, 0
4, 99, 0, 1, 0
4, 99, 0, 1, 0
4, 99, 0, 1, 0
4, 99, 0, 1, 0
4, 99, 0, 1, 0
4, 99, 0, 1, 0
4, 99, 0, 1, 0
4, 99, 0, 1, 0
4, 99, 0, 1, 0
4, 99, 0, 1, 0
4, 99, 0, 1, 0
4, 99, 0, 1, 0
4, 99, 0, 0, 0
4, 99, 0, 1, 0
4, 99, 0, 1, 0
4, 99, 0, 1, 0
4, 99, 0, 0, 0
4, 99, 0, 0, 0
4, 99, 0, 0, 0
4, 99, 0, 0, 0
4, 99, 0, 0, 0
4, 99, 0, 0, 0
4, 99, 0, 1, 0
4, 99, 0, 1, 0
4, 99, 0, 1, 0
4, 99, 0, 1, 0
4, 99, 0, 1, 0
4, 99, 0, 1, 0
4, 99, 0, 1, 0
4, 99, 0, 1, 0
4, 99, 0, 1, 0
4, 99, 0, 1, 0
4, 99, 0, 1, 0
4, 99, 0, 1, 0
4, 99, 0, 1, 0
4, 99, 0, 1, 0
4, 99, 0, 1, 0
4, 99, 0, 1, 0
4, 99, 0, 1, 0
4, 99, 0, 1, 0
4, 99, 0, 1, 0
4, 99, 0, 1, 0
4, 99, 0, 1, 0
4, 99, 0, 1, 0
4, 99, 0, 1, 0
4, 99, 0, 1, 0
4, 99, 0, 1, 0
4, 99, 0, 1, 0
4, 98, 0, 1, 0
4, 98, 0, 1, 0
4, 98, 0, 1, 0
4, 98, 0, 1, 0
4, 98, 0, 1, 0
4, 98, 0, 1, 0
4, 98, 0, 1, 0
4, 98, 0, 1, 0
4, 98, 0, 1, 0
4, 98, 0, 1, 0
4, 98, 0, 1, 0
4, 98, 0, 1, 0
4, 98, 0, 1, 0
4, 98, 0, 1, 0
4, 98, 0, 1, 0
4, 98, 0, 1, 0
4, 98, 0, 1, 0
4, 98, 0, 1, 0
4, 98, 0, 1, 0
4, 98, 0, 1, 0
4, 98, 0, 1, 0
4, 98, 0, 1, 0
4, 98, 0, 1, 0
4, 98, 0, 1, 0
4, 98, 0, 1, 0
4, 98, 0, 1, 0
4, 98, 0, 1, 0
4, 98, 0, 1, 0
4, 98, 0, 1, 0
4, 98, 0, 1, 0
4, 98, 0, 1, 0
4, 98, 0, 1, 0
4, 98, 0, 1, 0
4, 98, 0, 1, 0
4, 98, 0, 1, 0
4, 98, 0, 1, 0
4, 98, 0, 1, 0
4, 98, 0, 1, 0
4, 98, 0, 1, 0
4, 98, 0, 1, 0
4, 98, 0, 1, 0
4, 98, 0, 1, 0
4, 97, 0, 1, 0
4, 97, 0, 1, 0
4, 96, 0, 1, 0
4, 90, 0, 1, 0
4, 0, 0, 1, 0
4, 0, 0, 1, 0
4, 0, 0, 1, 0
4, 0, 0, 1, 0
4, 0, 0, 1, 0
4, 0, 0, 1, 0
4, 0, 0, 1, 0
4, 0, 0, 1, 0
4, 0, 0, 1, 0
4, 0, 0, 1, 0
4, 0, 0, 1, 0
4, 0, 0, 1, 0
4, 0, 0, 1, 0
4, 0, 0, 1, 0
4, 0, 0, 1, 0
4, 86, 0, 1, 0
4, 97, 0, 1, 0
4, 98, 0, 1, 0
4, 98, 0, 1, 0
4, 98, 0, 1, 0
4, 98, 0, 1, 0
4, 98, 0, 1, 0
4, 98, 0, 1, 0
4, 98, 0, 1, 0
4, 98, 0, 1, 0
4, 98, 0, 1, 0
4, 98, 0, 1, 0
4, 98, 0, 1, 0
4, 98, 0, 1, 0
4, 98, 0, 1, 0
4, 98, 0, 1, 0
4, 98, 0, 1, 0
4, 98, 0, 1, 0
4, 98, 0, 1, 0
4, 98, 0, 1, 0
4, 98, 0, 1, 0
4, 98, 0, 1, 0
4, 98, 0, 1, 0
4, 98, 0, 1, 0
4, 98, 0, 1, 0
4, 98, 0, 1, 0
4, 98, 0, 1, 0
4, 98, 0, 1, 0
4, 98, 0, 1, 0
4, 98, 0, 1, 0
4, 98, 0, 1, 0
4, 98, 0, 1, 0
4, 98, 0, 1, 0
4, 98, 0, 1, 0
4, 98, 0, 1, 0
4, 98, 0, 1, 0
4, 98, 0, 1, 0
4, 98, 0, 1, 0
4, 99, 0, 1, 0
4, 99, 0, 1, 0
4, 99, 0, 1, 0
4, 99, 0, 1, 0
4, 99, 0, 1, 0
4, 99, 0, 1, 0
4, 99, 0, 1, 0
4, 99, 0, 1, 0
4, 99, 0, 1, 0
4, 99, 0, 1, 0
4, 99, 0, 1, 0
4, 99, 0, 1, 0
4, 99, 0, 1, 0
4, 99, 0, 1, 0
4, 99, 0, 1, 0
4, 99, 0, 1, 0
4, 99, 0, 1, 0
4, 99, 0, 0, 0
4, 99, 0, 0, 0
4, 99, 0, 1, 0
4, 99, 0, 0, 0
4, 99, 0, 0, 0
4, 99, 0, 0, 0
4, 99, 0, 1, 0
4, 99, 0, 1, 0
4, 99, 0, 0, 0
4, 99, 0, 0, 0
4, 99, 0, 0, 0
4, 99, 0, 0, 0
4, 99, 0, 0, 0
4, 99, 0, 0, 0
4, 99, 0, 0, 0
4, 99, 0, 0, 0
4, 99, 0, 0, 0
4, 99, 0, 0, 0
4, 99, 0, 0, 0
4, 99, 0, 0, 0
4, 99, 0, 0, 0
4, 99, 0, 0, 0
4, 99, 0, 0, 0
4, 99, 0, 0, 0
4, 99, 0, 0, 0
4, 99, 0, 0, 0
4, 99, 0, 0, 0
4, 99, 0, 1, 0
4, 99, 0, 1, 0
4, 99, 0, 1, 0
4, 99, 0, 1, 0
4, 99, 0, 1, 0
4, 99, 0, 1, 0
4, 99, 0, 1, 0
4, 99, 0, 1, 0
4, 99, 0, 1, 0
4, 99, 0, 1, 0
4, 99, 0, 1, 0
4, 99, 0, 1, 0
4, 99, 0, 1, 0
4, 99, 0, 1, 0
4, 99, 0, 1, 0
4, 99, 0, 1, 0
4, 99, 0, 1, 0
4, 98, 0, 1, 0
4, 98, 0, 1, 0
4, 98, 0, 1, 0
4, 98, 0, 1, 0
4, 98, 0, 1, 0
4, 98, 0, 1, 0
4, 98, 0, 1, 0
4, 98, 0, 1, 0
4, 98, 0, 1, 0
4, 98, 0, 1, 0
4, 98, 0, 1, 0
4, 98, 0, 1, 0
4, 98, 0, 1, 0
4, 98, 0, 1, 0
4, 98, 0, 1, 0
4, 98, 0, 1, 0
4, 98, 0, 1, 0
4, 98, 0, 1, 0
4, 98, 0, 1, 0
4, 98, 0, 1, 0
4, 98, 0, 1, 0
4, 98, 0, 1, 0
4, 98, 0, 1, 0
4, 98, 0, 1, 0
4, 98, 0, 1, 0
4, 98, 0, 1, 0
4, 98, 0, 1, 0
4, 98, 0, 1, 0
4, 98, 0, 1, 0
4, 98, 0, 1, 0
4, 98, 0, 1, 0
4, 98, 0, 1, 0
4, 98, 0, 1, 0
4, 98, 0, 1, 0
4, 98, 0, 1, 0
4, 98, 0, 1, 0
4, 98, 0, 1, 0
4, 98, 0, 1, 0
4, 98, 0, 1, 0
4, 98, 0, 1, 0
4, 98, 0, 1, 0
4, 98, 0, 1, 0
4, 98, 0, 1, 0
4, 97, 0, 1, 0
4, 97, 0, 1, 0
4, 97, 0, 1, 0
4, 76, 0, 1, 0
4, 75, 0, 1, 0
4, 76, 0, 1, 0
4, 76, 0, 1, 0
4, 76, 0, 1, 0
4, 75, 0, 1, 0
4, 75, 0, 1, 0
4, 75, 0, 1, 0
4, 65, 0, 1, 0
4, 58, 0, 1, 0
4, 1, 0, 1, 0
4, 1, 0, 1, 0
4, 2, 0, 1, 0
4, 61, 0, 1, 0
4, 64, 0, 1, 0
4, 96, 0, 1, 0
4, 97, 0, 1, 0
4, 97, 0, 1, 0
4, 97, 0, 1, 0
4, 97, 0, 1, 0
4, 98, 0, 1, 0
4, 98, 0, 1, 0
4, 98, 0, 1, 0
4, 98, 0, 1, 0
4, 98, 0, 1, 0
4, 98, 0, 1, 0
4, 98, 0, 1, 0
4, 98, 0, 1, 0
4, 98, 0, 1, 0
4, 98, 0, 1, 0
4, 98, 0, 1, 0
4, 98, 0, 1, 0
4, 98, 0, 1, 0
4, 98, 0, 1, 0
4, 98, 0, 1, 0
4, 98, 0, 1, 0
4, 98, 0, 1, 0
4, 98, 0, 1, 0
4, 98, 0, 1, 0
4, 98, 0, 1, 0
4, 98, 0, 1, 0
4, 98, 0, 1, 0
4, 98, 0, 1, 0
4, 98, 0, 1, 0
4, 98, 0, 1, 0
4, 98, 0, 1, 0
4, 98, 0, 1, 0
4, 98, 0, 1, 0
4, 98, 0, 1, 0
4, 98, 0, 1, 0
4, 98, 0, 1, 0
4, 98, 0, 1, 0
4, 98, 0, 1, 0
4, 98, 0, 1, 0
4, 98, 0, 1, 0
4, 98, 0, 1, 0
4, 98, 0, 1, 0
4, 98, 0, 1, 0
4, 98, 0, 1, 0
4, 98, 0, 1, 0
4, 99, 0, 1, 0
4, 99, 0, 1, 0
4, 99, 0, 1, 0
4, 99, 0, 1, 0
4, 99, 0, 1, 0
4, 99, 0, 1, 0
4, 99, 0, 1, 0
4, 99, 0, 0, 0
4, 99, 0, 1, 0
4, 99, 0, 0, 0
4, 99, 0, 0, 0
4, 99, 0, 0, 0
4, 99, 0, 0, 0
4, 99, 0, 0, 0
4, 99, 0, 0, 0
4, 99, 0, 0, 0
4, 99, 0, 0, 0
4, 99, 0, 0, 0
4, 99, 0, 0, 0
4, 99, 0, 0, 0
4, 99, 0, 1, 0
4, 99, 0, 1, 0
4, 99, 0, 0, 0
4, 99, 0, 0, 0
4, 99, 0, 1, 0
4, 99, 0, 0, 0
4, 99, 0, 0, 0
4, 99, 0, 0, 0
4, 99, 0, 0, 0
4, 99, 0, 0, 0
4, 99, 0, 0, 0
4, 99, 0, 0, 0
4, 99, 0, 0, 0
4, 99, 0, 0, 0
4, 99, 0, 0, 0
4, 99, 0, 0, 0
4, 99, 0, 1, 0
4, 99, 0, 1, 0
4, 99, 0, 1, 0
4, 99, 0, 1, 0
4, 99, 0, 1, 0
4, 99, 0, 1, 0
4, 99, 0, 1, 0
4, 99, 0, 1, 0
4, 99, 0, 1, 0
4, 99, 0, 1, 0
4, 99, 0, 1, 0
4, 99, 0, 1, 0
4, 99, 0, 1, 0
4, 99, 0, 1, 0
4, 99, 0, 1, 0
4, 99, 0, 1, 0
4, 99, 0, 1, 0
4, 99, 0, 1, 0
4, 99, 0, 1, 0
4, 99, 0, 1, 0
4, 99, 0, 1, 0
4, 99, 0, 1, 0
4, 99, 0, 1, 0
4, 98, 0, 1, 0
4, 98, 0, 1, 0
4, 98, 0, 1, 0
4, 98, 0, 1, 0
4, 98, 0, 1, 0
4, 98, 0, 1, 0
4, 98, 0, 1, 0
4, 98, 0, 1, 0
4, 98, 0, 1, 0
4, 98, 0, 1, 0
4, 98, 0, 1, 0
4, 98, 0, 1, 0
4, 98, 0, 1, 0
4, 98, 0, 1, 0
4, 98, 0, 1, 0
4, 98, 0, 1, 0
4, 98, 0, 1, 0
4, 98, 0, 1, 0
4, 98, 0, 1, 0
4, 98, 0, 1, 0
4, 98, 0, 1, 0
4, 98, 0, 1, 0
4, 98, 0, 1, 0
4, 98, 0, 1, 0
4, 98, 0, 1, 0
4, 98, 0, 1, 0
4, 98, 0, 1, 0
4, 98, 0, 1, 0
4, 98, 0, 1, 0
4, 98, 0, 1, 0
4, 98, 0, 1, 0
4, 98, 0, 1, 0
4, 98, 0, 1, 0
4, 98, 0, 1, 0
4, 98, 0, 1, 0
4, 98, 0, 1, 0
4, 98, 0, 1, 0
4, 98, 0, 1, 0
4, 98, 0, 1, 0
4, 98, 0, 1, 0
4, 98, 0, 1, 0
4, 98, 0, 1, 0
4, 98, 0, 1, 0
4, 98, 0, 1, 0
4, 98, 0, 1, 0
4, 98, 0, 1, 0
4, 98, 0, 1, 0
4, 98, 0, 1, 0
4, 98, 0, 1, 0
4, 98, 0, 1, 0
4, 98, 0, 1, 0
4, 98, 0, 1, 0
4, 98, 0, 1, 0
4, 98, 0, 1, 0
4, 98, 0, 1, 0
4, 98, 0, 1, 0
4, 98, 0, 1, 0
4, 98, 0, 1, 0
4, 98, 0, 1, 0
4, 98, 0, 1, 0
4, 98, 0, 1, 0
4, 98, 0, 1, 0
4, 98, 0, 1, 0
4, 98, 0, 1, 0
4, 98, 0, 1, 0
4, 98, 0, 1, 0
4, 98, 0, 1, 0
4, 98, 0, 1, 0
4, 98, 0, 1, 0
4, 98, 0, 1, 0
4, 98, 0, 1, 0
4, 98, 0, 1, 0
4, 98, 0, 1, 0
4, 98, 0, 1, 0
4, 98, 0, 1, 0
4, 98, 0, 1, 0
4, 98, 0, 1, 0
4, 98, 0, 1, 0
4, 98, 0, 1, 0
4, 98, 0, 1, 0
4, 98, 0, 1, 0
4, 98, 0, 1, 0
4, 98, 0, 1, 0
4, 98, 0, 1, 0
4, 98, 0, 1, 0
4, 98, 0, 1, 0
4, 98, 0, 1, 0
4, 98, 0, 1, 0
4, 98, 0, 1, 0
4, 98, 0, 1, 0
4, 98, 0, 1, 0
4, 98, 0, 1, 0
4, 98, 0, 1, 0
4, 98, 0, 1, 0
4, 98, 0, 1, 0
4, 98, 0, 1, 0
4, 98, 0, 1, 0
4, 98, 0, 1, 0
4, 98, 0, 1, 0
4, 98, 0, 1, 0
4, 98, 0, 1, 0
4, 98, 0, 1, 0
4, 98, 0, 1, 0
4, 98, 0, 1, 0
4, 98, 0, 1, 0
4, 99, 0, 1, 0
4, 99, 0, 1, 0
4, 99, 0, 1, 0
4, 99, 0, 1, 0
4, 99, 0, 1, 0
4, 99, 0, 1, 0
4, 99, 0, 1, 0
4, 99, 0, 1, 0
4, 99, 0, 1, 0
4, 99, 0, 1, 0
4, 99, 0, 1, 0
4, 99, 0, 1, 0
4, 99, 0, 1, 0
4, 99, 0, 1, 0
4, 99, 0, 1, 0
4, 99, 0, 0, 0
4, 99, 0, 1, 0
4, 99, 0, 1, 0
4, 99, 0, 0, 0
4, 99, 0, 0, 0
4, 99, 0, 0, 0
4, 99, 0, 0, 0
4, 99, 0, 0, 0
4, 99, 0, 0, 0
4, 99, 0, 0, 0
4, 99, 0, 0, 0
4, 99, 0, 0, 0
4, 99, 0, 0, 0
4, 99, 0, 0, 0
4, 99, 0, 0, 0
4, 99, 0, 0, 0
4, 99, 0, 0, 0
4, 99, 0, 0, 0
4, 99, 0, 0, 0
4, 99, 0, 0, 0
4, 99, 0, 0, 0
4, 99, 0, 0, 0
4, 99, 0, 0, 0
4, 99, 0, 0, 0
4, 99, 0, 0, 0
4, 99, 0, 0, 0
4, 99, 0, 1, 0
4, 99, 0, 0, 0
4, 99, 0, 0, 0
4, 99, 0, 0, 0
4, 99, 0, 0, 0
4, 99, 0, 0, 0
4, 99, 0, 0, 0
4, 99, 0, 0, 0
4, 99, 0, 0, 0
4, 99, 0, 0, 0
4, 99, 0, 0, 0
4, 99, 0, 0, 0
4, 99, 0, 0, 0
4, 99, 0, 0, 0
4, 99, 0, 0, 0
4, 99, 0, 0, 0
4, 99, 0, 0, 0
4, 99, 0, 0, 0
4, 99, 0, 0, 0
4, 99, 0, 0, 0
4, 99, 0, 0, 0
4, 99, 0, 0, 0
4, 99, 0, 0, 0
4, 99, 0, 0, 0
4, 99, 0, 0, 0
4, 99, 0, 0, 0
4, 99, 0, 0, 0
4, 99, 0, 0, 0
4, 99, 0, 0, 0
4, 99, 0, 0, 0
4, 99, 0, 0, 0
4, 99, 0, 0, 0
4, 99, 0, 0, 0
4, 99, 0, 0, 0
4, 99, 0, 0, 0
4, 99, 0, 0, 0
4, 99, 0, 0, 0
4, 99, 0, 0, 0
4, 99, 0, 0, 0
4, 99, 0, 1, 0
4, 99, 0, 1, 0
4, 99, 0, 1, 0
4, 99, 0, 1, 0
4, 99, 0, 1, 0
4, 99, 0, 1, 0
4, 99, 0, 1, 0
4, 99, 0, 1, 0
4, 99, 0, 1, 0
4, 99, 0, 1, 0
4, 99, 0, 1, 0
4, 99, 0, 1, 0
4, 99, 0, 1, 0
4, 99, 0, 1, 0
4, 99, 0, 1, 0
4, 98, 0, 1, 0
4, 98, 0, 1, 0
4, 98, 0, 1, 0
4, 98, 0, 1, 0
4, 98, 0, 1, 0
4, 98, 0, 1, 0
4, 98, 0, 1, 0
4, 98, 0, 1, 0
4, 98, 0, 1, 0
4, 98, 0, 1, 0
4, 98, 0, 1, 0
4, 98, 0, 1, 0
4, 98, 0, 1, 0
4, 98, 0, 1, 0
4, 98, 0, 1, 0
4, 98, 0, 1, 0
4, 98, 0, 1, 0
4, 98, 0, 1, 0
4, 98, 0, 1, 0
4, 98, 0, 1, 0
4, 98, 0, 1, 0
4, 98, 0, 1, 0
4, 98, 0, 1, 0
4, 98, 0, 1, 0
4, 98, 0, 1, 0
4, 98, 0, 1, 0
4, 98, 0, 1, 0
4, 98, 0, 1, 0
4, 98, 0, 1, 0
4, 98, 0, 1, 0
4, 98, 0, 1, 0
4, 98, 0, 1, 0
4, 98, 0, 1, 0
4, 98, 0, 1, 0
4, 98, 0, 1, 0
4, 98, 0, 1, 0
4, 98, 0, 1, 0
4, 98, 0, 1, 0
4, 98, 0, 1, 0
4, 98, 0, 1, 0
4, 98, 0, 1, 0
4, 98, 0, 1, 0
4, 98, 0, 1, 0
4, 98, 0, 1, 0
4, 98, 0, 1, 0
4, 98, 0, 1, 0
4, 97, 0, 1, 0
4, 82, 0, 1, 0
4, 0, 0, 1, 0
4, 0, 0, 1, 0
4, 0, 0, 1, 0
4, 0, 0, 1, 0
4, 0, 0, 1, 0
4, 0, 0, 1, 0
4, 0, 0, 1, 0
4, 0, 0, 1, 0
4, 0, 0, 1, 0
4, 0, 0, 1, 0
4, 3, 0, 1, 0
4, 97, 0, 1, 0
4, 97, 0, 1, 0
4, 98, 0, 1, 0
4, 98, 0, 1, 0
4, 98, 0, 1, 0
4, 98, 0, 1, 0
4, 98, 0, 1, 0
4, 98, 0, 1, 0
4, 98, 0, 1, 0
4, 98, 0, 1, 0
4, 98, 0, 1, 0
4, 98, 0, 1, 0
4, 98, 0, 1, 0
4, 98, 0, 1, 0
4, 98, 0, 1, 0
4, 98, 0, 1, 0
4, 98, 0, 1, 0
4, 98, 0, 1, 0
4, 98, 0, 1, 0
4, 98, 0, 1, 0
4, 98, 0, 1, 0
4, 98, 0, 1, 0
4, 98, 0, 1, 0
4, 98, 0, 1, 0
4, 98, 0, 1, 0
4, 98, 0, 1, 0
4, 98, 0, 1, 0
4, 98, 0, 1, 0
4, 98, 0, 1, 0
4, 98, 0, 1, 0
4, 98, 0, 1, 0
4, 98, 0, 1, 0
4, 98, 0, 1, 0
4, 98, 0, 1, 0
4, 98, 0, 1, 0
4, 98, 0, 1, 0
4, 98, 0, 1, 0
4, 98, 0, 1, 0
4, 98, 0, 1, 0
4, 98, 0, 1, 0
4, 98, 0, 1, 0
4, 98, 0, 1, 0
4, 98, 0, 1, 0
4, 98, 0, 1, 0
4, 98, 0, 1, 0
4, 98, 0, 1, 0
4, 98, 0, 1, 0
4, 98, 0, 1, 0
4, 99, 0, 1, 0
4, 99, 0, 1, 0
4, 99, 0, 1, 0
4, 98, 0, 1, 0
4, 99, 0, 1, 0
4, 99, 0, 1, 0
4, 99, 0, 1, 0
4, 99, 0, 1, 0
4, 99, 0, 1, 0
4, 99, 0, 1, 0
4, 99, 0, 1, 0
4, 99, 0, 1, 0
4, 99, 0, 1, 0
4, 99, 0, 1, 0
4, 99, 0, 1, 0
4, 99, 0, 1, 0
4, 99, 0, 1, 0
4, 99, 0, 1, 0
4, 99, 0, 1, 0
4, 99, 0, 1, 0
4, 99, 0, 1, 0
4, 99, 0, 1, 0
4, 99, 0, 1, 0
4, 99, 0, 1, 0
4, 99, 0, 1, 0
4, 99, 0, 1, 0
4, 99, 0, 1, 0
4, 99, 78, 0, 0
4, 99, 78, 1, 0
4, 99, 78, 1, 0
4, 98, 0, 1, 0
4, 98, 0, 1, 0
4, 98, 0, 1, 0
4, 98, 0, 1, 0
4, 98, 0, 1, 0
4, 98, 0, 1, 0
4, 98, 0, 1, 0
4, 98, 0, 1, 0
4, 98, 0, 1, 0
4, 98, 0, 1, 0
4, 98, 0, 1, 0
4, 98, 0, 1, 0
5, 98, 0, 1, 0
4, 98, 0, 1, 0
4, 98, 0, 1, 0
4, 98, 0, 1, 0
4, 98, 0, 1, 0
4, 98, 0, 1, 0
4, 98, 0, 1, 0
4, 98, 0, 1, 0
4, 98, 0, 1, 0
4, 98, 0, 1, 0
4, 98, 0, 1, 0
4, 98, 0, 1, 0
4, 98, 0, 1, 0
4, 98, 0, 1, 0
4, 98, 0, 1, 0
4, 98, 0, 1, 0
4, 98, 0, 1, 0
4, 98, 0, 1, 0
4, 98, 0, 1, 0
4, 98, 0, 1, 0
4, 98, 0, 1, 0
4, 98, 0, 1, 0
4, 98, 0, 1, 0
4, 98, 0, 1, 0
4, 98, 0, 1, 0
4, 98, 0, 1, 0
4, 98, 0, 1, 0
4, 98, 0, 1, 0
4, 98, 0, 1, 0
4, 98, 0, 1, 0
4, 98, 0, 1, 0
4, 98, 0, 1, 0
4, 98, 0, 1, 0
4, 98, 0, 1, 0
4, 98, 0, 1, 0
4, 98, 0, 1, 0
4, 98, 0, 1, 0
4, 98, 0, 1, 0
4, 98, 0, 1, 0
4, 98, 0, 1, 0
4, 98, 0, 1, 0
4, 98, 0, 1, 0
4, 97, 0, 1, 0
4, 0, 0, 1, 0
4, 0, 0, 1, 0
4, 0, 0, 1, 0
4, 0, 0, 1, 0
4, 0, 0, 1, 0
4, 0, 0, 1, 0
4, 0, 0, 1, 0
4, 0, 0, 1, 0
4, 0, 0, 1, 0
4, 0, 0, 1, 0
4, 0, 0, 1, 0
4, 0, 0, 1, 0
4, 0, 0, 1, 0
4, 0, 0, 1, 0
4, 0, 0, 1, 0
4, 0, 0, 1, 0
4, 0, 0, 1, 0
4, 0, 0, 1, 0
4, 0, 0, 1, 0
4, 0, 0, 1, 0
4, 0, 0, 0, 0
4, 0, 0, 0, 0
4, 0, 0, 0, 0
4, 0, 0, 0, 0
4, 0, 0, 0, 0
4, 0, 0, 0, 0
4, 0, 0, 0, 0
4, 0, 0, 0, 0
4, 0, 0, 0, 0
4, 0, 0, 0, 0
4, 0, 0, 0, 0
4, 0, 0, 0, 0
4, 0, 0, 0, 0
4, 0, 0, 0, 0
4, 0, 0, 0, 0
4, 0, 0, 0, 0
4, 0, 0, 0, 0
4, 0, 0, 0, 0
4, 0, 0, 0, 0
4, 0, 0, 0, 0
4, 0, 0, 1, 0
4, 0, 0, 1, 0
4, 0, 0, 1, 0
4, 0, 0, 1, 0
4, 0, 0, 1, 0
4, 0, 0, 1, 0
4, 0, 0, 1, 0
4, 0, 0, 1, 0
4, 0, 0, 1, 0
4, 0, 0, 1, 0
4, 0, 0, 1, 0
4, 0, 0, 1, 0
4, 0, 0, 1, 0
4, 0, 0, 1, 0
4, 0, 0, 1, 0
4, 0, 0, 1, 0
4, 0, 0, 1, 0
4, 0, 0, 1, 0
4, 0, 0, 1, 0
4, 0, 0, 1, 0
4, 0, 0, 1, 0
4, 0, 0, 1, 0
4, 0, 0, 1, 0
4, 98, 0, 1, 0
4, 98, 0, 1, 0
4, 98, 0, 1, 0
4, 98, 0, 1, 0
4, 98, 0, 1, 0
4, 98, 0, 1, 0
4, 98, 0, 1, 0
4, 98, 0, 1, 0
4, 98, 0, 1, 0
4, 98, 0, 1, 0
4, 98, 0, 1, 0
4, 98, 0, 1, 0
4, 98, 0, 1, 0
4, 98, 0, 1, 0
4, 98, 0, 1, 0
4, 98, 0, 1, 0
4, 98, 0, 1, 0
4, 98, 0, 1, 0
4, 98, 0, 1, 0
4, 98, 0, 1, 0
4, 98, 0, 1, 0
4, 98, 0, 1, 0
4, 98, 0, 1, 0
4, 98, 0, 1, 0
4, 98, 0, 1, 0
4, 98, 0, 1, 0
4, 98, 0, 1, 0
4, 98, 0, 1, 0
4, 98, 0, 1, 0
4, 98, 0, 1, 0
4, 98, 0, 1, 0
4, 98, 0, 1, 0
4, 98, 0, 1, 0
4, 98, 0, 1, 0
4, 98, 0, 1, 0
4, 98, 0, 1, 0
4, 98, 0, 1, 0
4, 98, 0, 1, 0
4, 98, 0, 1, 0
4, 98, 0, 1, 0
4, 98, 0, 1, 0
4, 98, 0, 1, 0
4, 98, 0, 1, 0
4, 98, 0, 1, 0
4, 98, 0, 1, 0
4, 98, 0, 1, 0
4, 98, 0, 1, 0
4, 98, 0, 1, 0
4, 98, 0, 1, 0
4, 98, 0, 1, 0
4, 98, 0, 1, 0
4, 98, 0, 1, 0
4, 98, 0, 1, 0
4, 98, 0, 1, 0
4, 98, 0, 1, 0
4, 98, 0, 1, 0
4, 98, 0, 1, 0
4, 98, 0, 1, 0
4, 98, 0, 1, 0
4, 98, 0, 1, 0
4, 99, 0, 1, 0
4, 99, 0, 1, 0
4, 99, 0, 1, 0
4, 99, 0, 1, 0
4, 99, 0, 1, 0
4, 99, 0, 1, 0
4, 99, 0, 1, 0
4, 99, 0, 1, 0
4, 99, 0, 1, 0
4, 99, 0, 1, 0
4, 99, 0, 1, 0
4, 99, 0, 1, 0
4, 99, 0, 1, 0
4, 99, 0, 1, 0
4, 99, 0, 1, 0
4, 99, 0, 1, 0
4, 99, 0, 1, 0
4, 99, 0, 1, 0
4, 99, 0, 1, 0
4, 99, 0, 1, 0
4, 99, 0, 1, 0
4, 99, 0, 0, 0
4, 99, 0, 0, 0
4, 99, 0, 0, 0
4, 99, 0, 0, 0
4, 99, 0, 0, 0
4, 99, 0, 0, 0
4, 99, 0, 0, 0
4, 99, 0, 0, 0
4, 99, 0, 1, 0
4, 99, 0, 0, 0
4, 99, 0, 0, 0
4, 99, 0, 0, 0
4, 99, 0, 0, 0
4, 99, 0, 0, 0
4, 99, 0, 0, 0
4, 99, 0, 0, 0
4, 99, 0, 0, 0
4, 99, 0, 0, 0
4, 99, 0, 0, 0
4, 99, 0, 0, 0
4, 99, 0, 0, 0
4, 99, 0, 0, 0
4, 99, 0, 0, 0
4, 99, 0, 0, 0
4, 99, 0, 0, 0
4, 99, 0, 0, 0
4, 99, 0, 0, 0
4, 99, 0, 0, 0
4, 99, 0, 0, 0
4, 99, 0, 0, 0
4, 99, 0, 0, 0
4, 99, 0, 0, 0
4, 99, 0, 0, 0
4, 99, 0, 0, 0
4, 99, 0, 0, 0
4, 99, 0, 0, 0
4, 99, 0, 0, 0
4, 99, 0, 1, 0
4, 99, 0, 1, 0
4, 99, 0, 1, 0
4, 99, 0, 1, 0
4, 99, 0, 1, 0
4, 99, 0, 1, 0
4, 99, 0, 1, 0
4, 99, 0, 1, 0
4, 99, 0, 1, 0
4, 99, 0, 1, 0
4, 99, 0, 1, 0
4, 99, 0, 1, 0
4, 99, 0, 1, 0
4, 99, 0, 1, 0
4, 99, 0, 1, 0
4, 99, 0, 1, 0
4, 99, 0, 1, 0
4, 99, 0, 1, 0
4, 99, 0, 1, 0
4, 99, 0, 1, 0
4, 99, 0, 1, 0
4, 99, 0, 1, 0
4, 99, 0, 1, 0
4, 99, 0, 1, 0
4, 99, 0, 1, 0
4, 99, 0, 1, 0
4, 99, 0, 1, 0
4, 99, 0, 1, 0
4, 99, 0, 1, 0
4, 99, 0, 1, 0
4, 99, 0, 1, 0
4, 99, 0, 1, 0
4, 99, 0, 1, 0
4, 99, 0, 1, 0
4, 99, 0, 1, 0
4, 99, 0, 1, 0
4, 99, 0, 1, 0
4, 99, 0, 1, 0
4, 99, 0, 1, 0
4, 99, 0, 1, 0
4, 99, 0, 1, 0
4, 99, 0, 1, 0
4, 99, 0, 1, 0
4, 99, 0, 1, 0
4, 98, 0, 1, 0
4, 98, 0, 1, 0
4, 98, 0, 1, 0
4, 98, 0, 1, 0
4, 98, 0, 1, 0
4, 98, 0, 1, 0
4, 98, 0, 1, 0
4, 98, 0, 1, 0
4, 98, 0, 1, 0
4, 98, 0, 1, 0
4, 98, 0, 1, 0
4, 98, 0, 1, 0
4, 98, 0, 1, 0
4, 98, 0, 1, 0
4, 98, 0, 1, 0
4, 98, 0, 1, 0
4, 98, 0, 1, 0
4, 98, 0, 1, 0
4, 98, 0, 1, 0
4, 98, 0, 1, 0
4, 98, 0, 1, 0
4, 98, 0, 1, 0
4, 98, 0, 1, 0
4, 98, 0, 1, 0
4, 98, 0, 1, 0
4, 98, 0, 1, 0
4, 98, 0, 1, 0
4, 98, 0, 1, 0
4, 98, 0, 1, 0
4, 98, 0, 1, 0
4, 98, 0, 1, 0
4, 98, 0, 1, 0
4, 98, 0, 1, 0
4, 98, 0, 1, 0
4, 98, 0, 1, 0
4, 98, 0, 1, 0
4, 98, 0, 1, 0
4, 98, 0, 1, 0
4, 98, 0, 1, 0
4, 98, 0, 1, 0
4, 98, 0, 1, 0
4, 98, 0, 1, 0
4, 98, 0, 1, 0
4, 98, 0, 1, 0
4, 0, 0, 1, 0
4, 0, 0, 1, 0
4, 0, 0, 1, 0
4, 0, 0, 1, 0
4, 0, 0, 1, 0
4, 0, 0, 1, 0
4, 0, 0, 1, 0
4, 0, 0, 1, 0
4, 0, 0, 1, 0
4, 0, 0, 1, 0
4, 0, 0, 1, 0
4, 0, 0, 1, 0
4, 0, 0, 1, 0
4, 0, 0, 1, 0
4, 0, 0, 1, 0
4, 0, 0, 1, 0
4, 0, 0, 1, 0
4, 0, 0, 1, 0
4, 0, 0, 1, 0
4, 0, 0, 1, 0
4, 0, 0, 1, 0
4, 0, 0, 1, 0
4, 0, 0, 1, 0
4, 0, 0, 1, 0
4, 0, 0, 1, 0
4, 0, 0, 1, 0
4, 0, 0, 1, 0
4, 0, 0, 1, 0
4, 0, 0, 1, 0
4, 0, 0, 1, 0
4, 0, 0, 1, 0
4, 0, 0, 1, 0
4, 0, 0, 1, 0
4, 0, 0, 1, 0
4, 0, 0, 1, 0
4, 0, 0, 1, 0
4, 0, 0, 1, 0
4, 0, 0, 1, 0
4, 0, 0, 1, 0
4, 0, 0, 1, 0
4, 0, 0, 1, 0
4, 0, 0, 1, 0
4, 0, 0, 1, 0
4, 0, 0, 1, 0
4, 0, 0, 1, 0
4, 0, 0, 1, 0
4, 0, 0, 1, 0
4, 0, 0, 1, 0
4, 0, 0, 1, 0
4, 0, 0, 1, 0
4, 0, 0, 1, 0
4, 0, 0, 1, 0
4, 0, 0, 1, 0
4, 0, 0, 1, 0
4, 0, 0, 1, 0
4, 0, 0, 1, 0
4, 0, 0, 1, 0
4, 0, 0, 1, 0
4, 0, 0, 1, 0
4, 0, 0, 1, 0
4, 0, 0, 1, 0
4, 0, 0, 1, 0
4, 0, 0, 1, 0
4, 0, 0, 1, 0
4, 0, 0, 1, 0
4, 0, 0, 1, 0
4, 0, 0, 1, 0
4, 98, 0, 1, 0
4, 98, 0, 1, 0
4, 98, 0, 1, 0
4, 98, 0, 1, 0
4, 98, 0, 1, 0
4, 98, 0, 1, 0
4, 98, 0, 1, 0
4, 98, 0, 1, 0
4, 98, 0, 1, 0
4, 98, 0, 1, 0
4, 98, 0, 1, 0
4, 98, 0, 1, 0
4, 98, 0, 1, 0
4, 98, 0, 1, 0
4, 98, 0, 1, 0
4, 98, 0, 1, 0
4, 98, 0, 1, 0
4, 98, 0, 1, 0
4, 98, 0, 1, 0
4, 98, 0, 1, 0
4, 98, 0, 1, 0
4, 98, 0, 1, 0
4, 98, 0, 1, 0
4, 98, 0, 1, 0
4, 98, 0, 1, 0
4, 98, 0, 1, 0
4, 98, 0, 1, 0
4, 98, 0, 1, 0
4, 98, 0, 1, 0
4, 98, 0, 1, 0
4, 98, 0, 1, 0
4, 98, 0, 1, 0
4, 98, 0, 1, 0
4, 98, 0, 1, 0
4, 98, 0, 1, 0
4, 98, 0, 1, 0
4, 98, 0, 1, 0
4, 98, 0, 1, 0
4, 98, 0, 1, 0
4, 98, 0, 1, 0
4, 98, 0, 1, 0
4, 98, 0, 1, 0
4, 98, 0, 1, 0
4, 98, 0, 1, 0
4, 98, 0, 1, 0
4, 98, 0, 1, 0
4, 98, 0, 1, 0
4, 98, 0, 1, 0
4, 98, 0, 1, 0
4, 98, 0, 1, 0
4, 97, 0, 1, 0
4, 97, 0, 1, 0
4, 97, 0, 1, 0
4, 97, 0, 1, 0
4, 97, 0, 1, 0
4, 97, 0, 1, 0
4, 96, 0, 1, 0
4, 96, 0, 1, 0
4, 0, 0, 1, 0
4, 0, 0, 1, 0
4, 0, 0, 1, 0
4, 0, 0, 1, 0
4, 0, 0, 1, 0
4, 0, 0, 1, 0
4, 0, 0, 1, 0
4, 0, 0, 1, 0
4, 0, 0, 1, 0
4, 0, 0, 1, 0
4, 0, 0, 1, 0
4, 0, 0, 1, 0
4, 0, 0, 1, 0
4, 0, 0, 1, 0
4, 0, 0, 1, 0
4, 0, 0, 1, 0
4, 0, 0, 1, 0
4, 0, 0, 1, 0
4, 0, 0, 1, 0
4, 0, 0, 1, 0
4, 0, 0, 1, 0
4, 0, 0, 1, 0
4, 0, 0, 1, 0
4, 0, 0, 1, 0
4, 0, 0, 1, 0
4, 0, 0, 1, 0
4, 0, 0, 1, 0
4, 0, 0, 1, 0
4, 0, 0, 1, 0
4, 0, 0, 1, 0
4, 0, 0, 1, 0
4, 0, 0, 1, 0
4, 0, 0, 1, 0
4, 0, 0, 1, 0
4, 0, 0, 1, 0
4, 0, 0, 1, 0
4, 0, 0, 1, 0
4, 0, 0, 1, 0
4, 0, 0, 1, 0
4, 0, 0, 1, 0
4, 0, 0, 1, 0
4, 0, 0, 1, 0
4, 0, 0, 1, 0
4, 0, 0, 1, 0
4, 0, 0, 1, 0
4, 0, 0, 1, 0
4, 0, 0, 1, 0
4, 0, 0, 1, 0
4, 0, 0, 1, 0
4, 0, 0, 1, 0
4, 0, 0, 1, 0
4, 0, 0, 1, 0
4, 0, 0, 1, 0
4, 0, 0, 1, 0
4, 0, 0, 0, 0
4, 0, 0, 0, 0
4, 0, 0, 0, 0
4, 0, 0, 0, 0
4, 0, 0, 0, 0
4, 0, 0, 0, 0
4, 0, 0, 0, 0
4, 0, 0, 0, 0
4, 0, 0, 0, 0
4, 0, 0, 0, 0
4, 0, 0, 0, 0
4, 0, 0, 0, 0
4, 0, 0, 0, 0
4, 0, 0, 0, 0
4, 0, 0, 0, 0
4, 0, 0, 0, 0
4, 0, 0, 0, 0
4, 0, 0, 0, 0
4, 0, 0, 0, 0
4, 0, 0, 0, 0
4, 0, 0, 0, 0
4, 0, 0, 0, 0
4, 0, 0, 0, 0
4, 0, 0, 0, 0
4, 0, 0, 0, 0
4, 0, 0, 0, 0
4, 0, 0, 0, 0
4, 0, 0, 0, 0
4, 0, 0, 0, 0
4, 0, 0, 0, 0
4, 0, 0, 0, 0
4, 0, 0, 0, 0
4, 0, 0, 0, 0
4, 0, 0, 0, 0
4, 0, 0, 0, 0
4, 0, 0, 0, 0
4, 0, 0, 0, 0
4, 0, 0, 0, 0
4, 0, 0, 0, 0
4, 0, 0, 0, 0
4, 0, 0, 0, 0
4, 0, 0, 0, 0
4, 0, 0, 0, 0
4, 0, 0, 0, 0
4, 0, 0, 0, 0
4, 0, 0, 0, 0
4, 0, 0, 0, 0
4, 0, 0, 0, 0
4, 0, 0, 0, 0
4, 0, 0, 0, 0
4, 0, 0, 0, 0
4, 0, 0, 0, 0
4, 0, 0, 0, 0
4, 0, 0, 0, 0
4, 0, 0, 0, 0
4, 0, 0, 1, 0
4, 0, 0, 1, 0
4, 0, 0, 1, 0
4, 0, 0, 1, 0
4, 0, 0, 1, 0
4, 0, 0, 1, 0
4, 0, 0, 1, 0
4, 0, 0, 1, 0
4, 0, 0, 1, 0
4, 0, 0, 1, 0
4, 0, 0, 1, 0
4, 0, 0, 1, 0
4, 0, 0, 1, 0
4, 0, 0, 1, 0
4, 0, 0, 1, 0
4, 0, 0, 1, 0
5, 84, 0, 1, 0
4, 98, 0, 1, 0
4, 98, 0, 1, 0
4, 98, 0, 1, 0
4, 98, 0, 1, 0
4, 98, 0, 1, 0
4, 98, 0, 1, 0
4, 98, 0, 1, 0
4, 98, 0, 1, 0
4, 98, 0, 1, 0
4, 98, 0, 1, 0
4, 98, 0, 1, 0
4, 98, 0, 1, 0
4, 98, 0, 1, 0
4, 98, 0, 1, 0
4, 98, 0, 1, 0
4, 98, 0, 1, 0
4, 98, 0, 1, 0
4, 98, 0, 1, 0
4, 98, 0, 1, 0
4, 98, 0, 1, 0
4, 98, 0, 1, 0
4, 98, 0, 1, 0
4, 98, 0, 1, 0
4, 98, 0, 1, 0
4, 98, 0, 1, 0
4, 98, 0, 1, 0
4, 98, 0, 1, 0
4, 98, 0, 1, 0
4, 98, 0, 1, 0
4, 98, 0, 1, 0
4, 98, 0, 1, 0
4, 98, 0, 1, 0
4, 98, 0, 1, 0
4, 98, 0, 1, 0
4, 98, 0, 1, 0
4, 98, 0, 1, 0
4, 98, 0, 1, 0
4, 98, 0, 1, 0
4, 98, 0, 1, 0
4, 98, 0, 1, 0
4, 98, 0, 1, 0
4, 98, 0, 1, 0
4, 98, 0, 1, 0
4, 98, 0, 1, 0
4, 98, 0, 1, 0
4, 98, 0, 1, 0
4, 98, 0, 1, 0
4, 98, 0, 1, 0
4, 98, 0, 1, 0
4, 98, 0, 1, 0
4, 98, 0, 1, 0
4, 98, 0, 1, 0
4, 98, 0, 1, 0
4, 98, 0, 1, 0
4, 98, 0, 1, 0
4, 98, 0, 1, 0
4, 98, 0, 1, 0
4, 98, 0, 1, 0
4, 98, 0, 1, 0
4, 98, 0, 1, 0
4, 98, 0, 1, 0
4, 98, 0, 1, 0
4, 98, 0, 1, 0
4, 98, 0, 1, 0
4, 98, 0, 1, 0
4, 98, 0, 1, 0
4, 98, 0, 1, 0
4, 98, 0, 1, 0
4, 98, 0, 1, 0
4, 98, 0, 1, 0
4, 98, 0, 1, 0
4, 98, 0, 1, 0
4, 98, 0, 1, 0
4, 98, 0, 1, 0
4, 98, 0, 1, 0
4, 98, 0, 1, 0
4, 98, 0, 1, 0
4, 98, 0, 1, 0
4, 98, 0, 1, 0
4, 98, 0, 1, 0
4, 98, 0, 1, 0
4, 98, 0, 1, 0
4, 98, 0, 1, 0
4, 98, 0, 1, 0
4, 98, 0, 1, 0
4, 98, 0, 1, 0
4, 98, 0, 1, 0
4, 98, 0, 1, 0
4, 98, 0, 1, 0
4, 98, 0, 1, 0
4, 98, 0, 1, 0
4, 98, 0, 1, 0
4, 98, 0, 1, 0
4, 98, 0, 1, 0
4, 98, 0, 1, 0
4, 98, 0, 1, 0
4, 98, 0, 1, 0
4, 98, 0, 1, 0
4, 98, 0, 1, 0
4, 98, 0, 1, 0
4, 98, 0, 1, 0
4, 98, 0, 1, 0
4, 98, 0, 1, 0
4, 98, 0, 1, 0
4, 98, 0, 1, 0
4, 98, 0, 1, 0
4, 98, 0, 1, 0
4, 98, 0, 1, 0
4, 98, 0, 1, 0
4, 98, 0, 1, 0
4, 98, 0, 1, 0
4, 98, 0, 1, 0
4, 98, 0, 1, 0
4, 98, 0, 1, 0
4, 98, 0, 1, 0
4, 98, 0, 1, 0
4, 98, 0, 1, 0
4, 98, 0, 1, 0
4, 98, 0, 1, 0
4, 98, 0, 1, 0
4, 98, 0, 1, 0
4, 98, 0, 1, 0
4, 98, 0, 1, 0
4, 98, 0, 1, 0
4, 98, 0, 1, 0
4, 98, 0, 1, 0
4, 98, 0, 1, 0
4, 98, 0, 1, 0
4, 98, 0, 1, 0
4, 98, 0, 1, 0
4, 98, 0, 1, 0
4, 98, 0, 1, 0
4, 98, 0, 1, 0
4, 98, 0, 1, 0
4, 98, 0, 1, 0
4, 98, 0, 1, 0
4, 98, 0, 1, 0
4, 98, 0, 1, 0
4, 98, 0, 1, 0
4, 98, 0, 1, 0
4, 98, 0, 1, 0
4, 98, 0, 1, 0
4, 98, 0, 1, 0
4, 98, 0, 1, 0
4, 98, 0, 1, 0
4, 98, 0, 1, 0
4, 98, 0, 1, 0
4, 98, 0, 1, 0
4, 98, 0, 1, 0
4, 98, 0, 1, 0
4, 98, 0, 1, 0
4, 98, 0, 1, 0
4, 98, 0, 1, 0
4, 98, 0, 1, 0
4, 98, 0, 1, 0
4, 98, 0, 1, 0
4, 98, 0, 1, 0
4, 98, 0, 1, 0
4, 98, 0, 1, 0
4, 98, 0, 1, 0
4, 98, 0, 1, 0
4, 98, 0, 1, 0
4, 98, 0, 1, 0
4, 98, 0, 1, 0
4, 98, 0, 1, 0
4, 98, 0, 1, 0
4, 98, 0, 1, 0
4, 98, 0, 1, 0
4, 98, 0, 1, 0
4, 98, 0, 1, 0
4, 98, 0, 1, 0
4, 98, 0, 1, 0
4, 98, 0, 1, 0
4, 98, 0, 1, 0
4, 98, 0, 1, 0
4, 98, 0, 1, 0
4, 98, 0, 1, 0
4, 98, 0, 1, 0
4, 98, 0, 1, 0
4, 98, 0, 1, 0
4, 98, 0, 1, 0
4, 98, 0, 1, 0
4, 98, 0, 1, 0
4, 98, 0, 1, 0
4, 98, 0, 1, 0
4, 98, 0, 1, 0
4, 98, 0, 1, 0
4, 98, 0, 1, 0
4, 98, 0, 1, 0
4, 98, 0, 1, 0
4, 98, 0, 1, 0
4, 98, 0, 1, 0
4, 98, 0, 1, 0
4, 98, 0, 1, 0
4, 98, 0, 1, 0
4, 98, 0, 1, 0
4, 98, 0, 1, 0
4, 98, 0, 1, 0
4, 98, 0, 1, 0
4, 98, 0, 1, 0
4, 98, 0, 1, 0
4, 98, 0, 1, 0
4, 98, 0, 1, 0
4, 98, 0, 1, 0
4, 98, 0, 1, 0
4, 98, 0, 1, 0
4, 98, 0, 1, 0
4, 98, 0, 1, 0
4, 98, 0, 1, 0
4, 98, 0, 1, 0
4, 98, 0, 1, 0
4, 98, 0, 1, 0
4, 98, 0, 1, 0
4, 98, 0, 1, 0
4, 98, 0, 1, 0
4, 98, 0, 1, 0
4, 97, 0, 1, 0
4, 97, 0, 1, 0
4, 97, 0, 1, 0
4, 0, 0, 1, 0
4, 0, 0, 1, 0
4, 0, 0, 1, 0
4, 0, 0, 1, 0
4, 0, 0, 1, 0
4, 0, 0, 1, 0
4, 0, 0, 1, 0
4, 0, 0, 1, 0
4, 0, 0, 1, 0
4, 0, 0, 1, 0
4, 0, 0, 1, 0
4, 0, 0, 1, 0
4, 0, 0, 1, 0
4, 0, 0, 1, 0
4, 0, 0, 1, 0
4, 0, 0, 1, 0
4, 0, 0, 1, 0
4, 0, 0, 1, 0
4, 0, 0, 1, 0
4, 0, 0, 1, 0
4, 0, 0, 1, 0
4, 0, 0, 1, 0
4, 0, 0, 1, 0
4, 0, 0, 1, 0
4, 0, 0, 1, 0
4, 0, 0, 1, 0
4, 0, 0, 1, 0
4, 0, 0, 1, 0
4, 0, 0, 1, 0
4, 0, 0, 1, 0
4, 0, 0, 1, 0
4, 0, 0, 1, 0
4, 0, 0, 1, 0
4, 0, 0, 1, 0
4, 0, 0, 1, 0
4, 0, 0, 1, 0
4, 0, 0, 1, 0
4, 0, 0, 1, 0
4, 0, 0, 1, 0
4, 0, 0, 1, 0
4, 0, 0, 1, 0
4, 0, 0, 1, 0
4, 0, 0, 1, 0
4, 0, 0, 1, 0
4, 0, 0, 1, 0
4, 0, 0, 1, 0
4, 0, 0, 1, 0
4, 0, 0, 1, 0
4, 0, 0, 1, 0
4, 0, 0, 1, 0
4, 0, 0, 1, 0
4, 0, 0, 1, 0
4, 0, 0, 1, 0
4, 0, 0, 1, 0
4, 0, 0, 1, 0
4, 0, 0, 1, 0
4, 0, 0, 1, 0
4, 0, 0, 1, 0
4, 97, 0, 1, 0
4, 97, 0, 1, 0
4, 98, 0, 1, 0
4, 98, 0, 1, 0
4, 98, 0, 1, 0
4, 98, 0, 1, 0
4, 98, 0, 1, 0
4, 98, 0, 1, 0
4, 98, 0, 1, 0
4, 98, 0, 1, 0
4, 98, 0, 1, 0
4, 98, 0, 1, 0
4, 98, 0, 1, 0
4, 98, 0, 1, 0
4, 98, 77, 1, 0
4, 98, 77, 1, 0
4, 98, 73, 1, 0
4, 98, 74, 1, 0
4, 98, 74, 1, 0
4, 98, 74, 1, 0
4, 98, 74, 1, 0
4, 98, 74, 1, 0
4, 98, 74, 1, 0
4, 98, 74, 1, 0
4, 98, 74, 1, 0
4, 98, 74, 1, 0
4, 98, 74, 1, 0
4, 98, 74, 1, 0
4, 98, 74, 1, 0
4, 98, 74, 1, 0
4, 98, 74, 1, 0
4, 98, 74, 1, 0
4, 98, 74, 1, 0
4, 98, 74, 1, 0
4, 98, 74, 1, 0
4, 98, 74, 1, 0
4, 98, 74, 1, 0
4, 98, 74, 1, 0
4, 98, 74, 1, 0
4, 98, 74, 1, 0
4, 98, 74, 1, 0
4, 98, 74, 1, 0
4, 98, 74, 1, 0
4, 98, 74, 1, 0
4, 98, 74, 1, 0
4, 98, 74, 1, 0
4, 98, 78, 1, 0
4, 98, 78, 1, 0
4, 98, 77, 1, 0
4, 98, 77, 1, 0
4, 98, 2, 1, 0
4, 98, 0, 1, 0
4, 98, 0, 1, 0
4, 98, 0, 1, 0
4, 98, 0, 1, 0
4, 98, 0, 1, 0
4, 98, 0, 1, 0
4, 98, 0, 1, 0
4, 98, 0, 1, 0
4, 98, 0, 1, 0
4, 98, 0, 1, 0
4, 98, 0, 1, 0
4, 98, 0, 1, 0
4, 98, 0, 1, 0
4, 98, 0, 1, 0
4, 98, 0, 1, 0
4, 98, 0, 1, 0
4, 98, 0, 1, 0
4, 98, 0, 1, 0
4, 98, 0, 1, 0
4, 98, 0, 1, 0
4, 98, 0, 1, 0
4, 98, 0, 1, 0
4, 98, 0, 1, 0
4, 98, 0, 1, 0
4, 98, 0, 1, 0
4, 98, 0, 1, 0
4, 98, 0, 1, 0
4, 98, 0, 1, 0
4, 98, 0, 1, 0
4, 98, 0, 1, 0
4, 98, 0, 1, 0
4, 98, 0, 1, 0
4, 98, 0, 1, 0
4, 98, 0, 1, 0
4, 98, 0, 1, 0
4, 98, 0, 1, 0
4, 98, 0, 1, 0
4, 98, 0, 1, 0
4, 98, 0, 1, 0
4, 98, 0, 1, 0
4, 98, 0, 1, 0
4, 98, 0, 1, 0
4, 98, 0, 1, 0
4, 98, 0, 1, 0
4, 98, 0, 1, 0
4, 98, 0, 1, 0
4, 98, 0, 1, 0
4, 98, 0, 1, 0
4, 98, 0, 1, 0
4, 98, 0, 1, 0
4, 98, 0, 1, 0
4, 98, 0, 1, 0
4, 98, 0, 1, 0
4, 98, 0, 1, 0
4, 98, 0, 1, 0
4, 98, 0, 1, 0
4, 98, 0, 1, 0
4, 98, 0, 1, 0
4, 98, 0, 1, 0
4, 98, 0, 1, 0
4, 98, 0, 1, 0
4, 98, 0, 1, 0
4, 98, 0, 1, 0
4, 98, 0, 1, 0
4, 98, 0, 1, 0
4, 98, 0, 1, 0
4, 98, 0, 1, 0
4, 98, 0, 1, 0
4, 98, 0, 1, 0
4, 98, 0, 1, 0
4, 98, 0, 1, 0
4, 98, 0, 1, 0
4, 98, 0, 1, 0
4, 98, 0, 1, 0
4, 98, 0, 1, 0
4, 98, 0, 1, 0
4, 98, 0, 1, 0
4, 98, 0, 1, 0
4, 98, 0, 1, 0
4, 98, 0, 1, 0
4, 98, 0, 1, 0
4, 98, 0, 1, 0
4, 98, 0, 1, 0
4, 98, 0, 1, 0
4, 98, 0, 1, 0
4, 98, 0, 1, 0
4, 98, 0, 1, 0
4, 98, 0, 1, 0
4, 98, 0, 1, 0
4, 98, 0, 1, 0
4, 98, 0, 1, 0
4, 98, 0, 1, 0
4, 98, 0, 1, 0
4, 98, 0, 1, 0
4, 98, 0, 1, 0
4, 98, 0, 1, 0
4, 98, 0, 1, 0
4, 98, 0, 1, 0
4, 98, 0, 1, 0
4, 98, 0, 1, 0
4, 98, 0, 1, 0
4, 98, 0, 1, 0
4, 98, 0, 1, 0
4, 98, 0, 1, 0
4, 98, 0, 1, 0
4, 98, 0, 1, 0
4, 98, 0, 1, 0
4, 98, 0, 1, 0
4, 98, 0, 1, 0
4, 98, 0, 1, 0
4, 98, 0, 1, 0
4, 98, 0, 1, 0
4, 98, 0, 1, 0
4, 98, 0, 1, 0
4, 98, 0, 1, 0
4, 98, 0, 1, 0
4, 98, 0, 1, 0
4, 98, 0, 1, 0
4, 98, 0, 1, 0
4, 98, 0, 1, 0
4, 98, 0, 1, 0
4, 98, 0, 1, 0
4, 98, 0, 1, 0
4, 98, 0, 1, 0
4, 98, 0, 1, 0
4, 98, 0, 1, 0
4, 98, 0, 1, 0
4, 98, 0, 1, 0
4, 98, 0, 1, 0
4, 98, 0, 1, 0
4, 98, 0, 1, 0
4, 98, 0, 1, 0
4, 98, 0, 1, 0
4, 98, 0, 1, 0
4, 98, 0, 1, 0
4, 98, 0, 1, 0
4, 98, 0, 1, 0
4, 98, 0, 1, 0
4, 98, 0, 1, 0
4, 98, 0, 1, 0
4, 98, 0, 1, 0
4, 98, 0, 1, 0
4, 98, 0, 1, 0
4, 98, 0, 1, 0
4, 98, 0, 1, 0
4, 98, 0, 1, 0
4, 98, 0, 1, 0
4, 98, 0, 1, 0
4, 98, 0, 1, 0
4, 98, 0, 1, 0
4, 98, 0, 1, 0
4, 98, 0, 1, 0
4, 98, 0, 1, 0
4, 98, 0, 1, 0
4, 98, 0, 1, 0
4, 98, 0, 1, 0
4, 98, 0, 1, 0
4, 98, 0, 1, 0
4, 98, 0, 1, 0
4, 98, 0, 1, 0
4, 98, 0, 1, 0
4, 98, 0, 1, 0
4, 98, 0, 1, 0
4, 98, 0, 1, 0
4, 98, 60, 1, 0
4, 98, 61, 1, 0
4, 98, 62, 1, 0
4, 98, 62, 1, 0
4, 98, 62, 1, 0
4, 98, 73, 1, 0
4, 98, 73, 1, 0
4, 98, 73, 1, 0
4, 98, 73, 1, 0
4, 98, 73, 1, 0
4, 98, 73, 1, 0
4, 98, 73, 1, 0
4, 98, 74, 1, 0
4, 98, 74, 1, 0
4, 98, 74, 1, 0
4, 98, 74, 1, 0
4, 98, 74, 1, 0
4, 98, 74, 1, 0
4, 98, 74, 1, 0
4, 98, 74, 1, 0
4, 98, 74, 1, 0
4, 98, 74, 1, 0
4, 98, 74, 1, 0
4, 98, 74, 1, 0
4, 98, 74, 1, 0
4, 98, 74, 1, 0
4, 98, 74, 1, 0
4, 98, 74, 1, 0
4, 98, 74, 1, 0
4, 98, 74, 1, 0
4, 98, 74, 1, 0
4, 98, 74, 1, 0
4, 98, 76, 1, 0
4, 98, 76, 1, 0
4, 98, 78, 1, 0
4, 98, 77, 1, 0
4, 98, 77, 1, 0
4, 98, 0, 1, 0
4, 98, 0, 1, 0
4, 98, 0, 1, 0
4, 98, 0, 1, 0
4, 98, 0, 1, 0
4, 98, 0, 1, 0
4, 98, 0, 1, 0
4, 98, 0, 1, 0
4, 98, 0, 1, 0
4, 98, 0, 1, 0
4, 98, 0, 1, 0
4, 98, 0, 1, 0
4, 98, 0, 1, 0
4, 98, 0, 1, 0
4, 98, 0, 1, 0
4, 98, 0, 1, 0
4, 98, 0, 1, 0
4, 98, 0, 1, 0
4, 98, 0, 1, 0
4, 98, 0, 1, 0
4, 98, 0, 1, 0
4, 98, 0, 1, 0
4, 98, 0, 1, 0
4, 98, 0, 1, 0
4, 98, 0, 1, 0
4, 98, 0, 1, 0
4, 98, 0, 1, 0
4, 98, 0, 1, 0
4, 98, 0, 1, 0
4, 98, 0, 1, 0
4, 98, 0, 1, 0
4, 98, 0, 1, 0
4, 98, 0, 1, 0
4, 98, 0, 1, 0
4, 98, 0, 1, 0
4, 98, 0, 1, 0
4, 98, 0, 1, 0
4, 98, 0, 1, 0
4, 98, 0, 1, 0
4, 98, 0, 1, 0
4, 98, 0, 1, 0
4, 98, 0, 1, 0
4, 98, 0, 1, 0
4, 98, 0, 1, 0
4, 98, 0, 1, 0
4, 98, 0, 1, 0
4, 98, 0, 1, 0
4, 98, 0, 1, 0
4, 98, 0, 1, 0
4, 98, 0, 1, 0
4, 98, 0, 1, 0
4, 98, 0, 1, 0
4, 98, 0, 1, 0
4, 98, 0, 1, 0
4, 98, 0, 1, 0
4, 98, 0, 1, 0
4, 98, 0, 1, 0
4, 98, 0, 1, 0
4, 98, 0, 1, 0
4, 98, 0, 1, 0
4, 98, 0, 1, 0
4, 98, 0, 1, 0
4, 98, 0, 1, 0
4, 98, 0, 1, 0
4, 98, 0, 1, 0
4, 98, 0, 1, 0
4, 98, 0, 1, 0
4, 98, 0, 1, 0
4, 98, 0, 1, 0
4, 98, 0, 1, 0
4, 98, 0, 1, 0
4, 98, 0, 1, 0
4, 98, 0, 1, 0
4, 98, 0, 1, 0
4, 98, 0, 1, 0
4, 98, 0, 1, 0
4, 98, 0, 1, 0
4, 98, 0, 1, 0
4, 98, 0, 1, 0
4, 98, 0, 1, 0
4, 98, 0, 1, 0
4, 98, 0, 1, 0
4, 98, 0, 1, 0
4, 98, 0, 1, 0
4, 98, 0, 1, 0
4, 98, 0, 1, 0
4, 98, 0, 1, 0
4, 98, 0, 1, 0
4, 98, 0, 1, 0
4, 98, 0, 1, 0
4, 98, 0, 1, 0
4, 98, 0, 1, 0
4, 98, 0, 1, 0
4, 98, 0, 1, 0
4, 98, 0, 1, 0
4, 98, 0, 1, 0
4, 98, 0, 1, 0
4, 98, 0, 1, 0
4, 98, 0, 1, 0
4, 98, 0, 1, 0
4, 98, 0, 1, 0
4, 98, 0, 1, 0
4, 98, 0, 1, 0
4, 98, 0, 1, 0
4, 98, 0, 1, 0
4, 98, 0, 1, 0
4, 98, 0, 1, 0
4, 98, 0, 1, 0
4, 98, 0, 1, 0
4, 98, 0, 1, 0
4, 98, 0, 1, 0
4, 98, 0, 1, 0
4, 98, 0, 1, 0
4, 98, 0, 1, 0
4, 98, 0, 1, 0
4, 98, 0, 1, 0
4, 98, 0, 1, 0
4, 98, 0, 1, 0
4, 98, 0, 1, 0
4, 98, 0, 1, 0
4, 98, 0, 1, 0
4, 98, 0, 1, 0
4, 98, 0, 1, 0
4, 98, 0, 1, 0
4, 98, 0, 1, 0
4, 98, 0, 1, 0
4, 98, 0, 1, 0
4, 98, 0, 1, 0
4, 98, 0, 1, 0
4, 98, 0, 1, 0
4, 98, 0, 1, 0
4, 98, 0, 1, 0
4, 98, 0, 1, 0
4, 98, 0, 1, 0
4, 98, 0, 1, 0
4, 98, 0, 1, 0
4, 98, 0, 1, 0
4, 98, 0, 1, 0
4, 98, 0, 1, 0
4, 98, 0, 1, 0
4, 98, 0, 1, 0
4, 98, 0, 1, 0
4, 98, 0, 1, 0
4, 98, 0, 1, 0
4, 98, 0, 1, 0
4, 98, 0, 1, 0
4, 98, 0, 1, 0
4, 98, 0, 1, 0
4, 98, 0, 1, 0
4, 98, 0, 1, 0
4, 98, 0, 1, 0
4, 98, 0, 1, 0
4, 98, 0, 1, 0
4, 98, 0, 1, 0
4, 98, 0, 1, 0
4, 98, 0, 1, 0
4, 98, 0, 1, 0
4, 98, 0, 1, 0
4, 98, 0, 1, 0
4, 98, 0, 1, 0
4, 98, 0, 1, 0
4, 98, 0, 1, 0
4, 98, 0, 1, 0
4, 98, 0, 1, 0
4, 98, 0, 1, 0
4, 98, 0, 1, 0
4, 98, 0, 1, 0
4, 98, 0, 1, 0
4, 98, 0, 1, 0
4, 98, 0, 1, 0
4, 98, 0, 1, 0
4, 98, 0, 1, 0
4, 98, 0, 1, 0
4, 98, 61, 1, 0
4, 98, 72, 1, 0
4, 98, 72, 1, 0
4, 98, 73, 1, 0
4, 98, 73, 1, 0
4, 98, 73, 1, 0
4, 98, 73, 1, 0
4, 98, 73, 1, 0
4, 98, 73, 1, 0
4, 98, 73, 1, 0
4, 98, 73, 1, 0
4, 98, 73, 1, 0
4, 98, 73, 1, 0
4, 98, 73, 1, 0
4, 98, 74, 1, 0
4, 98, 74, 1, 0
4, 98, 74, 1, 0
4, 98, 74, 1, 0
4, 98, 74, 1, 0
4, 98, 74, 1, 0
4, 98, 74, 1, 0
4, 98, 74, 1, 0
4, 98, 74, 1, 0
4, 98, 74, 1, 0
4, 98, 74, 1, 0
4, 98, 74, 1, 0
4, 98, 74, 1, 0
4, 98, 74, 1, 0
4, 98, 74, 1, 0
4, 98, 74, 1, 0
4, 98, 73, 1, 0
4, 98, 73, 1, 0
4, 98, 73, 1, 0
4, 98, 72, 1, 0
4, 98, 72, 1, 0
4, 98, 0, 1, 0
4, 98, 0, 1, 0
4, 98, 0, 1, 0
4, 98, 0, 1, 0
4, 98, 0, 1, 0
4, 98, 0, 1, 0
4, 98, 0, 1, 0
4, 98, 0, 1, 0
4, 98, 0, 1, 0
4, 98, 0, 1, 0
4, 98, 0, 1, 0
4, 98, 0, 1, 0
4, 98, 0, 1, 0
4, 98, 0, 1, 0
4, 98, 0, 1, 0
4, 98, 0, 1, 0
4, 98, 0, 1, 0
4, 98, 0, 1, 0
4, 98, 0, 1, 0
4, 98, 0, 1, 0
4, 98, 0, 1, 0
4, 98, 0, 1, 0
4, 98, 0, 1, 0
4, 98, 0, 1, 0
4, 98, 0, 1, 0
4, 98, 0, 1, 0
4, 98, 0, 1, 0
4, 98, 0, 1, 0
4, 98, 0, 1, 0
4, 98, 0, 1, 0
4, 98, 0, 1, 0
4, 98, 0, 1, 0
4, 98, 0, 1, 0
4, 98, 0, 1, 0
4, 98, 0, 1, 0
4, 98, 0, 1, 0
4, 98, 0, 1, 0
4, 98, 0, 1, 0
4, 98, 0, 1, 0
4, 98, 0, 1, 0
4, 98, 0, 1, 0
4, 98, 0, 1, 0
4, 98, 0, 1, 0
4, 98, 0, 1, 0
4, 98, 0, 1, 0
4, 98, 0, 1, 0
4, 98, 0, 1, 0
4, 98, 0, 1, 0
4, 98, 0, 1, 0
4, 98, 0, 1, 0
4, 98, 0, 1, 0
4, 98, 0, 1, 0
4, 98, 0, 1, 0
4, 98, 0, 1, 0
4, 98, 0, 1, 0
4, 98, 0, 1, 0
4, 98, 0, 1, 0
4, 98, 0, 1, 0
4, 98, 0, 1, 0
4, 98, 0, 1, 0
4, 98, 0, 1, 0
4, 98, 0, 1, 0
4, 98, 0, 1, 0
4, 98, 0, 1, 0
4, 98, 0, 1, 0
4, 98, 0, 1, 0
4, 98, 0, 1, 0
4, 98, 0, 1, 0
4, 98, 0, 1, 0
4, 98, 0, 1, 0
4, 98, 0, 1, 0
4, 98, 0, 1, 0
4, 98, 0, 1, 0
4, 98, 0, 1, 0
4, 98, 0, 1, 0
4, 98, 0, 1, 0
4, 98, 0, 1, 0
4, 98, 0, 1, 0
4, 98, 0, 1, 0
4, 98, 0, 1, 0
4, 98, 0, 1, 0
4, 98, 0, 1, 0
4, 98, 0, 1, 0
4, 98, 0, 1, 0
4, 98, 0, 1, 0
4, 98, 0, 1, 0
4, 98, 0, 1, 0
4, 98, 0, 1, 0
4, 98, 0, 1, 0
4, 98, 0, 1, 0
4, 98, 0, 1, 0
4, 98, 0, 1, 0
4, 98, 0, 1, 0
4, 98, 0, 1, 0
4, 98, 0, 1, 0
4, 98, 0, 1, 0
4, 98, 0, 1, 0
4, 98, 0, 1, 0
4, 98, 0, 1, 0
4, 98, 0, 1, 0
4, 98, 0, 1, 0
4, 98, 0, 1, 0
4, 98, 0, 1, 0
4, 98, 0, 1, 0
4, 98, 0, 1, 0
4, 98, 0, 1, 0
4, 98, 0, 1, 0
4, 98, 0, 1, 0
4, 98, 0, 1, 0
4, 98, 0, 1, 0
4, 98, 0, 1, 0
4, 98, 0, 1, 0
4, 98, 0, 1, 0
4, 98, 0, 1, 0
4, 98, 0, 1, 0
4, 98, 0, 1, 0
4, 98, 0, 1, 0
4, 98, 0, 1, 0
4, 98, 0, 1, 0
4, 98, 0, 1, 0
4, 98, 0, 1, 0
4, 98, 0, 1, 0
4, 98, 0, 1, 0
4, 98, 0, 1, 0
4, 98, 0, 1, 0
4, 98, 0, 1, 0
4, 98, 0, 1, 0
4, 98, 0, 1, 0
4, 98, 0, 1, 0
4, 98, 0, 1, 0
4, 98, 0, 1, 0
4, 98, 0, 1, 0
4, 98, 0, 1, 0
4, 98, 0, 1, 0
4, 98, 0, 1, 0
4, 98, 0, 1, 0
4, 98, 0, 1, 0
4, 98, 0, 1, 0
4, 98, 0, 1, 0
4, 98, 0, 1, 0
4, 98, 0, 1, 0
4, 98, 0, 1, 0
4, 98, 0, 1, 0
4, 98, 0, 1, 0
4, 98, 0, 1, 0
4, 98, 0, 1, 0
4, 98, 0, 1, 0
4, 98, 0, 1, 0
4, 98, 0, 1, 0
4, 98, 0, 1, 0
4, 98, 0, 1, 0
4, 98, 0, 1, 0
4, 98, 0, 1, 0
4, 98, 0, 1, 0
4, 98, 0, 1, 0
4, 98, 0, 1, 0
4, 98, 0, 1, 0
4, 98, 0, 1, 0
4, 98, 0, 1, 0
4, 98, 0, 1, 0
4, 98, 0, 1, 0
4, 98, 0, 1, 0
4, 98, 0, 1, 0
4, 98, 0, 1, 0
4, 98, 0, 1, 0
4, 98, 0, 1, 0
4, 98, 0, 1, 0
4, 98, 0, 1, 0
4, 98, 60, 1, 0
4, 98, 62, 1, 0
4, 99, 71, 1, 0
4, 99, 71, 1, 0
4, 99, 71, 1, 0
4, 99, 72, 1, 0
4, 99, 73, 1, 0
4, 99, 73, 1, 0
4, 99, 73, 1, 0
4, 99, 73, 1, 0
4, 99, 74, 1, 0
4, 99, 74, 1, 0
4, 99, 74, 1, 0
4, 99, 74, 1, 0
4, 99, 74, 1, 0
4, 99, 74, 1, 0
4, 99, 74, 1, 0
4, 99, 74, 1, 0
4, 99, 74, 1, 0
4, 99, 74, 1, 0
4, 99, 74, 1, 0
4, 99, 74, 1, 0
4, 99, 74, 1, 0
4, 99, 74, 1, 0
4, 99, 74, 1, 0
4, 99, 74, 1, 0
4, 99, 74, 1, 0
4, 99, 74, 1, 0
