6, 99, 0, 0, 0
6, 99, 0, 0, 0
6, 99, 0, 0, 0
6, 99, 0, 0, 0
6, 99, 0, 0, 0
6, 99, 0, 0, 0
6, 99, 0, 0, 0
6, 99, 0, 0, 0
6, 99, 0, 0, 0
6, 99, 0, 0, 0
6, 99, 0, 0, 0
6, 99, 0, 0, 0
6, 99, 0, 0, 0
6, 99, 0, 0, 0
6, 99, 0, 0, 0
6, 99, 0, 0, 0
6, 99, 0, 0, 0
6, 99, 0, 0, 0
6, 99, 0, 0, 0
6, 99, 0, 0, 0
6, 99, 0, 0, 0
6, 99, 0, 0, 0
6, 99, 0, 0, 0
6, 99, 0, 0, 0
6, 99, 0, 0, 0
6, 99, 0, 0, 0
6, 99, 0, 1, 0
6, 99, 0, 0, 0
6, 99, 0, 0, 0
6, 99, 0, 0, 0
6, 99, 0, 1, 0
6, 99, 0, 1, 0
6, 99, 0, 1, 0
6, 99, 0, 0, 0
6, 99, 0, 0, 0
6, 99, 0, 1, 0
6, 99, 0, 1, 0
5, 99, 0, 1, 0
5, 99, 0, 1, 0
6, 99, 0, 0, 0
6, 99, 0, 0, 0
6, 99, 0, 0, 0
6, 99, 0, 0, 0
6, 99, 0, 0, 0
6, 99, 0, 0, 0
6, 99, 0, 0, 0
6, 99, 0, 0, 0
6, 99, 0, 0, 0
6, 99, 0, 0, 0
6, 99, 0, 0, 0
6, 99, 0, 0, 0
6, 99, 0, 0, 0
6, 99, 0, 0, 0
6, 99, 0, 0, 0
6, 99, 0, 0, 0
6, 99, 0, 0, 0
6, 99, 0, 0, 0
6, 99, 0, 0, 0
6, 99, 0, 1, 0
6, 99, 0, 1, 0
6, 99, 0, 1, 0
6, 99, 0, 1, 0
6, 99, 0, 1, 0
6, 99, 0, 1, 0
6, 99, 0, 1, 0
6, 99, 0, 1, 0
6, 99, 71, 1, 0
6, 99, 71, 1, 0
89, 99, 74, 1, 93
89, 99, 74, 1, 93
86, 99, 71, 1, 93
92, 99, 74, 1, 93
93, 99, 76, 1, 93
94, 99, 80, 1, 93
94, 99, 82, 1, 93
94, 99, 83, 1, 94
96, 99, 84, 1, 93
96, 99, 84, 1, 93
96, 99, 83, 1, 93
97, 99, 84, 0, 93
97, 99, 85, 0, 94
98, 99, 85, 1, 94
99, 99, 87, 0, 93
99, 99, 91, 0, 94
99, 99, 95, 0, 94
99, 99, 93, 0, 93
99, 99, 96, 0, 94
99, 99, 97, 0, 94
99, 99, 97, 0, 94
99, 99, 97, 0, 94
99, 99, 95, 0, 94
99, 99, 95, 0, 94
99, 99, 95, 0, 94
99, 99, 95, 0, 94
99, 99, 95, 0, 94
97, 99, 96, 0, 94
97, 99, 96, 0, 94
95, 100, 96, 0, 94
95, 100, 96, 0, 94
95, 100, 96, 0, 94
92, 100, 97, 0, 94
91, 100, 97, 0, 94
90, 99, 97, 0, 94
84, 100, 97, 0, 94
84, 99, 97, 0, 94
80, 99, 97, 0, 94
77, 99, 98, 0, 94
6, 99, 95, 0, 94
6, 99, 95, 0, 94
3, 100, 95, 0, 94
3, 100, 94, 0, 94
96, 100, 90, 0, 7
94, 100, 88, 0, 94
94, 99, 86, 0, 94
1, 99, 79, 0, 94
1, 99, 78, 0, 94
0, 99, 82, 0, 98
6, 100, 81, 0, 98
0, 100, 80, 0, 98
0, 99, 76, 0, 99
0, 100, 73, 0, 99
0, 99, 70, 0, 99
0, 100, 69, 0, 99
0, 100, 68, 0, 99
0, 100, 64, 0, 99
0, 99, 60, 0, 99
0, 100, 60, 0, 99
0, 100, 56, 0, 99
0, 100, 56, 0, 99
0, 100, 53, 0, 97
0, 100, 53, 0, 97
0, 100, 53, 0, 97
1, 100, 0, 0, 97
1, 100, 0, 0, 97
1, 99, 0, 0, 97
2, 100, 0, 0, 97
1, 99, 0, 0, 97
2, 100, 0, 0, 97
2, 100, 0, 0, 97
2, 99, 0, 0, 97
2, 100, 0, 0, 97
2, 99, 0, 0, 97
2, 100, 0, 0, 97
2, 99, 0, 0, 96
2, 99, 0, 0, 97
2, 99, 0, 0, 96
7, 99, 0, 0, 96
7, 99, 0, 0, 96
7, 99, 0, 0, 97
7, 99, 0, 0, 97
7, 99, 0, 0, 97
7, 100, 0, 0, 97
7, 100, 0, 0, 97
7, 100, 0, 0, 97
7, 99, 0, 0, 97
7, 99, 0, 0, 97
7, 99, 0, 0, 98
7, 99, 0, 0, 98
7, 100, 0, 0, 98
7, 99, 0, 0, 98
7, 99, 0, 0, 98
7, 99, 0, 0, 98
7, 99, 0, 0, 98
7, 99, 0, 0, 98
7, 99, 0, 0, 98
7, 99, 0, 0, 98
7, 99, 0, 0, 98
7, 99, 0, 0, 99
7, 99, 0, 0, 99
7, 99, 0, 0, 99
7, 99, 0, 0, 98
7, 99, 0, 0, 98
7, 99, 0, 0, 97
7, 99, 0, 0, 97
7, 99, 0, 0, 96
7, 99, 0, 0, 93
7, 99, 0, 0, 87
7, 99, 0, 0, 86
6, 99, 0, 0, 86
7, 99, 0, 0, 0
6, 99, 0, 0, 0
6, 99, 0, 0, 0
6, 99, 0, 0, 0
6, 99, 0, 0, 0
6, 99, 0, 0, 0
6, 99, 0, 0, 0
6, 99, 0, 0, 0
6, 99, 0, 0, 0
6, 99, 0, 0, 0
6, 99, 0, 0, 0
6, 99, 0, 1, 0
6, 99, 0, 0, 0
6, 99, 0, 0, 0
6, 99, 0, 1, 0
6, 99, 0, 1, 0
6, 99, 0, 1, 0
6, 99, 0, 1, 0
6, 99, 0, 1, 0
6, 99, 0, 1, 0
6, 99, 0, 1, 0
6, 99, 0, 1, 0
6, 99, 0, 1, 0
6, 99, 0, 1, 0
6, 99, 0, 1, 0
6, 99, 0, 1, 0
6, 99, 0, 1, 0
6, 99, 0, 1, 0
6, 99, 0, 1, 0
6, 99, 0, 1, 0
6, 99, 0, 1, 0
6, 99, 0, 1, 0
6, 99, 0, 1, 0
6, 99, 0, 1, 0
6, 99, 0, 1, 0
6, 99, 0, 1, 0
6, 99, 0, 1, 0
6, 99, 0, 1, 0
6, 99, 0, 1, 0
6, 99, 0, 1, 0
6, 99, 0, 1, 0
6, 99, 0, 1, 0
6, 99, 0, 1, 0
6, 99, 0, 1, 0
6, 99, 0, 1, 0
6, 99, 0, 1, 0
6, 99, 0, 1, 0
6, 99, 0, 1, 0
6, 99, 0, 1, 0
6, 99, 0, 1, 0
6, 99, 0, 1, 0
6, 99, 0, 1, 0
6, 99, 0, 1, 0
6, 99, 0, 1, 0
6, 99, 0, 1, 0
6, 99, 0, 1, 0
6, 99, 0, 1, 0
6, 99, 0, 1, 0
6, 99, 0, 1, 0
6, 99, 0, 1, 0
6, 99, 0, 1, 0
6, 99, 0, 1, 0
6, 99, 0, 1, 0
6, 99, 0, 1, 0
6, 99, 0, 1, 0
6, 99, 0, 1, 0
6, 99, 0, 1, 0
6, 99, 0, 1, 0
6, 99, 0, 1, 0
6, 99, 0, 1, 0
6, 99, 0, 1, 0
6, 99, 0, 1, 0
6, 99, 0, 1, 0
6, 99, 0, 1, 0
6, 99, 0, 1, 0
6, 99, 0, 1, 0
6, 99, 0, 1, 0
6, 99, 0, 1, 0
6, 99, 0, 1, 0
6, 99, 0, 1, 0
6, 99, 0, 1, 0
6, 99, 0, 1, 0
6, 99, 0, 1, 0
6, 99, 0, 1, 0
6, 99, 0, 1, 0
6, 99, 0, 1, 0
6, 99, 0, 1, 0
6, 99, 0, 1, 0
6, 99, 0, 1, 0
6, 99, 0, 1, 0
6, 99, 0, 1, 0
6, 99, 0, 1, 0
6, 99, 0, 1, 0
6, 99, 0, 1, 0
6, 99, 0, 0, 0
6, 99, 0, 0, 0
6, 99, 0, 1, 0
6, 99, 62, 1, 0
6, 99, 62, 1, 0
6, 99, 70, 1, 0
6, 99, 72, 1, 0
6, 99, 73, 1, 85
7, 99, 73, 1, 91
89, 99, 76, 1, 93
90, 99, 77, 1, 93
90, 99, 77, 1, 93
89, 99, 78, 1, 93
89, 99, 78, 1, 93
89, 99, 79, 1, 93
89, 99, 79, 1, 93
89, 99, 79, 1, 93
89, 99, 80, 1, 93
90, 99, 81, 1, 93
91, 99, 84, 1, 93
91, 99, 84, 1, 93
92, 99, 86, 1, 94
92, 99, 86, 1, 94
92, 99, 86, 1, 93
93, 99, 86, 1, 93
93, 99, 86, 1, 93
93, 99, 87, 1, 93
93, 99, 87, 1, 93
93, 99, 87, 1, 93
93, 99, 87, 1, 93
93, 99, 88, 1, 93
93, 99, 89, 1, 93
95, 99, 90, 1, 93
95, 99, 91, 0, 93
95, 99, 89, 0, 93
96, 99, 87, 0, 94
96, 99, 87, 0, 93
96, 99, 89, 0, 93
97, 99, 94, 0, 93
97, 99, 94, 0, 94
97, 99, 95, 0, 94
98, 99, 94, 0, 94
99, 99, 94, 0, 94
99, 99, 95, 0, 94
99, 99, 95, 0, 94
99, 99, 94, 0, 94
99, 99, 95, 0, 94
98, 99, 95, 0, 94
98, 99, 95, 0, 94
96, 99, 96, 0, 94
96, 99, 96, 0, 94
96, 99, 96, 0, 94
95, 99, 96, 0, 94
95, 99, 96, 0, 94
94, 99, 96, 0, 94
94, 99, 96, 0, 94
94, 99, 96, 0, 94
91, 99, 96, 0, 94
91, 99, 96, 0, 94
91, 99, 96, 0, 94
90, 99, 96, 0, 94
90, 99, 96, 0, 94
89, 99, 96, 0, 94
89, 99, 96, 0, 94
89, 99, 96, 0, 94
83, 100, 96, 0, 94
82, 100, 96, 0, 94
80, 99, 96, 0, 94
79, 100, 96, 0, 94
79, 99, 96, 0, 94
77, 100, 95, 0, 94
76, 99, 95, 0, 94
76, 100, 94, 0, 94
76, 100, 94, 0, 93
24, 100, 95, 0, 93
98, 99, 96, 0, 94
98, 99, 96, 0, 94
97, 100, 96, 0, 94
97, 100, 91, 0, 94
97, 99, 90, 0, 94
97, 99, 91, 0, 93
1, 100, 90, 0, 94
1, 100, 90, 0, 94
25, 100, 91, 0, 94
21, 100, 91, 0, 94
20, 100, 88, 0, 94
21, 100, 88, 0, 94
22, 100, 87, 0, 94
24, 100, 84, 0, 94
29, 100, 83, 0, 94
34, 100, 83, 0, 94
94, 99, 82, 0, 94
94, 99, 82, 0, 94
93, 100, 82, 0, 94
93, 99, 77, 0, 94
0, 99, 75, 0, 94
0, 100, 71, 0, 93
0, 100, 71, 0, 93
0, 100, 71, 0, 93
0, 99, 71, 0, 0
0, 99, 71, 0, 0
0, 99, 70, 0, 0
0, 100, 66, 0, 0
0, 100, 66, 0, 0
0, 100, 63, 0, 0
0, 100, 61, 0, 0
0, 100, 61, 0, 0
0, 100, 57, 0, 0
0, 100, 57, 0, 0
0, 99, 60, 0, 0
0, 99, 60, 0, 0
0, 100, 60, 0, 0
0, 100, 60, 0, 0
0, 100, 0, 0, 0
0, 99, 0, 0, 0
0, 100, 0, 0, 0
0, 99, 0, 0, 0
0, 100, 0, 0, 0
0, 100, 0, 0, 0
1, 100, 0, 0, 0
1, 99, 0, 0, 0
1, 99, 0, 0, 0
1, 100, 0, 0, 0
1, 99, 0, 0, 0
1, 100, 0, 0, 0
1, 100, 0, 0, 0
1, 100, 0, 0, 0
1, 99, 0, 0, 0
1, 100, 0, 0, 0
1, 100, 0, 0, 0
1, 100, 0, 0, 0
1, 99, 0, 0, 0
2, 100, 0, 0, 0
1, 100, 0, 0, 0
1, 100, 0, 0, 0
2, 99, 0, 0, 0
2, 99, 0, 0, 0
2, 99, 0, 0, 0
2, 100, 0, 0, 0
7, 99, 0, 0, 99
7, 100, 0, 0, 99
7, 100, 0, 0, 99
7, 99, 0, 0, 99
7, 100, 0, 0, 99
7, 100, 0, 0, 99
7, 100, 0, 0, 99
7, 100, 0, 0, 99
7, 100, 0, 0, 99
7, 100, 0, 0, 99
7, 99, 0, 0, 99
7, 100, 0, 0, 99
7, 100, 0, 0, 99
7, 99, 0, 0, 99
7, 100, 0, 0, 99
7, 99, 0, 0, 97
7, 99, 0, 0, 99
7, 99, 0, 0, 96
6, 99, 0, 0, 0
6, 99, 0, 0, 0
6, 99, 0, 0, 0
6, 99, 0, 0, 0
6, 99, 0, 0, 0
6, 99, 0, 0, 0
6, 99, 0, 0, 0
6, 99, 0, 0, 0
6, 99, 0, 0, 0
6, 99, 0, 0, 0
6, 99, 0, 0, 0
6, 99, 0, 0, 0
6, 99, 0, 0, 0
6, 99, 0, 0, 0
6, 99, 0, 0, 0
6, 99, 0, 0, 0
6, 99, 0, 0, 0
6, 99, 0, 0, 0
6, 99, 0, 0, 0
6, 99, 0, 0, 0
6, 99, 0, 0, 0
6, 99, 0, 0, 0
6, 99, 0, 0, 0
6, 99, 0, 0, 0
6, 99, 0, 0, 0
6, 99, 0, 0, 0
6, 99, 0, 1, 0
6, 99, 0, 1, 0
6, 99, 0, 1, 0
6, 99, 0, 0, 0
6, 99, 0, 1, 0
6, 99, 0, 1, 0
6, 99, 0, 1, 0
6, 99, 0, 1, 0
6, 99, 0, 1, 0
6, 99, 0, 1, 0
6, 99, 0, 1, 0
6, 99, 0, 1, 0
6, 99, 0, 1, 0
6, 99, 0, 1, 0
6, 99, 0, 1, 0
6, 99, 0, 1, 0
6, 99, 0, 1, 0
6, 99, 0, 1, 0
6, 99, 0, 1, 0
6, 99, 0, 1, 0
6, 99, 0, 1, 0
6, 99, 0, 1, 0
6, 99, 0, 1, 0
6, 99, 0, 1, 0
6, 99, 0, 1, 0
6, 99, 0, 1, 0
6, 99, 0, 1, 0
6, 99, 0, 1, 0
6, 99, 0, 1, 0
8, 0, 0, 99, 100
8, 0, 0, 99, 99
8, 0, 0, 99, 99
8, 0, 0, 99, 99
8, 0, 0, 99, 99
8, 0, 0, 99, 99
8, 0, 0, 99, 99
8, 0, 0, 99, 99
8, 0, 0, 99, 99
8, 0, 0, 99, 99
8, 0, 0, 99, 99
8, 0, 0, 99, 99
8, 0, 0, 99, 99
8, 0, 0, 99, 99
8, 0, 0, 99, 99
8, 0, 0, 99, 99
8, 0, 0, 99, 99
8, 0, 0, 99, 99
8, 0, 0, 99, 99
8, 0, 0, 96, 99
8, 0, 0, 96, 99
8, 0, 0, 96, 99
8, 1, 0, 94, 99
7, 1, 0, 93, 0
7, 1, 0, 89, 0
7, 2, 0, 88, 0
7, 4, 0, 88, 0
6, 12, 0, 0, 0
6, 12, 0, 0, 0
7, 14, 0, 0, 0
7, 0, 0, 0, 0
7, 0, 0, 0, 0
6, 0, 0, 0, 0
6, 0, 0, 0, 0
6, 0, 0, 0, 0
6, 0, 0, 0, 0
6, 0, 0, 0, 0
6, 0, 0, 0, 0
6, 0, 0, 0, 0
6, 0, 0, 0, 0
6, 0, 0, 0, 0
6, 0, 0, 0, 0
6, 0, 0, 0, 0
6, 0, 0, 0, 0
6, 0, 0, 0, 0
6, 0, 0, 0, 0
6, 0, 0, 0, 0
6, 0, 0, 0, 0
6, 0, 0, 0, 0
6, 0, 0, 0, 0
6, 0, 0, 0, 0
6, 0, 0, 0, 0
6, 0, 0, 0, 0
6, 0, 0, 0, 0
6, 0, 0, 0, 0
6, 0, 0, 0, 0
6, 0, 0, 0, 0
6, 0, 0, 0, 0
6, 0, 0, 0, 0
6, 0, 0, 0, 0
6, 0, 0, 0, 0
6, 0, 0, 0, 0
6, 0, 0, 0, 0
6, 0, 0, 0, 0
6, 0, 0, 0, 0
6, 0, 0, 0, 0
6, 0, 0, 0, 0
6, 0, 0, 0, 0
6, 0, 0, 0, 0
6, 0, 0, 0, 0
6, 0, 0, 0, 0
6, 0, 0, 0, 0
6, 0, 0, 0, 0
6, 0, 0, 0, 0
6, 0, 0, 0, 0
6, 0, 0, 0, 0
6, 0, 0, 0, 0
6, 0, 0, 0, 0
6, 0, 0, 0, 0
6, 0, 0, 0, 0
6, 0, 0, 0, 0
6, 0, 0, 0, 0
6, 0, 0, 0, 0
6, 0, 0, 0, 0
6, 0, 0, 0, 0
6, 0, 0, 0, 0
6, 0, 0, 0, 0
6, 0, 0, 0, 0
6, 0, 0, 0, 0
6, 0, 0, 0, 0
6, 0, 0, 0, 0
6, 0, 0, 0, 0
6, 0, 0, 0, 0
6, 0, 0, 0, 0
6, 0, 0, 0, 0
6, 0, 0, 0, 0
6, 0, 0, 0, 0
6, 0, 0, 0, 0
6, 0, 0, 0, 0
6, 0, 0, 0, 0
6, 0, 0, 0, 0
6, 0, 0, 0, 0
6, 0, 0, 0, 0
6, 0, 0, 0, 0
6, 0, 0, 0, 0
6, 0, 0, 0, 0
6, 0, 0, 0, 0
6, 0, 0, 0, 0
6, 0, 0, 0, 0
6, 0, 0, 0, 0
6, 0, 0, 0, 0
6, 0, 0, 0, 0
6, 0, 0, 0, 0
6, 0, 0, 0, 0
6, 0, 0, 0, 0
6, 0, 0, 0, 0
6, 0, 0, 0, 0
6, 0, 0, 0, 0
6, 0, 0, 0, 0
6, 0, 0, 0, 0
6, 0, 0, 0, 0
6, 0, 0, 0, 0
6, 0, 0, 0, 0
6, 0, 0, 0, 0
6, 0, 0, 0, 0
6, 0, 0, 0, 0
6, 0, 0, 0, 0
6, 0, 0, 0, 0
6, 0, 0, 0, 0
6, 0, 0, 0, 0
6, 0, 0, 0, 0
6, 0, 0, 0, 0
6, 0, 0, 0, 0
6, 0, 0, 0, 0
6, 0, 0, 0, 0
6, 0, 0, 0, 0
6, 0, 0, 0, 0
6, 0, 0, 0, 0
6, 0, 0, 0, 0
6, 0, 0, 0, 0
6, 0, 0, 0, 0
6, 2, 72, 2, 2
98, 2, 71, 2, 92
98, 2, 71, 2, 92
98, 2, 71, 2, 93
99, 2, 75, 2, 93
99, 2, 74, 2, 93
96, 2, 75, 2, 93
96, 2, 75, 2, 93
99, 2, 75, 2, 93
97, 2, 75, 2, 93
97, 2, 75, 2, 93
98, 2, 75, 2, 93
99, 2, 76, 2, 93
99, 2, 75, 2, 93
99, 2, 75, 2, 93
99, 2, 75, 2, 93
99, 2, 75, 2, 93
99, 2, 75, 2, 93
99, 2, 75, 2, 93
99, 2, 75, 2, 93
99, 2, 75, 2, 93
99, 2, 75, 2, 93
99, 2, 76, 2, 93
99, 2, 76, 2, 93
99, 2, 76, 2, 93
99, 2, 76, 2, 93
99, 2, 77, 2, 93
99, 2, 77, 2, 93
99, 2, 77, 2, 93
99, 2, 77, 2, 93
99, 2, 76, 2, 93
99, 2, 76, 2, 93
99, 2, 76, 2, 93
99, 2, 76, 2, 93
99, 2, 76, 2, 93
100, 2, 76, 2, 93
99, 2, 76, 75, 93
100, 2, 75, 75, 93
100, 2, 75, 75, 93
100, 2, 75, 75, 93
99, 2, 74, 76, 93
99, 2, 74, 76, 93
99, 2, 74, 76, 93
99, 2, 74, 76, 93
99, 2, 74, 76, 93
99, 2, 74, 76, 93
99, 2, 73, 79, 93
99, 2, 73, 79, 93
99, 2, 72, 79, 93
99, 19, 72, 79, 93
99, 19, 72, 79, 93
99, 21, 72, 80, 93
99, 21, 71, 80, 93
100, 19, 72, 80, 93
99, 7, 71, 83, 93
99, 7, 71, 83, 93
99, 7, 71, 83, 93
99, 3, 69, 89, 93
99, 3, 69, 89, 93
99, 3, 69, 89, 93
99, 2, 69, 93, 93
99, 2, 69, 93, 93
99, 2, 66, 95, 93
99, 2, 66, 95, 93
99, 2, 66, 95, 93
99, 0, 59, 96, 93
99, 0, 59, 96, 93
99, 0, 59, 97, 93
99, 0, 59, 97, 93
99, 0, 59, 99, 93
96, 0, 63, 99, 93
96, 0, 63, 99, 93
95, 0, 62, 99, 93
95, 0, 62, 99, 93
95, 0, 62, 99, 93
99, 0, 2, 99, 93
99, 0, 2, 99, 93
99, 0, 2, 99, 93
99, 0, 2, 99, 98
99, 0, 2, 99, 98
99, 0, 2, 99, 98
99, 0, 2, 99, 99
99, 0, 2, 99, 99
99, 0, 2, 99, 99
99, 0, 2, 99, 99
99, 0, 2, 99, 99
99, 0, 2, 99, 99
99, 0, 2, 99, 99
99, 0, 2, 99, 99
98, 0, 2, 99, 99
7, 0, 0, 100, 99
7, 0, 0, 99, 97
7, 0, 0, 99, 97
7, 0, 0, 99, 97
7, 0, 0, 99, 97
7, 0, 0, 99, 97
7, 0, 0, 99, 97
7, 0, 0, 99, 97
7, 0, 0, 99, 97
7, 0, 0, 99, 97
7, 0, 0, 99, 97
7, 0, 0, 99, 97
7, 0, 0, 99, 97
7, 0, 0, 99, 97
7, 0, 0, 99, 97
7, 0, 0, 99, 97
7, 0, 0, 99, 97
7, 0, 0, 99, 97
7, 0, 0, 99, 97
7, 0, 0, 99, 97
7, 0, 0, 100, 97
7, 0, 0, 99, 97
7, 0, 0, 99, 97
7, 0, 0, 99, 97
7, 0, 0, 99, 97
7, 0, 0, 99, 97
7, 0, 0, 100, 97
7, 0, 0, 99, 97
7, 0, 0, 99, 97
7, 0, 0, 99, 97
7, 0, 0, 99, 97
7, 0, 0, 99, 97
7, 0, 0, 99, 97
7, 0, 0, 99, 97
7, 0, 0, 99, 97
7, 0, 0, 99, 97
7, 0, 0, 99, 99
7, 0, 0, 99, 99
7, 0, 0, 99, 99
7, 0, 0, 99, 99
7, 0, 0, 99, 99
7, 0, 0, 99, 99
7, 0, 0, 99, 99
7, 0, 0, 99, 99
7, 0, 0, 99, 99
7, 0, 0, 99, 99
7, 0, 0, 99, 99
6, 0, 0, 99, 0
6, 0, 0, 99, 0
6, 0, 0, 99, 0
6, 0, 0, 99, 0
6, 0, 0, 99, 0
6, 0, 0, 99, 0
6, 1, 0, 99, 0
6, 2, 0, 97, 0
6, 3, 0, 94, 0
6, 5, 0, 90, 0
6, 6, 0, 90, 0
6, 10, 0, 0, 0
6, 11, 0, 0, 0
6, 15, 0, 0, 0
6, 15, 0, 0, 0
6, 15, 0, 0, 0
6, 0, 0, 0, 0
6, 0, 0, 0, 0
6, 0, 0, 0, 0
6, 0, 0, 0, 0
6, 0, 0, 0, 0
6, 0, 0, 0, 0
6, 0, 0, 0, 0
6, 0, 0, 0, 0
6, 0, 0, 0, 0
6, 0, 0, 0, 0
6, 0, 0, 0, 0
6, 0, 0, 0, 0
6, 0, 0, 0, 0
6, 0, 0, 0, 0
6, 0, 0, 0, 0
6, 0, 0, 0, 0
6, 0, 0, 0, 0
6, 0, 0, 0, 0
6, 0, 0, 0, 0
6, 0, 0, 0, 0
6, 0, 0, 0, 0
6, 0, 0, 0, 0
6, 0, 0, 0, 0
6, 0, 0, 0, 0
6, 0, 0, 0, 0
6, 0, 0, 0, 0
5, 0, 0, 0, 0
6, 0, 0, 0, 0
6, 0, 0, 0, 0
6, 0, 0, 0, 0
6, 0, 0, 0, 0
6, 0, 0, 0, 0
6, 0, 0, 0, 0
6, 0, 0, 0, 0
6, 0, 0, 0, 0
6, 0, 0, 0, 0
6, 0, 0, 0, 0
6, 0, 0, 0, 0
6, 0, 0, 0, 0
6, 0, 0, 0, 0
5, 0, 0, 0, 0
6, 0, 0, 0, 0
6, 0, 0, 1, 0
6, 0, 0, 1, 0
6, 0, 0, 1, 0
6, 0, 0, 1, 0
6, 0, 0, 1, 0
6, 0, 0, 1, 0
6, 0, 0, 1, 0
6, 0, 0, 1, 0
6, 0, 0, 1, 0
6, 0, 0, 1, 0
6, 0, 0, 1, 0
6, 0, 0, 1, 0
5, 0, 0, 1, 0
5, 0, 0, 1, 0
6, 0, 0, 1, 0
6, 0, 0, 1, 0
5, 0, 0, 1, 0
6, 0, 0, 1, 0
5, 0, 0, 1, 0
6, 0, 0, 1, 0
5, 0, 0, 1, 0
6, 0, 0, 1, 0
6, 0, 0, 1, 0
6, 0, 0, 1, 0
6, 0, 0, 1, 0
6, 0, 0, 1, 0
6, 0, 0, 1, 0
6, 0, 0, 1, 0
6, 0, 0, 1, 0
5, 0, 0, 1, 0
5, 0, 0, 1, 0
5, 0, 0, 1, 0
6, 0, 0, 1, 0
6, 0, 0, 1, 0
5, 0, 0, 1, 0
5, 0, 0, 1, 0
6, 0, 0, 1, 0
6, 0, 0, 1, 0
5, 0, 0, 1, 0
5, 0, 0, 1, 0
5, 0, 0, 1, 0
5, 0, 0, 1, 0
5, 0, 0, 1, 0
5, 0, 0, 1, 0
5, 0, 0, 1, 0
5, 0, 0, 1, 0
6, 0, 0, 1, 0
5, 0, 0, 1, 0
5, 0, 0, 1, 0
5, 0, 0, 1, 0
5, 0, 0, 1, 0
5, 0, 0, 1, 0
6, 0, 0, 1, 0
5, 0, 0, 1, 0
6, 0, 0, 1, 0
5, 0, 0, 1, 0
5, 0, 0, 1, 0
91, 2, 71, 1, 92
91, 2, 71, 1, 92
92, 2, 74, 1, 93
92, 2, 74, 1, 93
93, 2, 74, 1, 93
95, 2, 74, 1, 93
95, 2, 74, 1, 93
96, 2, 74, 1, 93
96, 2, 74, 1, 93
96, 2, 74, 1, 93
95, 2, 74, 2, 93
95, 2, 74, 2, 93
95, 2, 74, 2, 93
95, 2, 74, 2, 93
95, 2, 74, 2, 93
95, 2, 74, 2, 93
96, 2, 74, 2, 93
96, 2, 74, 2, 93
99, 2, 74, 2, 93
99, 2, 74, 2, 93
99, 2, 75, 2, 93
99, 2, 75, 2, 93
99, 2, 75, 2, 93
99, 2, 75, 2, 93
99, 2, 76, 2, 93
99, 2, 76, 2, 93
99, 2, 76, 2, 93
99, 2, 76, 2, 93
99, 2, 76, 2, 93
99, 2, 76, 2, 93
99, 2, 76, 2, 93
99, 2, 76, 2, 93
99, 2, 76, 2, 93
99, 2, 76, 2, 93
99, 2, 76, 2, 93
99, 2, 76, 2, 93
99, 2, 76, 2, 93
99, 2, 76, 2, 93
99, 2, 76, 2, 93
99, 2, 76, 2, 93
99, 2, 76, 2, 93
99, 2, 77, 2, 93
99, 2, 77, 2, 93
99, 2, 77, 2, 93
99, 2, 77, 2, 93
99, 2, 77, 2, 93
99, 2, 77, 2, 93
99, 2, 77, 2, 93
99, 2, 77, 2, 93
99, 2, 77, 2, 93
99, 2, 77, 2, 93
99, 2, 77, 2, 93
99, 2, 77, 75, 93
99, 2, 77, 75, 93
99, 2, 77, 76, 93
99, 2, 77, 76, 93
99, 2, 77, 76, 93
99, 2, 77, 76, 93
99, 2, 77, 76, 93
99, 2, 76, 76, 93
99, 2, 76, 76, 93
99, 2, 76, 77, 93
99, 2, 76, 77, 93
99, 2, 76, 78, 93
99, 2, 76, 78, 93
99, 2, 76, 78, 93
99, 2, 75, 78, 93
99, 2, 75, 77, 93
99, 2, 75, 77, 93
99, 2, 75, 78, 93
99, 2, 75, 78, 93
99, 2, 75, 78, 93
99, 2, 75, 78, 93
99, 2, 74, 78, 93
99, 2, 74, 78, 93
99, 2, 74, 78, 93
99, 2, 74, 78, 93
100, 21, 74, 78, 93
100, 21, 74, 78, 93
99, 21, 74, 78, 93
99, 21, 74, 78, 93
99, 21, 74, 78, 93
99, 21, 74, 79, 93
99, 21, 74, 79, 93
99, 21, 74, 79, 93
99, 25, 73, 79, 93
99, 25, 73, 79, 93
99, 25, 73, 79, 93
99, 25, 73, 79, 93
99, 25, 73, 79, 93
99, 21, 73, 79, 93
99, 21, 73, 79, 93
99, 21, 73, 79, 93
99, 20, 73, 79, 93
99, 20, 72, 80, 93
99, 20, 72, 80, 93
99, 20, 72, 80, 93
99, 20, 72, 80, 93
99, 19, 72, 82, 93
99, 19, 71, 82, 93
99, 18, 71, 82, 93
99, 14, 71, 83, 93
99, 14, 71, 83, 93
99, 11, 70, 84, 93
99, 8, 70, 85, 93
99, 7, 69, 86, 98
99, 6, 69, 87, 98
99, 5, 68, 89, 98
99, 5, 68, 89, 98
99, 5, 68, 89, 98
99, 4, 68, 91, 98
99, 3, 68, 92, 98
99, 3, 67, 93, 98
99, 2, 66, 94, 99
99, 2, 66, 94, 99
99, 1, 67, 95, 99
99, 0, 66, 96, 99
99, 0, 66, 96, 99
99, 0, 64, 96, 99
99, 0, 63, 97, 99
99, 0, 63, 97, 99
99, 0, 44, 98, 99
99, 0, 2, 98, 99
99, 0, 2, 99, 99
99, 0, 2, 99, 99
99, 0, 2, 99, 99
99, 0, 2, 99, 99
99, 0, 2, 99, 100
99, 0, 2, 99, 99
99, 0, 2, 99, 99
98, 0, 2, 99, 99
98, 0, 2, 99, 99
98, 0, 2, 99, 99
98, 0, 2, 99, 99
97, 0, 2, 99, 99
7, 0, 0, 99, 99
7, 0, 0, 99, 99
7, 0, 0, 99, 99
7, 0, 0, 99, 99
7, 0, 0, 99, 99
7, 0, 0, 100, 99
7, 0, 0, 99, 99
7, 0, 0, 99, 99
7, 0, 0, 99, 99
7, 0, 0, 99, 99
7, 0, 0, 99, 99
7, 0, 0, 99, 99
7, 0, 0, 99, 99
6, 0, 0, 1, 0
6, 0, 0, 1, 0
6, 0, 0, 1, 0
6, 0, 0, 1, 0
6, 0, 0, 1, 0
6, 0, 0, 1, 0
6, 0, 0, 1, 0
6, 0, 0, 1, 0
6, 0, 0, 1, 0
6, 0, 0, 1, 0
6, 0, 0, 1, 0
6, 0, 0, 1, 0
6, 0, 0, 1, 0
6, 0, 0, 1, 0
6, 0, 0, 1, 0
6, 0, 0, 1, 0
6, 0, 0, 1, 0
6, 0, 0, 1, 0
6, 0, 0, 1, 0
6, 0, 0, 1, 0
6, 0, 0, 1, 0
6, 0, 0, 1, 0
6, 0, 0, 1, 0
6, 0, 0, 1, 0
6, 0, 0, 1, 0
6, 0, 0, 1, 0
6, 0, 0, 1, 0
6, 0, 0, 1, 0
6, 0, 0, 1, 0
6, 0, 0, 1, 0
6, 0, 0, 0, 0
6, 0, 0, 0, 0
6, 0, 0, 0, 0
6, 0, 0, 0, 0
6, 0, 0, 0, 0
6, 0, 0, 0, 0
6, 0, 0, 0, 0
6, 0, 0, 0, 0
6, 0, 0, 0, 0
6, 0, 0, 0, 0
6, 0, 0, 0, 0
6, 0, 0, 0, 0
6, 0, 0, 0, 0
6, 0, 0, 0, 0
6, 0, 0, 0, 0
6, 0, 0, 0, 0
6, 0, 0, 0, 0
6, 0, 0, 0, 0
6, 0, 0, 0, 0
6, 0, 0, 0, 0
6, 0, 0, 0, 0
91, 2, 78, 2, 92
91, 2, 78, 2, 92
91, 2, 78, 2, 92
91, 2, 71, 2, 92
99, 2, 73, 2, 93
99, 2, 73, 2, 93
99, 2, 73, 2, 93
99, 2, 74, 2, 93
99, 2, 74, 2, 93
99, 2, 74, 2, 93
99, 2, 74, 2, 93
99, 2, 74, 2, 93
99, 2, 74, 2, 93
99, 2, 75, 2, 93
99, 2, 75, 2, 93
99, 2, 75, 2, 93
99, 2, 75, 2, 93
100, 2, 75, 2, 93
100, 2, 75, 2, 93
100, 2, 75, 2, 93
100, 2, 75, 2, 93
100, 2, 75, 2, 93
100, 2, 75, 2, 93
100, 2, 75, 2, 93
100, 2, 75, 2, 93
99, 2, 75, 75, 93
99, 2, 75, 75, 93
99, 2, 75, 75, 93
99, 2, 75, 75, 93
99, 2, 75, 76, 93
99, 2, 75, 76, 93
100, 2, 75, 76, 93
99, 2, 75, 76, 93
100, 2, 75, 76, 93
100, 2, 75, 76, 93
99, 2, 75, 76, 93
100, 2, 74, 78, 93
99, 2, 74, 78, 93
99, 2, 74, 78, 93
99, 2, 74, 79, 93
99, 2, 74, 79, 93
100, 2, 74, 79, 93
99, 2, 74, 79, 93
99, 2, 74, 79, 93
99, 2, 74, 79, 93
99, 2, 74, 79, 93
99, 2, 74, 79, 93
100, 2, 74, 79, 93
100, 2, 74, 79, 93
99, 3, 74, 80, 93
99, 21, 73, 80, 93
99, 20, 73, 80, 93
99, 17, 73, 80, 93
99, 17, 73, 80, 93
99, 17, 73, 80, 93
99, 16, 73, 81, 93
99, 16, 73, 82, 93
99, 15, 73, 84, 93
99, 10, 72, 85, 93
99, 6, 72, 87, 93
99, 6, 72, 88, 93
99, 5, 72, 89, 93
99, 4, 72, 92, 93
99, 4, 72, 92, 93
100, 3, 71, 95, 93
100, 2, 71, 95, 93
100, 2, 71, 96, 93
100, 2, 70, 96, 93
100, 2, 70, 96, 93
100, 2, 70, 96, 93
99, 0, 69, 99, 98
99, 0, 69, 99, 98
99, 0, 69, 99, 98
99, 0, 68, 99, 98
99, 0, 68, 99, 98
99, 0, 68, 99, 98
99, 0, 68, 99, 98
99, 0, 68, 99, 98
99, 0, 67, 99, 98
99, 0, 66, 99, 98
99, 0, 67, 99, 98
99, 0, 67, 99, 98
99, 0, 67, 99, 98
99, 0, 63, 99, 99
99, 0, 63, 99, 99
99, 0, 63, 99, 99
99, 0, 63, 99, 99
99, 0, 63, 99, 99
99, 0, 2, 99, 99
