99, 99, 96, 0, 94
99, 99, 96, 0, 94
99, 100, 96, 0, 94
99, 99, 96, 0, 94
99, 99, 96, 0, 94
99, 99, 96, 0, 94
99, 99, 96, 0, 94
99, 100, 96, 0, 94
99, 100, 96, 0, 94
99, 100, 96, 0, 94
99, 99, 96, 0, 94
99, 99, 96, 0, 94
99, 99, 96, 0, 94
99, 99, 96, 0, 94
99, 99, 96, 0, 94
99, 99, 96, 0, 94
99, 99, 96, 0, 94
99, 99, 96, 0, 94
99, 100, 96, 0, 94
99, 99, 96, 0, 94
99, 99, 96, 0, 94
99, 99, 96, 0, 94
99, 99, 96, 0, 94
99, 100, 96, 0, 94
99, 100, 96, 0, 94
99, 99, 96, 0, 94
99, 99, 96, 0, 94
99, 99, 96, 0, 94
99, 99, 96, 0, 94
99, 99, 96, 0, 94
99, 100, 96, 0, 94
99, 99, 96, 0, 94
99, 99, 96, 0, 94
99, 99, 96, 0, 94
99, 99, 96, 0, 94
99, 100, 96, 0, 94
99, 99, 96, 0, 94
99, 99, 96, 0, 94
99, 100, 96, 0, 94
99, 99, 96, 0, 94
99, 99, 96, 0, 94
99, 99, 96, 0, 94
99, 100, 96, 0, 94
99, 99, 96, 0, 94
99, 99, 96, 0, 94
99, 100, 96, 0, 94
99, 99, 96, 0, 94
99, 99, 96, 0, 94
99, 100, 96, 0, 94
99, 99, 96, 0, 94
99, 99, 96, 0, 94
99, 99, 96, 0, 94
99, 99, 96, 0, 94
99, 100, 96, 0, 94
99, 99, 96, 0, 94
99, 99, 96, 0, 94
99, 100, 96, 0, 94
99, 99, 96, 0, 94
99, 99, 96, 0, 94
99, 99, 96, 0, 94
99, 99, 96, 0, 94
99, 100, 96, 0, 94
99, 99, 96, 0, 94
99, 100, 96, 0, 94
99, 99, 96, 0, 94
99, 99, 96, 0, 94
99, 99, 96, 0, 94
99, 99, 96, 0, 94
99, 99, 96, 0, 94
99, 99, 96, 0, 94
99, 99, 96, 0, 94
99, 99, 96, 0, 94
99, 99, 96, 0, 94
99, 99, 95, 0, 94
99, 99, 95, 0, 94
99, 99, 95, 0, 94
99, 99, 95, 0, 94
99, 99, 95, 0, 94
99, 99, 95, 0, 94
99, 99, 95, 0, 94
99, 99, 95, 0, 94
99, 99, 95, 0, 94
99, 99, 95, 0, 94
99, 99, 95, 0, 94
99, 99, 95, 0, 94
99, 99, 95, 0, 94
99, 99, 95, 0, 94
99, 99, 95, 0, 94
99, 99, 95, 0, 94
99, 99, 96, 0, 94
99, 99, 96, 0, 94
99, 99, 96, 0, 94
99, 99, 96, 0, 94
99, 99, 96, 0, 94
99, 99, 96, 0, 94
99, 99, 96, 0, 94
99, 99, 96, 0, 94
99, 99, 96, 0, 94
99, 99, 96, 0, 94
99, 99, 96, 0, 94
99, 99, 96, 0, 94
99, 99, 96, 0, 94
99, 99, 96, 0, 94
99, 99, 96, 0, 94
99, 99, 96, 0, 94
99, 99, 96, 0, 94
99, 99, 96, 0, 94
99, 99, 96, 0, 94
99, 99, 96, 0, 94
99, 99, 96, 0, 94
99, 99, 96, 0, 94
99, 99, 96, 0, 94
99, 99, 94, 0, 94
99, 99, 94, 0, 94
99, 99, 94, 0, 94
97, 99, 93, 0, 94
97, 99, 93, 0, 94
96, 99, 92, 0, 94
96, 99, 92, 1, 94
96, 99, 92, 1, 94
96, 99, 92, 1, 94
95, 99, 91, 1, 94
95, 99, 91, 1, 94
94, 99, 89, 1, 94
94, 99, 89, 1, 94
93, 99, 87, 1, 94
93, 99, 87, 1, 93
92, 99, 87, 1, 94
92, 99, 88, 1, 94
92, 99, 87, 1, 93
92, 99, 87, 1, 94
91, 99, 87, 1, 93
91, 99, 87, 1, 93
91, 99, 87, 1, 93
91, 99, 87, 1, 93
91, 99, 86, 1, 93
91, 99, 86, 1, 93
90, 99, 86, 1, 93
90, 99, 86, 1, 93
90, 99, 86, 1, 93
90, 99, 86, 1, 93
90, 99, 86, 1, 93
89, 99, 85, 1, 93
89, 99, 85, 1, 93
89, 99, 85, 1, 93
89, 99, 85, 1, 93
89, 99, 84, 1, 93
89, 99, 84, 1, 93
89, 99, 84, 1, 93
89, 99, 84, 1, 93
89, 99, 83, 1, 93
89, 99, 84, 1, 93
89, 99, 84, 1, 93
89, 99, 85, 1, 93
89, 99, 85, 1, 93
89, 99, 85, 1, 93
89, 99, 85, 1, 93
89, 99, 85, 1, 93
89, 99, 85, 1, 93
89, 99, 85, 1, 93
89, 99, 85, 1, 93
89, 99, 85, 1, 93
89, 99, 85, 1, 93
89, 99, 85, 1, 93
89, 99, 85, 1, 93
89, 99, 85, 1, 93
89, 99, 85, 1, 93
89, 99, 85, 1, 93
89, 99, 85, 1, 93
89, 99, 85, 1, 93
89, 99, 85, 1, 93
89, 99, 85, 1, 93
89, 99, 85, 1, 93
89, 99, 85, 1, 93
89, 99, 84, 1, 93
89, 99, 84, 1, 93
89, 99, 84, 1, 93
89, 99, 84, 1, 93
89, 99, 84, 1, 93
89, 99, 84, 1, 93
89, 99, 84, 1, 93
89, 99, 84, 1, 93
89, 99, 84, 1, 93
89, 99, 84, 1, 93
89, 99, 83, 1, 93
89, 99, 83, 1, 93
89, 99, 83, 1, 93
89, 99, 83, 1, 93
89, 99, 83, 1, 93
89, 99, 83, 1, 93
89, 99, 83, 1, 93
89, 99, 83, 1, 93
89, 99, 83, 1, 93
88, 99, 83, 1, 93
88, 99, 83, 1, 93
88, 99, 81, 1, 93
88, 99, 81, 1, 93
88, 99, 80, 1, 93
88, 99, 80, 1, 93
88, 99, 79, 1, 93
89, 99, 79, 1, 93
87, 99, 79, 1, 93
89, 99, 78, 1, 93
7, 99, 76, 1, 92
7, 99, 76, 1, 92
7, 98, 76, 1, 92
7, 98, 75, 1, 92
7, 98, 75, 1, 92
7, 98, 76, 1, 92
7, 98, 74, 1, 91
7, 98, 74, 1, 0
6, 97, 0, 1, 0
6, 97, 0, 1, 0
6, 98, 0, 1, 0
6, 98, 0, 1, 0
6, 98, 0, 1, 0
6, 98, 0, 1, 0
6, 98, 0, 1, 0
6, 98, 0, 1, 0
6, 0, 0, 1, 0
6, 0, 0, 1, 0
6, 0, 0, 1, 0
6, 0, 0, 1, 0
6, 0, 0, 1, 0
6, 0, 0, 1, 0
6, 0, 0, 1, 0
6, 0, 0, 1, 0
6, 0, 0, 1, 0
6, 0, 0, 1, 0
6, 0, 0, 1, 0
6, 0, 0, 1, 0
6, 0, 0, 1, 0
6, 0, 0, 1, 0
6, 0, 0, 1, 0
6, 0, 0, 1, 0
6, 0, 0, 1, 0
6, 0, 0, 1, 0
6, 0, 0, 1, 0
6, 0, 0, 1, 0
6, 0, 0, 1, 0
6, 0, 0, 1, 0
6, 0, 0, 1, 0
6, 0, 0, 1, 0
6, 0, 0, 1, 0
6, 0, 0, 1, 0
6, 0, 0, 1, 0
6, 0, 0, 1, 0
6, 0, 0, 1, 0
6, 0, 0, 1, 0
6, 0, 0, 1, 0
6, 0, 0, 1, 0
6, 0, 0, 0, 0
6, 0, 0, 0, 0
6, 0, 0, 0, 0
6, 0, 0, 0, 0
6, 0, 0, 0, 0
6, 0, 0, 0, 0
6, 0, 0, 0, 0
6, 0, 0, 0, 0
6, 0, 0, 0, 0
6, 0, 0, 0, 0
6, 0, 0, 0, 0
6, 0, 0, 0, 0
6, 0, 0, 0, 0
6, 0, 0, 0, 0
6, 0, 79, 0, 0
6, 0, 80, 0, 0
89, 2, 77, 1, 92
90, 2, 77, 1, 92
90, 2, 77, 1, 92
90, 2, 77, 1, 92
90, 2, 77, 1, 92
90, 2, 79, 1, 93
91, 2, 79, 1, 93
91, 2, 78, 1, 93
91, 98, 81, 1, 93
91, 98, 82, 1, 93
91, 98, 82, 1, 93
91, 99, 85, 1, 93
91, 99, 85, 1, 93
92, 99, 86, 1, 94
92, 99, 86, 1, 94
92, 99, 86, 1, 94
92, 99, 87, 1, 94
92, 99, 87, 1, 93
92, 99, 87, 1, 94
92, 99, 87, 1, 94
92, 99, 87, 1, 93
92, 99, 87, 1, 93
91, 99, 86, 1, 94
91, 99, 87, 0, 94
91, 99, 87, 0, 94
91, 99, 87, 0, 94
91, 99, 87, 0, 94
91, 99, 89, 0, 94
91, 99, 89, 0, 94
91, 99, 89, 0, 94
91, 99, 89, 0, 94
92, 99, 90, 0, 94
92, 99, 90, 0, 94
92, 99, 90, 0, 94
92, 99, 90, 0, 94
92, 99, 90, 0, 94
92, 99, 90, 0, 94
93, 99, 90, 0, 94
93, 99, 91, 0, 94
93, 99, 91, 0, 94
93, 99, 91, 0, 94
93, 99, 91, 0, 94
92, 100, 91, 0, 94
92, 100, 91, 0, 94
92, 99, 91, 0, 94
92, 99, 91, 0, 94
92, 99, 92, 0, 94
92, 99, 93, 0, 94
92, 99, 93, 0, 94
92, 99, 93, 0, 94
92, 99, 93, 0, 94
92, 99, 94, 0, 94
92, 99, 94, 0, 94
92, 99, 94, 0, 94
92, 99, 94, 0, 94
92, 99, 94, 0, 94
92, 100, 94, 0, 94
92, 100, 94, 0, 94
92, 100, 94, 0, 94
92, 99, 94, 0, 94
92, 100, 94, 0, 94
92, 99, 94, 0, 94
92, 99, 94, 0, 94
92, 100, 95, 0, 94
92, 99, 95, 0, 94
92, 99, 95, 0, 94
92, 100, 95, 0, 94
92, 100, 95, 0, 94
91, 99, 95, 0, 94
91, 100, 95, 0, 94
91, 100, 95, 0, 94
91, 99, 95, 0, 94
91, 100, 95, 0, 94
91, 99, 95, 0, 94
91, 99, 95, 0, 94
91, 99, 95, 0, 94
91, 100, 95, 0, 94
91, 99, 95, 0, 94
91, 99, 95, 0, 94
91, 99, 95, 0, 94
91, 99, 95, 0, 94
91, 99, 95, 0, 94
91, 100, 95, 0, 94
91, 99, 95, 0, 94
91, 99, 95, 0, 94
91, 99, 95, 0, 94
91, 99, 95, 0, 94
91, 99, 95, 0, 94
91, 99, 95, 0, 94
91, 100, 95, 0, 94
91, 99, 94, 0, 94
91, 100, 95, 0, 94
91, 99, 95, 0, 94
91, 99, 95, 0, 94
91, 99, 95, 0, 94
91, 99, 95, 0, 94
91, 99, 95, 0, 94
91, 99, 95, 0, 94
91, 99, 95, 0, 94
91, 99, 94, 0, 94
91, 99, 94, 0, 94
91, 99, 94, 0, 94
91, 99, 95, 0, 94
91, 99, 94, 0, 94
91, 99, 95, 0, 94
91, 100, 94, 0, 94
91, 99, 95, 0, 94
91, 99, 95, 0, 94
91, 99, 95, 0, 94
91, 99, 95, 0, 94
91, 99, 95, 0, 94
91, 99, 95, 0, 94
91, 99, 95, 0, 94
91, 99, 95, 0, 94
91, 100, 95, 0, 94
91, 99, 95, 0, 94
91, 99, 95, 0, 94
91, 99, 95, 0, 94
91, 100, 95, 0, 94
91, 99, 95, 0, 94
91, 99, 95, 0, 94
91, 99, 95, 0, 94
91, 100, 95, 0, 94
91, 99, 95, 0, 94
91, 100, 95, 0, 94
91, 99, 95, 0, 94
91, 99, 95, 0, 94
91, 99, 95, 0, 94
91, 100, 95, 0, 94
91, 100, 95, 0, 94
91, 100, 95, 0, 94
91, 99, 95, 0, 94
91, 99, 95, 0, 94
91, 100, 95, 0, 94
91, 99, 95, 0, 93
91, 99, 95, 0, 94
91, 99, 94, 0, 94
91, 99, 94, 0, 94
91, 99, 94, 0, 94
91, 99, 94, 0, 94
91, 100, 94, 0, 94
91, 100, 94, 0, 94
91, 99, 94, 0, 94
91, 99, 94, 0, 94
91, 99, 94, 0, 94
91, 99, 94, 0, 94
91, 100, 94, 0, 94
91, 99, 94, 0, 94
91, 99, 94, 0, 94
91, 99, 94, 0, 94
91, 99, 94, 0, 94
91, 99, 94, 0, 94
91, 99, 94, 0, 94
91, 99, 94, 0, 94
91, 99, 94, 0, 94
91, 99, 94, 0, 94
91, 99, 94, 0, 94
91, 99, 94, 0, 94
91, 99, 94, 0, 94
91, 99, 94, 0, 94
91, 99, 94, 0, 94
91, 99, 94, 0, 94
91, 99, 94, 0, 94
91, 99, 94, 0, 94
91, 99, 94, 0, 94
91, 99, 94, 0, 94
91, 99, 94, 0, 94
91, 99, 94, 0, 94
91, 99, 94, 0, 94
91, 99, 94, 0, 94
91, 100, 94, 0, 94
91, 99, 94, 0, 94
91, 99, 94, 0, 94
91, 99, 94, 0, 94
91, 99, 94, 0, 94
91, 99, 94, 0, 94
91, 99, 94, 0, 94
91, 99, 94, 0, 94
91, 99, 94, 0, 94
91, 99, 93, 0, 94
91, 99, 93, 0, 94
91, 99, 93, 0, 94
91, 99, 93, 0, 94
91, 99, 93, 0, 94
91, 100, 93, 0, 94
91, 99, 93, 0, 94
91, 99, 93, 0, 94
91, 99, 93, 0, 94
91, 99, 93, 0, 94
91, 99, 93, 0, 94
91, 100, 93, 0, 94
91, 100, 93, 0, 94
91, 99, 93, 0, 94
91, 99, 93, 0, 94
91, 99, 93, 0, 94
91, 99, 93, 0, 94
91, 99, 93, 0, 94
91, 99, 93, 0, 94
91, 99, 93, 0, 94
91, 100, 93, 0, 94
91, 99, 93, 0, 94
91, 99, 93, 0, 94
91, 99, 93, 0, 94
91, 99, 93, 0, 94
91, 99, 93, 0, 94
91, 100, 93, 0, 94
91, 99, 93, 0, 94
91, 99, 93, 0, 94
91, 99, 93, 0, 94
91, 99, 93, 0, 93
91, 100, 93, 0, 94
91, 99, 93, 0, 94
91, 99, 93, 0, 93
91, 99, 93, 0, 94
91, 100, 93, 0, 94
91, 100, 93, 0, 94
91, 99, 93, 0, 94
91, 99, 93, 0, 94
91, 99, 93, 0, 94
91, 99, 93, 0, 94
91, 99, 93, 0, 94
91, 99, 93, 0, 94
91, 99, 93, 0, 94
91, 99, 93, 0, 94
91, 99, 93, 0, 94
91, 99, 93, 0, 94
91, 99, 93, 0, 94
91, 99, 93, 0, 94
91, 99, 93, 0, 94
91, 99, 93, 0, 94
91, 99, 93, 0, 94
91, 99, 92, 0, 94
91, 99, 92, 0, 94
91, 99, 92, 0, 94
91, 99, 92, 0, 94
91, 99, 92, 0, 94
91, 99, 92, 0, 94
91, 99, 92, 0, 94
91, 99, 92, 0, 94
91, 99, 92, 0, 94
91, 99, 92, 0, 94
91, 99, 92, 0, 94
91, 99, 92, 0, 94
91, 99, 92, 0, 94
91, 99, 92, 0, 94
91, 99, 92, 0, 94
91, 99, 92, 0, 94
91, 99, 92, 0, 93
91, 99, 92, 0, 94
91, 99, 92, 0, 94
91, 100, 92, 0, 94
91, 99, 92, 0, 94
91, 99, 92, 0, 94
91, 99, 92, 0, 94
91, 99, 92, 0, 94
91, 99, 92, 0, 93
91, 99, 92, 0, 93
91, 99, 92, 0, 94
91, 99, 92, 0, 94
91, 99, 92, 0, 94
91, 99, 92, 0, 94
91, 99, 92, 0, 94
91, 99, 92, 0, 94
91, 99, 92, 0, 93
91, 99, 92, 0, 93
91, 99, 92, 0, 94
91, 99, 92, 0, 94
91, 99, 92, 0, 94
91, 99, 92, 0, 94
91, 99, 92, 0, 93
91, 99, 92, 0, 94
91, 99, 92, 0, 94
91, 99, 92, 0, 94
91, 99, 92, 0, 94
91, 99, 92, 0, 94
91, 99, 92, 0, 94
91, 99, 92, 0, 94
91, 99, 92, 0, 94
91, 99, 92, 0, 93
91, 99, 92, 0, 93
91, 99, 92, 0, 94
91, 99, 92, 0, 93
91, 99, 92, 0, 94
91, 99, 92, 0, 94
91, 99, 92, 0, 94
91, 99, 92, 0, 93
91, 99, 91, 0, 94
91, 99, 91, 0, 93
91, 99, 91, 1, 94
91, 99, 91, 1, 94
91, 99, 91, 0, 93
91, 99, 91, 1, 93
91, 99, 91, 1, 93
91, 99, 91, 1, 93
91, 99, 91, 1, 93
91, 99, 91, 0, 94
91, 99, 91, 1, 93
91, 99, 91, 1, 93
91, 99, 91, 1, 93
91, 99, 91, 1, 94
91, 99, 91, 0, 93
91, 99, 91, 1, 94
91, 99, 91, 1, 93
91, 99, 91, 1, 93
91, 99, 91, 1, 94
91, 99, 91, 1, 93
91, 99, 91, 1, 93
91, 99, 91, 1, 93
91, 99, 91, 1, 93
91, 99, 91, 1, 93
91, 99, 91, 1, 93
91, 99, 91, 1, 94
91, 99, 91, 1, 93
91, 99, 91, 1, 93
91, 99, 91, 1, 93
91, 99, 91, 1, 93
91, 99, 91, 1, 93
91, 99, 91, 1, 93
91, 99, 91, 1, 93
91, 99, 91, 1, 93
91, 99, 91, 1, 93
91, 99, 91, 1, 93
91, 99, 91, 1, 93
91, 99, 91, 1, 93
91, 99, 91, 1, 93
91, 99, 90, 1, 94
91, 99, 91, 1, 93
91, 99, 90, 1, 93
91, 99, 90, 1, 93
91, 99, 90, 1, 94
91, 99, 90, 1, 94
91, 99, 90, 1, 93
91, 99, 90, 1, 93
91, 99, 90, 1, 93
91, 99, 90, 1, 93
91, 99, 90, 1, 94
91, 99, 90, 1, 93
91, 99, 90, 1, 94
91, 99, 90, 1, 94
91, 99, 90, 1, 94
91, 99, 90, 1, 93
91, 99, 90, 1, 93
91, 99, 90, 1, 93
91, 99, 90, 1, 93
91, 99, 90, 1, 93
91, 99, 90, 1, 93
91, 99, 90, 1, 93
91, 99, 90, 1, 93
91, 99, 90, 1, 93
91, 99, 90, 1, 93
91, 99, 90, 1, 94
91, 99, 90, 1, 93
91, 99, 90, 1, 94
91, 99, 90, 1, 94
91, 99, 90, 1, 94
91, 99, 90, 1, 94
91, 99, 90, 1, 93
91, 99, 90, 1, 93
91, 99, 90, 1, 93
91, 99, 90, 1, 94
91, 99, 90, 1, 94
91, 99, 90, 1, 93
91, 99, 90, 1, 93
91, 99, 90, 1, 93
91, 99, 90, 1, 93
91, 99, 90, 1, 93
91, 99, 90, 1, 93
91, 99, 90, 1, 93
91, 99, 90, 1, 93
91, 99, 90, 1, 94
91, 99, 90, 1, 93
91, 99, 90, 1, 93
91, 99, 90, 1, 94
91, 99, 90, 1, 93
91, 99, 90, 1, 93
91, 99, 90, 1, 93
91, 99, 90, 1, 93
91, 99, 90, 1, 93
91, 99, 90, 1, 94
91, 99, 90, 1, 93
91, 99, 90, 1, 93
91, 99, 90, 1, 93
91, 99, 90, 1, 93
91, 99, 90, 1, 93
91, 99, 90, 1, 93
91, 99, 90, 1, 93
91, 99, 90, 1, 93
91, 99, 90, 1, 93
91, 99, 90, 1, 93
91, 99, 90, 1, 93
91, 99, 90, 1, 93
91, 99, 90, 1, 93
91, 99, 90, 1, 93
91, 99, 90, 1, 93
91, 99, 90, 1, 93
91, 99, 90, 1, 93
91, 99, 90, 1, 93
91, 99, 90, 1, 93
91, 99, 90, 1, 93
91, 99, 90, 1, 93
91, 99, 90, 1, 93
91, 99, 90, 1, 93
91, 99, 90, 1, 93
91, 99, 90, 1, 93
91, 99, 90, 1, 93
91, 99, 90, 1, 93
91, 99, 90, 1, 93
91, 99, 90, 1, 93
91, 99, 90, 1, 93
91, 99, 90, 1, 93
91, 99, 90, 1, 93
91, 99, 90, 1, 93
91, 99, 90, 1, 93
91, 99, 90, 1, 93
91, 99, 90, 1, 93
91, 99, 90, 1, 93
91, 99, 90, 1, 93
91, 99, 90, 1, 93
91, 99, 90, 1, 93
91, 99, 90, 1, 93
91, 99, 90, 1, 93
91, 99, 90, 1, 93
91, 99, 90, 1, 93
91, 99, 90, 1, 93
91, 99, 90, 1, 93
91, 99, 90, 1, 93
91, 99, 89, 1, 93
91, 99, 89, 1, 93
91, 99, 89, 1, 93
91, 99, 89, 1, 93
91, 99, 89, 1, 93
91, 99, 89, 1, 93
91, 99, 89, 1, 93
91, 99, 89, 1, 93
91, 99, 89, 1, 93
91, 99, 89, 1, 93
91, 99, 89, 1, 93
91, 99, 89, 1, 93
91, 99, 89, 1, 93
91, 99, 89, 1, 93
91, 99, 89, 1, 93
91, 99, 89, 1, 93
91, 99, 89, 1, 93
91, 99, 89, 1, 93
91, 99, 89, 1, 93
91, 99, 89, 1, 93
91, 99, 89, 1, 93
91, 99, 89, 1, 93
91, 99, 89, 1, 93
91, 99, 89, 1, 93
91, 99, 89, 1, 93
91, 99, 89, 1, 93
91, 99, 89, 1, 93
91, 99, 89, 1, 93
91, 99, 89, 1, 93
91, 99, 89, 1, 93
91, 99, 89, 1, 93
91, 99, 89, 1, 93
91, 99, 89, 1, 94
91, 99, 89, 1, 93
91, 99, 89, 1, 93
91, 99, 89, 1, 93
92, 99, 89, 1, 93
92, 99, 89, 1, 93
92, 99, 89, 1, 94
92, 99, 89, 1, 93
92, 99, 89, 1, 93
92, 99, 89, 1, 93
92, 99, 89, 1, 94
92, 99, 89, 1, 94
92, 99, 89, 1, 93
92, 99, 89, 1, 94
92, 99, 89, 1, 94
92, 99, 89, 1, 94
92, 99, 89, 1, 93
92, 99, 89, 1, 93
92, 99, 89, 1, 94
92, 99, 89, 1, 93
92, 99, 89, 1, 93
92, 99, 89, 1, 93
92, 99, 89, 1, 93
92, 99, 89, 1, 93
92, 99, 89, 1, 93
92, 99, 89, 1, 93
92, 99, 89, 1, 94
92, 99, 89, 1, 93
92, 99, 89, 1, 93
92, 99, 89, 1, 93
92, 99, 89, 1, 93
92, 99, 89, 1, 93
92, 99, 89, 1, 93
92, 99, 89, 1, 93
92, 99, 89, 1, 93
92, 99, 89, 1, 93
92, 99, 89, 1, 93
92, 99, 89, 1, 94
92, 99, 89, 1, 93
92, 99, 89, 1, 94
92, 99, 89, 1, 94
92, 99, 89, 1, 94
92, 99, 89, 1, 93
92, 99, 89, 1, 94
93, 99, 90, 1, 94
93, 99, 90, 1, 94
93, 99, 90, 1, 93
93, 99, 90, 1, 94
93, 99, 90, 1, 93
93, 99, 90, 1, 94
93, 99, 90, 1, 94
93, 99, 90, 1, 94
93, 99, 90, 1, 94
93, 99, 90, 1, 94
93, 99, 90, 1, 94
93, 99, 90, 1, 93
93, 99, 90, 1, 94
93, 99, 90, 1, 94
93, 99, 90, 1, 94
93, 99, 90, 1, 94
93, 99, 90, 1, 94
93, 99, 90, 1, 93
93, 99, 90, 1, 93
93, 99, 90, 1, 93
93, 99, 90, 1, 94
93, 99, 90, 1, 94
93, 99, 90, 1, 94
93, 99, 89, 1, 94
93, 99, 89, 1, 94
93, 99, 90, 1, 94
93, 99, 89, 1, 94
93, 99, 89, 1, 94
93, 99, 89, 1, 94
93, 99, 89, 1, 94
93, 99, 89, 1, 94
93, 99, 89, 1, 94
93, 99, 89, 1, 94
93, 99, 89, 1, 93
93, 99, 89, 1, 94
93, 99, 89, 1, 94
93, 99, 89, 1, 94
93, 99, 88, 1, 94
93, 99, 88, 1, 94
93, 99, 88, 1, 94
93, 99, 88, 1, 93
93, 99, 88, 1, 94
93, 99, 88, 1, 94
93, 99, 88, 1, 93
92, 99, 88, 1, 94
92, 99, 87, 1, 93
92, 99, 87, 1, 94
93, 99, 87, 1, 93
92, 99, 87, 1, 94
92, 99, 87, 1, 94
92, 99, 87, 1, 93
92, 99, 87, 1, 93
92, 99, 87, 1, 93
92, 99, 87, 1, 93
92, 99, 87, 1, 93
92, 99, 87, 1, 93
92, 99, 87, 1, 93
92, 99, 87, 1, 93
92, 99, 86, 1, 93
92, 99, 86, 1, 93
92, 99, 85, 1, 93
92, 99, 85, 1, 93
92, 99, 85, 1, 93
92, 99, 85, 1, 93
92, 99, 86, 1, 93
92, 99, 86, 1, 93
92, 99, 86, 1, 93
92, 99, 86, 1, 93
91, 99, 85, 1, 93
91, 99, 85, 1, 93
91, 99, 85, 1, 93
91, 99, 85, 1, 93
91, 99, 84, 1, 93
91, 99, 83, 1, 93
91, 98, 83, 1, 93
91, 98, 83, 1, 93
91, 98, 83, 1, 93
91, 98, 83, 1, 93
91, 98, 83, 1, 93
91, 98, 83, 1, 93
91, 98, 83, 1, 93
91, 98, 83, 1, 93
90, 98, 82, 1, 93
91, 98, 82, 1, 93
91, 98, 82, 1, 93
91, 98, 83, 1, 93
91, 98, 82, 1, 93
91, 98, 82, 1, 93
90, 98, 82, 1, 93
90, 98, 82, 1, 93
90, 98, 82, 1, 93
90, 98, 81, 1, 93
90, 98, 81, 1, 93
90, 98, 81, 1, 93
90, 98, 81, 1, 93
89, 98, 80, 1, 93
89, 98, 80, 1, 93
89, 98, 80, 1, 93
90, 98, 79, 1, 93
90, 98, 79, 1, 93
90, 98, 79, 1, 93
90, 98, 79, 1, 93
90, 98, 79, 1, 93
90, 98, 79, 1, 93
90, 98, 79, 1, 93
90, 98, 79, 1, 93
90, 98, 79, 1, 93
90, 98, 79, 1, 93
90, 98, 78, 1, 93
90, 97, 78, 1, 93
90, 97, 78, 1, 93
90, 97, 78, 1, 93
89, 2, 78, 1, 93
89, 2, 78, 1, 93
90, 2, 78, 1, 92
90, 2, 78, 1, 92
90, 2, 78, 1, 92
90, 2, 79, 1, 92
90, 2, 79, 1, 92
89, 2, 79, 1, 92
89, 2, 79, 1, 92
89, 2, 79, 1, 92
7, 0, 78, 1, 92
7, 0, 78, 1, 92
7, 0, 80, 1, 92
7, 0, 80, 1, 92
7, 0, 80, 1, 91
7, 0, 80, 1, 0
6, 0, 0, 1, 0
6, 0, 0, 1, 0
6, 0, 0, 1, 0
6, 0, 0, 1, 0
6, 0, 0, 1, 0
6, 0, 0, 1, 0
6, 0, 0, 1, 0
6, 0, 0, 1, 0
6, 0, 0, 1, 0
6, 0, 0, 1, 0
6, 0, 0, 1, 0
6, 0, 0, 1, 0
6, 0, 0, 1, 0
6, 0, 0, 1, 0
6, 0, 0, 1, 0
6, 0, 0, 1, 0
6, 0, 0, 1, 0
6, 0, 0, 1, 0
6, 0, 0, 1, 0
6, 0, 0, 1, 0
6, 0, 0, 1, 0
6, 0, 0, 1, 0
6, 0, 0, 1, 0
6, 0, 0, 1, 0
6, 0, 0, 1, 0
6, 0, 0, 1, 0
6, 0, 0, 1, 0
6, 0, 0, 1, 0
6, 0, 0, 1, 0
6, 0, 0, 1, 0
6, 0, 0, 1, 0
6, 0, 0, 1, 0
6, 0, 0, 1, 0
6, 0, 0, 1, 0
6, 0, 0, 1, 0
6, 0, 0, 1, 0
6, 0, 0, 1, 0
6, 0, 0, 1, 0
6, 0, 0, 1, 0
6, 0, 0, 1, 0
6, 0, 0, 1, 0
6, 0, 0, 1, 0
6, 0, 0, 1, 0
6, 0, 0, 1, 0
6, 0, 0, 1, 0
6, 0, 0, 1, 0
6, 0, 0, 1, 0
6, 0, 0, 1, 0
6, 0, 0, 1, 0
6, 0, 0, 1, 0
6, 0, 0, 1, 0
6, 0, 0, 1, 0
6, 0, 0, 1, 0
6, 0, 0, 1, 0
6, 0, 0, 1, 0
6, 0, 0, 1, 0
6, 0, 0, 1, 0
6, 0, 0, 1, 0
6, 0, 0, 1, 0
6, 0, 0, 1, 0
6, 0, 0, 1, 0
6, 0, 0, 1, 0
6, 0, 0, 1, 0
6, 0, 0, 1, 0
6, 0, 0, 1, 0
6, 0, 0, 1, 0
6, 0, 0, 1, 0
6, 0, 0, 1, 0
6, 0, 0, 1, 0
6, 0, 0, 1, 0
6, 97, 0, 1, 0
6, 98, 0, 1, 0
6, 98, 0, 1, 0
90, 98, 73, 1, 92
90, 98, 73, 1, 92
88, 98, 74, 1, 93
88, 98, 74, 1, 93
91, 98, 78, 1, 93
91, 98, 78, 1, 93
92, 98, 79, 1, 94
94, 98, 81, 1, 94
94, 98, 81, 1, 94
95, 98, 81, 1, 94
95, 98, 81, 1, 94
95, 98, 81, 1, 94
96, 98, 82, 1, 94
96, 98, 82, 1, 94
96, 98, 82, 1, 94
96, 99, 83, 1, 94
97, 99, 85, 1, 94
99, 99, 85, 1, 94
99, 99, 85, 1, 94
99, 99, 85, 1, 94
99, 99, 84, 1, 94
99, 99, 84, 1, 94
99, 99, 84, 1, 94
99, 99, 86, 1, 94
99, 99, 87, 0, 94
99, 99, 87, 0, 94
99, 99, 89, 0, 94
99, 99, 89, 0, 94
99, 99, 92, 0, 94
99, 99, 93, 0, 94
99, 99, 94, 0, 94
99, 99, 94, 0, 94
99, 99, 94, 0, 94
99, 99, 95, 0, 94
99, 99, 95, 0, 94
99, 99, 96, 0, 94
99, 99, 96, 0, 94
99, 99, 96, 0, 94
99, 99, 96, 0, 94
99, 99, 96, 0, 94
99, 99, 96, 0, 94
99, 99, 96, 0, 94
99, 99, 96, 0, 94
99, 99, 96, 0, 94
99, 99, 96, 0, 94
99, 99, 96, 0, 94
99, 99, 96, 0, 94
99, 99, 96, 0, 94
99, 99, 96, 0, 94
99, 99, 97, 0, 94
99, 99, 97, 0, 94
99, 99, 97, 0, 94
99, 99, 97, 0, 94
99, 99, 97, 0, 94
99, 99, 97, 0, 94
99, 100, 97, 0, 94
99, 99, 97, 0, 94
99, 99, 97, 0, 94
99, 99, 97, 0, 94
99, 99, 97, 0, 94
99, 99, 97, 0, 94
99, 99, 97, 0, 94
99, 99, 97, 0, 94
99, 99, 97, 0, 94
99, 99, 97, 0, 94
99, 99, 97, 0, 94
99, 100, 97, 0, 94
99, 99, 97, 0, 94
99, 99, 97, 0, 94
99, 99, 97, 0, 94
99, 99, 97, 0, 94
99, 99, 97, 0, 94
99, 99, 97, 0, 94
99, 99, 97, 0, 94
99, 99, 97, 0, 94
99, 99, 97, 0, 94
99, 99, 97, 0, 94
99, 99, 97, 0, 94
99, 99, 97, 0, 94
99, 99, 97, 0, 94
99, 99, 97, 0, 94
99, 99, 97, 0, 94
99, 99, 97, 0, 94
99, 99, 97, 0, 94
99, 99, 97, 0, 94
99, 99, 97, 0, 94
99, 99, 97, 0, 94
99, 99, 97, 0, 94
99, 99, 97, 0, 94
99, 99, 97, 0, 94
99, 99, 97, 0, 94
99, 99, 97, 0, 94
99, 99, 97, 0, 94
99, 99, 97, 0, 94
99, 99, 97, 0, 94
99, 99, 97, 0, 94
99, 99, 97, 0, 94
99, 99, 97, 0, 94
99, 99, 97, 0, 94
99, 99, 97, 0, 94
99, 99, 97, 0, 94
99, 99, 97, 0, 94
99, 99, 97, 0, 94
99, 99, 97, 0, 94
99, 99, 97, 0, 94
99, 99, 97, 0, 94
99, 100, 97, 0, 94
99, 99, 97, 0, 94
99, 99, 97, 0, 94
99, 99, 97, 0, 94
99, 99, 97, 0, 94
99, 99, 97, 0, 94
99, 99, 97, 0, 94
99, 99, 97, 0, 94
99, 99, 97, 0, 94
99, 99, 97, 0, 94
99, 99, 97, 0, 94
99, 99, 97, 0, 94
99, 99, 97, 0, 94
99, 99, 97, 0, 94
99, 99, 97, 1, 94
99, 99, 97, 1, 94
99, 99, 97, 1, 94
99, 99, 97, 1, 94
99, 99, 97, 1, 94
99, 99, 97, 1, 94
99, 99, 97, 1, 94
99, 99, 97, 1, 98
99, 99, 97, 1, 98
99, 99, 97, 1, 98
99, 99, 97, 1, 98
99, 99, 97, 1, 98
99, 99, 97, 1, 98
99, 99, 97, 1, 98
99, 99, 97, 1, 98
99, 99, 96, 1, 99
99, 99, 96, 1, 99
99, 99, 96, 1, 99
99, 99, 96, 1, 99
99, 99, 96, 1, 99
99, 99, 95, 1, 99
99, 99, 96, 1, 99
99, 99, 96, 1, 99
99, 99, 95, 1, 99
99, 99, 95, 1, 99
99, 99, 95, 1, 99
99, 99, 94, 1, 99
99, 99, 94, 1, 99
99, 99, 94, 1, 99
99, 99, 94, 1, 99
99, 99, 94, 1, 99
99, 99, 93, 1, 99
99, 99, 93, 1, 99
99, 99, 92, 1, 99
99, 99, 91, 1, 99
99, 99, 89, 1, 94
99, 99, 89, 1, 94
99, 99, 89, 1, 94
99, 99, 88, 1, 94
99, 98, 85, 1, 94
98, 98, 85, 1, 93
93, 98, 77, 1, 93
93, 98, 77, 1, 93
93, 98, 77, 1, 93
93, 98, 77, 1, 93
93, 98, 77, 1, 93
93, 98, 77, 1, 93
93, 98, 77, 1, 93
94, 98, 77, 1, 93
94, 98, 77, 1, 93
94, 98, 78, 1, 93
94, 98, 77, 1, 93
94, 98, 77, 1, 93
93, 98, 77, 1, 93
93, 98, 77, 1, 93
93, 98, 77, 1, 93
93, 98, 77, 1, 93
93, 98, 77, 1, 93
93, 98, 77, 1, 93
93, 98, 77, 1, 93
93, 98, 77, 1, 93
93, 98, 77, 1, 93
93, 98, 77, 1, 93
93, 98, 77, 1, 93
93, 98, 78, 1, 93
93, 98, 78, 1, 93
93, 98, 78, 1, 93
93, 98, 78, 1, 93
93, 98, 78, 1, 93
93, 98, 78, 1, 93
93, 98, 78, 1, 93
93, 98, 79, 1, 93
93, 98, 79, 1, 93
93, 98, 79, 1, 93
93, 98, 79, 1, 93
93, 98, 79, 1, 93
93, 98, 79, 1, 93
93, 98, 79, 1, 93
93, 98, 79, 1, 93
93, 98, 79, 1, 93
93, 98, 80, 1, 93
93, 98, 80, 1, 93
93, 98, 80, 1, 93
93, 98, 80, 1, 93
93, 98, 80, 1, 93
93, 98, 80, 1, 93
93, 98, 80, 1, 93
93, 98, 80, 1, 93
93, 98, 80, 1, 93
93, 98, 80, 1, 93
93, 98, 80, 1, 93
93, 98, 80, 1, 93
93, 98, 80, 1, 93
93, 98, 80, 1, 93
93, 98, 80, 1, 93
93, 98, 80, 1, 93
93, 98, 80, 1, 93
93, 98, 80, 1, 93
93, 98, 81, 1, 93
93, 98, 81, 1, 93
93, 98, 81, 1, 93
94, 98, 81, 1, 93
94, 98, 81, 1, 93
94, 98, 81, 1, 93
94, 98, 81, 1, 93
94, 98, 81, 1, 93
94, 98, 81, 1, 93
94, 98, 81, 1, 93
94, 98, 81, 1, 93
94, 98, 81, 1, 93
94, 98, 81, 1, 93
94, 98, 81, 1, 93
94, 98, 81, 1, 93
94, 98, 81, 1, 93
94, 98, 82, 1, 93
94, 98, 82, 1, 93
94, 98, 82, 1, 93
94, 98, 82, 1, 93
94, 98, 82, 1, 93
94, 98, 82, 1, 93
94, 98, 82, 1, 93
94, 98, 82, 1, 93
95, 98, 82, 1, 93
95, 98, 82, 1, 93
95, 98, 82, 1, 93
95, 98, 82, 1, 93
95, 98, 82, 1, 93
95, 98, 82, 1, 93
94, 98, 82, 1, 93
94, 98, 82, 1, 93
94, 98, 82, 1, 93
94, 98, 82, 1, 93
94, 98, 82, 1, 93
94, 98, 82, 1, 93
94, 98, 82, 1, 93
94, 98, 82, 1, 93
95, 98, 82, 1, 93
95, 98, 82, 1, 93
95, 98, 82, 1, 93
95, 98, 82, 1, 93
95, 98, 82, 1, 93
95, 98, 82, 1, 93
95, 98, 82, 1, 93
95, 98, 82, 1, 93
95, 98, 82, 1, 93
95, 98, 82, 1, 93
95, 98, 82, 1, 93
95, 98, 82, 1, 93
95, 98, 82, 1, 93
95, 98, 82, 1, 93
95, 98, 82, 1, 93
95, 98, 82, 1, 93
95, 98, 82, 1, 93
95, 98, 82, 1, 93
95, 98, 82, 1, 93
94, 98, 82, 1, 93
94, 98, 82, 1, 93
94, 98, 82, 1, 93
94, 98, 82, 1, 93
94, 98, 82, 1, 93
94, 98, 82, 1, 93
94, 98, 82, 1, 93
94, 98, 82, 1, 93
94, 98, 82, 1, 93
94, 98, 82, 1, 93
94, 98, 82, 1, 93
94, 98, 82, 1, 93
94, 98, 82, 1, 93
93, 98, 82, 1, 93
93, 98, 82, 1, 93
93, 98, 82, 1, 93
93, 98, 82, 1, 93
93, 98, 82, 1, 93
93, 98, 82, 1, 93
93, 98, 82, 1, 93
93, 98, 82, 1, 93
93, 98, 82, 1, 93
93, 98, 82, 1, 93
93, 98, 82, 1, 93
93, 98, 82, 1, 93
93, 98, 82, 1, 93
93, 98, 82, 1, 93
93, 98, 82, 1, 93
93, 98, 82, 1, 93
93, 98, 82, 1, 93
93, 98, 82, 1, 93
93, 98, 82, 1, 93
92, 98, 81, 1, 93
92, 98, 81, 1, 93
92, 98, 81, 1, 93
92, 98, 81, 1, 93
92, 98, 81, 1, 93
92, 98, 81, 1, 93
92, 98, 81, 1, 93
92, 98, 80, 1, 93
92, 98, 80, 1, 93
92, 98, 80, 1, 93
92, 98, 80, 1, 93
92, 98, 80, 1, 93
92, 98, 80, 1, 93
92, 98, 81, 1, 93
92, 98, 81, 1, 93
92, 98, 81, 1, 93
92, 98, 81, 1, 93
92, 98, 81, 1, 93
92, 98, 81, 1, 93
92, 98, 81, 1, 93
92, 98, 81, 1, 93
92, 98, 81, 1, 93
92, 98, 81, 1, 93
92, 98, 81, 1, 93
92, 98, 81, 1, 93
92, 98, 81, 1, 93
92, 98, 81, 1, 93
92, 98, 81, 1, 93
92, 98, 81, 1, 93
92, 98, 81, 1, 93
92, 98, 81, 1, 93
92, 98, 81, 1, 93
92, 98, 81, 1, 93
92, 98, 81, 1, 93
92, 98, 81, 1, 93
92, 98, 81, 1, 93
92, 98, 81, 1, 93
92, 98, 80, 1, 93
92, 98, 80, 1, 93
92, 98, 80, 1, 93
92, 98, 80, 1, 93
92, 98, 80, 1, 93
92, 98, 80, 1, 93
92, 98, 80, 1, 93
92, 98, 80, 1, 93
92, 98, 80, 1, 93
92, 98, 80, 1, 93
93, 98, 80, 1, 93
