6, 0, 0, 0, 0
6, 0, 0, 0, 0
6, 0, 0, 0, 0
6, 0, 0, 0, 0
6, 0, 0, 0, 0
6, 0, 0, 0, 0
6, 0, 0, 0, 0
6, 0, 0, 0, 0
6, 0, 0, 0, 0
6, 0, 0, 0, 0
6, 0, 0, 0, 0
6, 0, 0, 0, 0
6, 0, 0, 0, 0
6, 0, 0, 0, 0
6, 0, 0, 0, 0
6, 0, 0, 0, 0
6, 0, 0, 0, 0
6, 0, 0, 0, 0
6, 0, 0, 0, 0
6, 0, 0, 0, 0
6, 0, 0, 0, 0
6, 0, 0, 0, 0
6, 0, 0, 0, 0
6, 0, 0, 0, 0
6, 0, 0, 0, 0
6, 0, 0, 0, 0
6, 0, 0, 0, 0
6, 0, 0, 0, 0
6, 0, 0, 0, 0
6, 0, 0, 0, 0
6, 0, 0, 0, 0
6, 0, 0, 0, 0
6, 0, 0, 0, 0
6, 0, 0, 0, 0
6, 0, 0, 0, 0
6, 0, 0, 0, 0
6, 0, 0, 0, 0
6, 0, 0, 0, 0
6, 0, 0, 0, 0
6, 0, 0, 0, 0
6, 0, 0, 0, 0
6, 0, 0, 0, 0
6, 0, 0, 0, 0
6, 0, 0, 0, 0
6, 0, 0, 0, 0
6, 0, 0, 0, 0
6, 0, 0, 0, 0
6, 0, 0, 0, 0
6, 0, 0, 0, 0
6, 0, 0, 0, 0
6, 0, 0, 0, 0
6, 0, 0, 0, 0
6, 0, 0, 0, 0
6, 0, 0, 0, 0
6, 0, 0, 0, 0
6, 0, 0, 0, 0
6, 0, 0, 0, 0
6, 0, 0, 0, 0
6, 0, 0, 0, 0
6, 0, 0, 0, 0
6, 0, 0, 0, 0
6, 0, 0, 0, 0
6, 0, 0, 0, 0
6, 0, 0, 0, 0
6, 0, 0, 0, 0
6, 0, 0, 0, 0
6, 0, 0, 0, 0
6, 0, 0, 0, 0
6, 0, 0, 1, 0
6, 0, 0, 1, 0
6, 0, 0, 1, 0
6, 0, 0, 1, 0
6, 0, 0, 1, 0
6, 0, 0, 1, 0
6, 0, 0, 1, 0
6, 0, 0, 1, 0
6, 0, 0, 1, 0
6, 0, 0, 1, 0
6, 0, 0, 1, 0
6, 0, 0, 1, 0
6, 0, 0, 1, 0
6, 0, 0, 1, 0
6, 0, 0, 1, 0
6, 0, 0, 1, 0
6, 0, 0, 1, 0
6, 0, 0, 1, 0
6, 0, 0, 1, 0
6, 0, 0, 1, 0
6, 0, 0, 1, 0
6, 0, 0, 1, 0
6, 0, 0, 1, 0
6, 0, 0, 1, 0
6, 0, 0, 1, 0
6, 0, 0, 1, 0
6, 0, 0, 1, 0
6, 0, 0, 1, 0
6, 0, 0, 1, 0
6, 0, 0, 1, 0
6, 0, 0, 1, 0
91, 2, 73, 1, 92
91, 2, 73, 1, 92
91, 2, 74, 1, 92
91, 2, 75, 1, 92
94, 2, 76, 2, 93
94, 2, 76, 2, 93
94, 2, 77, 2, 93
94, 2, 78, 2, 93
92, 2, 76, 2, 93
92, 2, 76, 2, 93
92, 2, 76, 2, 93
92, 2, 76, 2, 93
91, 2, 76, 2, 93
91, 2, 76, 2, 93
91, 2, 76, 2, 93
91, 2, 77, 2, 93
92, 2, 77, 2, 93
92, 2, 78, 2, 93
92, 2, 78, 2, 93
93, 2, 79, 2, 93
93, 2, 82, 2, 93
94, 2, 82, 2, 93
94, 2, 83, 1, 93
93, 2, 83, 2, 93
93, 2, 83, 2, 93
92, 98, 83, 1, 93
92, 98, 83, 1, 93
92, 99, 83, 1, 93
91, 99, 80, 1, 93
91, 99, 79, 1, 93
91, 99, 78, 1, 93
90, 99, 77, 1, 93
90, 99, 77, 1, 93
88, 99, 75, 1, 98
88, 99, 75, 1, 99
87, 99, 75, 1, 99
84, 99, 73, 1, 99
85, 99, 72, 1, 99
84, 99, 72, 1, 99
60, 97, 71, 1, 99
7, 96, 70, 1, 99
7, 85, 58, 11, 99
7, 79, 58, 14, 99
7, 73, 57, 15, 99
7, 4, 57, 86, 99
7, 4, 57, 86, 99
7, 3, 50, 89, 99
7, 3, 50, 89, 99
7, 3, 0, 89, 99
7, 2, 0, 90, 99
7, 2, 0, 90, 99
7, 2, 0, 91, 99
7, 2, 0, 91, 99
7, 2, 0, 91, 99
7, 2, 0, 91, 99
7, 1, 0, 90, 99
7, 1, 0, 90, 99
7, 2, 0, 89, 99
7, 2, 0, 89, 99
7, 2, 0, 89, 99
7, 4, 0, 87, 99
7, 4, 0, 87, 0
7, 4, 0, 87, 0
6, 0, 0, 0, 0
6, 0, 0, 0, 0
6, 0, 0, 0, 0
6, 0, 0, 0, 0
6, 0, 0, 0, 0
6, 0, 0, 0, 0
6, 0, 0, 0, 0
6, 0, 0, 0, 0
6, 0, 0, 0, 0
6, 0, 0, 0, 0
6, 0, 0, 0, 0
6, 0, 0, 1, 0
6, 0, 0, 1, 0
6, 0, 0, 1, 0
6, 0, 0, 0, 0
6, 0, 0, 0, 0
6, 0, 0, 0, 0
6, 0, 0, 0, 0
6, 0, 0, 0, 0
6, 0, 0, 0, 0
6, 0, 0, 0, 0
6, 0, 0, 0, 0
6, 0, 0, 0, 0
6, 0, 0, 0, 0
6, 0, 0, 0, 0
6, 0, 0, 0, 0
6, 0, 0, 0, 0
6, 0, 0, 0, 0
6, 0, 0, 0, 0
6, 0, 0, 0, 0
6, 0, 0, 0, 0
6, 0, 0, 0, 0
6, 0, 0, 0, 0
6, 0, 0, 0, 0
6, 0, 0, 0, 0
6, 0, 0, 0, 0
6, 0, 0, 0, 0
6, 0, 0, 0, 0
6, 0, 0, 0, 0
6, 0, 0, 0, 0
6, 0, 0, 0, 0
6, 0, 0, 0, 0
6, 0, 0, 0, 0
6, 0, 0, 0, 0
6, 0, 0, 0, 0
6, 0, 0, 0, 0
6, 0, 0, 0, 0
6, 0, 0, 0, 0
6, 0, 0, 0, 0
6, 0, 0, 0, 0
6, 0, 0, 0, 0
6, 0, 0, 0, 0
6, 0, 0, 0, 0
6, 0, 0, 0, 0
6, 0, 0, 0, 0
6, 0, 0, 0, 0
6, 0, 0, 0, 0
6, 0, 0, 0, 0
6, 0, 0, 0, 0
6, 0, 0, 0, 0
6, 0, 0, 0, 0
6, 0, 0, 0, 0
6, 0, 0, 0, 0
6, 0, 0, 0, 0
6, 0, 0, 0, 0
6, 0, 0, 0, 0
6, 0, 0, 0, 0
6, 0, 0, 0, 0
6, 0, 0, 0, 0
6, 0, 0, 0, 0
6, 0, 0, 0, 0
6, 0, 0, 0, 0
6, 0, 0, 0, 0
6, 0, 0, 0, 0
6, 0, 0, 0, 0
6, 0, 0, 0, 0
6, 0, 0, 0, 0
6, 0, 0, 0, 0
6, 0, 0, 0, 0
6, 0, 0, 0, 0
6, 0, 0, 0, 0
6, 0, 0, 0, 0
6, 0, 0, 0, 0
6, 0, 0, 0, 0
6, 0, 0, 0, 0
6, 0, 0, 0, 0
6, 0, 0, 0, 0
6, 0, 0, 0, 0
6, 0, 0, 0, 0
6, 0, 0, 0, 0
6, 0, 0, 0, 0
6, 0, 0, 0, 0
6, 0, 0, 0, 0
6, 0, 0, 0, 0
6, 0, 0, 0, 0
6, 0, 0, 0, 0
6, 0, 0, 0, 0
6, 0, 0, 0, 0
6, 0, 0, 0, 0
6, 0, 0, 0, 0
6, 0, 0, 0, 0
6, 0, 0, 0, 0
6, 0, 0, 0, 0
6, 0, 0, 0, 0
6, 0, 0, 0, 0
6, 0, 0, 0, 0
6, 0, 0, 0, 0
6, 0, 0, 0, 0
6, 0, 0, 0, 0
6, 0, 0, 0, 0
6, 0, 0, 0, 0
6, 0, 0, 0, 0
6, 0, 0, 0, 0
6, 0, 0, 0, 0
6, 0, 0, 0, 0
6, 0, 0, 0, 0
6, 0, 0, 0, 0
6, 0, 0, 0, 0
6, 0, 0, 0, 0
6, 0, 0, 0, 0
6, 0, 0, 0, 0
6, 0, 0, 0, 0
6, 0, 0, 0, 0
6, 0, 0, 0, 0
6, 0, 0, 0, 0
6, 0, 0, 0, 0
6, 0, 0, 1, 0
6, 0, 0, 1, 0
6, 0, 0, 1, 0
6, 0, 0, 1, 0
6, 0, 0, 0, 0
6, 0, 0, 0, 0
6, 0, 0, 0, 0
6, 99, 79, 1, 0
6, 99, 79, 1, 0
6, 99, 72, 1, 0
86, 99, 76, 1, 93
87, 99, 77, 1, 93
87, 99, 77, 1, 93
87, 99, 77, 1, 93
87, 99, 76, 1, 93
7, 99, 73, 1, 92
7, 99, 73, 1, 92
7, 99, 73, 1, 92
6, 99, 68, 1, 0
6, 99, 59, 1, 0
6, 99, 59, 1, 99
7, 98, 58, 1, 99
7, 98, 58, 1, 99
7, 98, 59, 1, 99
7, 98, 58, 1, 99
6, 98, 63, 1, 0
6, 98, 63, 1, 0
6, 98, 63, 1, 0
6, 98, 63, 1, 0
6, 98, 63, 1, 0
6, 98, 63, 1, 0
6, 98, 63, 1, 0
6, 98, 62, 1, 0
6, 98, 62, 1, 0
6, 98, 0, 1, 0
6, 98, 0, 1, 0
6, 98, 0, 1, 0
6, 98, 0, 1, 0
6, 98, 0, 1, 0
6, 98, 0, 1, 0
6, 98, 0, 1, 0
6, 98, 0, 1, 0
6, 98, 0, 1, 0
6, 98, 0, 1, 0
6, 98, 0, 1, 0
6, 98, 0, 1, 0
6, 98, 0, 1, 0
6, 98, 0, 1, 0
6, 98, 0, 1, 0
6, 98, 0, 1, 0
6, 98, 0, 1, 0
6, 98, 0, 1, 0
6, 98, 0, 1, 0
6, 98, 0, 1, 0
6, 98, 0, 1, 0
6, 98, 0, 1, 0
6, 0, 0, 1, 0
6, 0, 0, 1, 0
6, 0, 0, 1, 0
6, 0, 0, 1, 0
6, 0, 0, 1, 0
6, 0, 0, 1, 0
6, 0, 0, 1, 0
6, 0, 0, 1, 0
6, 0, 0, 0, 0
6, 0, 0, 0, 0
6, 0, 0, 0, 0
6, 0, 0, 0, 0
6, 0, 0, 0, 0
6, 0, 0, 0, 0
6, 0, 0, 0, 0
6, 0, 0, 0, 0
6, 0, 0, 0, 0
6, 0, 0, 0, 0
6, 0, 0, 0, 0
6, 0, 0, 0, 0
6, 0, 0, 0, 0
6, 0, 0, 0, 0
6, 0, 0, 0, 0
6, 0, 0, 0, 0
6, 0, 0, 0, 0
6, 0, 0, 0, 0
6, 0, 0, 0, 0
6, 0, 0, 0, 0
6, 0, 0, 0, 0
6, 0, 0, 0, 0
6, 0, 0, 0, 0
6, 0, 0, 0, 0
6, 0, 0, 0, 0
6, 0, 0, 0, 0
6, 0, 0, 0, 0
6, 0, 0, 0, 0
6, 0, 0, 0, 0
6, 0, 0, 0, 0
6, 0, 0, 0, 0
6, 0, 0, 0, 0
6, 0, 0, 0, 0
6, 0, 0, 0, 0
6, 0, 0, 0, 0
6, 0, 0, 0, 0
6, 0, 0, 0, 0
6, 0, 0, 0, 0
6, 0, 0, 0, 0
6, 0, 0, 0, 0
6, 0, 0, 0, 0
6, 0, 0, 0, 0
6, 0, 0, 0, 0
6, 0, 0, 0, 0
6, 0, 0, 0, 0
6, 0, 0, 0, 0
6, 0, 0, 0, 0
6, 0, 0, 0, 0
6, 0, 0, 0, 0
6, 0, 0, 0, 0
6, 0, 0, 0, 0
6, 0, 0, 0, 0
6, 0, 0, 0, 0
6, 0, 0, 0, 0
6, 0, 0, 0, 0
6, 0, 0, 0, 0
6, 0, 0, 0, 0
6, 0, 0, 0, 0
6, 0, 0, 0, 0
6, 0, 0, 0, 0
6, 0, 0, 0, 0
6, 0, 0, 0, 0
6, 0, 0, 0, 0
6, 0, 0, 0, 0
6, 0, 0, 0, 0
6, 0, 0, 0, 0
6, 0, 0, 0, 0
6, 0, 0, 0, 0
6, 0, 0, 0, 0
6, 0, 0, 0, 0
6, 0, 0, 0, 0
6, 0, 0, 0, 0
6, 0, 0, 0, 0
6, 0, 0, 0, 0
6, 0, 0, 0, 0
6, 0, 0, 0, 0
6, 0, 0, 0, 0
6, 0, 0, 0, 0
6, 0, 0, 0, 0
6, 0, 0, 0, 0
6, 0, 0, 0, 0
6, 0, 0, 0, 0
6, 0, 0, 0, 0
6, 0, 0, 0, 0
6, 0, 0, 0, 0
6, 0, 0, 0, 0
6, 0, 0, 0, 0
6, 0, 0, 0, 0
6, 0, 0, 0, 0
6, 0, 0, 0, 0
6, 0, 0, 0, 0
6, 0, 0, 0, 0
6, 0, 0, 0, 0
6, 0, 0, 0, 0
6, 0, 0, 0, 0
6, 0, 0, 0, 0
6, 0, 0, 0, 0
6, 0, 0, 0, 0
6, 0, 0, 0, 0
6, 0, 0, 0, 0
6, 0, 0, 0, 0
6, 0, 0, 0, 0
6, 0, 0, 0, 0
6, 0, 0, 0, 0
6, 0, 0, 0, 0
6, 0, 0, 0, 0
6, 0, 0, 0, 0
6, 0, 0, 0, 0
6, 0, 0, 0, 0
6, 0, 0, 0, 0
6, 0, 0, 0, 0
6, 0, 0, 0, 0
6, 0, 0, 0, 0
6, 0, 0, 0, 0
6, 0, 0, 0, 0
6, 0, 0, 0, 0
6, 0, 0, 0, 0
6, 0, 0, 0, 0
6, 0, 0, 0, 0
6, 0, 0, 0, 0
6, 0, 0, 0, 0
6, 0, 0, 0, 0
6, 0, 0, 0, 0
6, 0, 0, 0, 0
6, 0, 0, 0, 0
6, 0, 0, 0, 0
6, 0, 0, 0, 0
6, 0, 0, 0, 0
6, 0, 0, 0, 0
6, 0, 0, 0, 0
6, 0, 0, 0, 0
6, 0, 0, 0, 0
6, 0, 0, 0, 0
6, 0, 0, 0, 0
6, 0, 0, 0, 0
6, 0, 0, 0, 0
6, 0, 0, 0, 0
6, 0, 0, 0, 0
6, 0, 0, 0, 0
6, 0, 1, 0, 0
6, 0, 0, 0, 0
6, 0, 0, 0, 0
6, 0, 0, 0, 0
6, 0, 0, 0, 0
6, 0, 0, 0, 0
6, 0, 0, 0, 0
6, 0, 0, 0, 0
6, 0, 0, 0, 0
6, 0, 0, 0, 0
6, 0, 0, 0, 0
6, 0, 0, 0, 0
6, 0, 0, 0, 0
6, 0, 0, 0, 0
6, 0, 0, 0, 0
6, 0, 0, 0, 0
6, 0, 0, 0, 0
6, 0, 0, 0, 0
6, 0, 0, 0, 0
6, 0, 0, 0, 0
6, 0, 0, 0, 0
6, 0, 0, 0, 0
6, 0, 0, 0, 0
6, 0, 0, 0, 0
6, 0, 0, 0, 0
6, 0, 0, 0, 0
6, 0, 0, 0, 0
6, 0, 0, 0, 0
6, 0, 0, 0, 0
6, 0, 0, 0, 0
6, 0, 0, 0, 0
6, 0, 0, 0, 0
6, 0, 0, 0, 0
6, 0, 0, 0, 0
6, 0, 0, 0, 0
6, 0, 0, 0, 0
6, 0, 0, 0, 0
6, 0, 0, 0, 0
6, 0, 0, 0, 0
6, 0, 0, 0, 0
6, 0, 0, 0, 0
6, 0, 0, 0, 0
6, 0, 0, 0, 0
6, 0, 0, 0, 0
6, 0, 0, 0, 0
6, 0, 0, 0, 0
6, 0, 0, 0, 0
6, 0, 0, 0, 0
6, 0, 0, 0, 0
6, 0, 0, 0, 0
6, 0, 0, 0, 0
6, 0, 0, 0, 0
6, 0, 0, 0, 0
6, 0, 0, 0, 0
6, 0, 0, 0, 0
6, 0, 0, 0, 0
6, 0, 0, 0, 0
6, 0, 0, 0, 0
6, 0, 0, 0, 0
6, 0, 0, 0, 0
6, 0, 0, 0, 0
6, 0, 0, 0, 0
6, 0, 0, 0, 0
6, 0, 0, 0, 0
6, 0, 0, 0, 0
6, 0, 0, 0, 0
6, 0, 0, 0, 0
6, 0, 0, 0, 0
6, 0, 0, 0, 0
6, 0, 0, 0, 0
6, 0, 0, 0, 0
6, 0, 0, 0, 0
6, 0, 0, 0, 0
6, 0, 0, 0, 0
6, 0, 0, 0, 0
6, 0, 0, 0, 0
6, 0, 0, 0, 0
6, 0, 0, 0, 0
6, 0, 0, 0, 0
6, 0, 0, 0, 0
6, 0, 0, 0, 0
6, 0, 0, 0, 0
6, 0, 0, 0, 0
6, 0, 0, 0, 0
6, 0, 0, 0, 0
6, 0, 0, 0, 0
6, 0, 0, 0, 0
6, 0, 0, 0, 0
6, 0, 0, 0, 0
6, 0, 0, 0, 0
6, 0, 0, 0, 0
6, 0, 0, 0, 0
6, 0, 0, 0, 0
6, 0, 0, 0, 0
6, 0, 0, 0, 0
6, 0, 0, 0, 0
6, 0, 0, 0, 0
6, 0, 0, 0, 0
6, 0, 76, 0, 0
88, 2, 77, 1, 91
88, 2, 77, 1, 92
90, 2, 76, 2, 92
91, 2, 75, 2, 92
92, 2, 76, 2, 93
92, 2, 77, 2, 92
92, 2, 78, 2, 93
93, 2, 78, 2, 93
93, 2, 78, 2, 93
93, 2, 78, 2, 93
93, 2, 78, 2, 93
93, 2, 78, 2, 92
93, 2, 78, 2, 92
93, 2, 78, 2, 93
93, 2, 79, 2, 93
93, 2, 80, 2, 93
93, 2, 80, 2, 93
93, 2, 81, 2, 93
93, 2, 80, 2, 93
93, 2, 80, 2, 93
95, 2, 82, 2, 93
95, 2, 83, 2, 93
95, 2, 83, 2, 93
96, 2, 84, 2, 93
96, 2, 85, 2, 93
96, 2, 85, 2, 93
96, 2, 86, 2, 93
96, 2, 86, 2, 93
96, 98, 86, 1, 93
96, 98, 87, 1, 93
96, 98, 87, 1, 93
96, 98, 87, 1, 94
96, 98, 87, 1, 94
96, 98, 87, 1, 93
96, 98, 87, 1, 94
97, 98, 87, 1, 94
97, 98, 87, 1, 94
96, 99, 87, 1, 94
97, 99, 87, 1, 94
97, 99, 87, 1, 94
97, 99, 88, 1, 94
97, 99, 88, 1, 94
97, 99, 88, 1, 94
97, 99, 88, 1, 94
98, 99, 88, 1, 94
98, 99, 88, 1, 94
98, 99, 88, 1, 94
99, 99, 89, 1, 94
99, 99, 89, 1, 94
99, 99, 89, 1, 94
99, 99, 89, 1, 94
99, 99, 89, 1, 94
99, 99, 90, 1, 94
99, 99, 90, 1, 94
99, 99, 90, 1, 94
99, 99, 90, 1, 94
99, 99, 90, 1, 94
99, 99, 90, 0, 99
99, 99, 90, 0, 99
99, 99, 90, 0, 99
99, 99, 90, 0, 99
99, 99, 90, 0, 99
98, 99, 90, 0, 99
98, 99, 90, 0, 99
97, 99, 90, 0, 99
97, 99, 90, 0, 99
96, 99, 89, 0, 99
96, 99, 89, 0, 99
95, 99, 89, 0, 99
94, 99, 89, 0, 99
94, 99, 89, 0, 99
94, 99, 89, 0, 99
94, 99, 89, 0, 99
94, 99, 89, 0, 99
93, 99, 89, 0, 99
93, 99, 89, 0, 99
93, 99, 89, 0, 99
92, 99, 89, 0, 99
90, 99, 88, 0, 99
90, 99, 88, 0, 99
89, 99, 88, 0, 99
89, 99, 88, 0, 99
89, 99, 88, 0, 99
89, 99, 88, 0, 99
88, 99, 88, 0, 99
88, 99, 88, 0, 99
88, 99, 88, 0, 99
88, 99, 87, 0, 99
88, 99, 87, 0, 99
88, 99, 87, 0, 99
88, 99, 87, 0, 99
87, 99, 87, 0, 99
87, 99, 87, 0, 99
87, 99, 87, 0, 99
87, 99, 87, 0, 99
87, 99, 87, 0, 99
86, 99, 87, 0, 99
86, 99, 87, 0, 99
86, 99, 86, 0, 99
85, 99, 86, 0, 99
85, 99, 85, 0, 99
85, 99, 85, 0, 99
85, 99, 85, 0, 99
84, 99, 85, 0, 99
84, 99, 85, 0, 99
84, 99, 85, 0, 99
84, 99, 85, 0, 99
84, 99, 84, 0, 99
84, 99, 84, 0, 99
84, 99, 84, 0, 99
84, 99, 84, 0, 99
83, 99, 84, 0, 99
83, 99, 84, 0, 99
83, 99, 83, 0, 99
83, 99, 83, 0, 99
83, 99, 83, 0, 99
83, 99, 83, 0, 99
83, 99, 83, 0, 99
83, 99, 83, 0, 99
83, 99, 82, 0, 99
83, 99, 82, 0, 99
87, 99, 82, 0, 99
87, 99, 82, 0, 99
87, 99, 82, 0, 99
87, 99, 82, 0, 99
87, 99, 82, 0, 99
87, 99, 82, 0, 99
87, 99, 82, 0, 99
87, 99, 82, 0, 99
87, 99, 82, 0, 99
87, 99, 82, 0, 100
87, 99, 82, 0, 99
87, 99, 81, 0, 100
87, 99, 81, 0, 100
87, 99, 81, 0, 100
87, 99, 81, 0, 100
87, 99, 81, 0, 100
87, 99, 81, 0, 99
87, 99, 81, 0, 99
87, 99, 81, 0, 99
87, 99, 81, 0, 99
87, 99, 81, 0, 99
87, 99, 81, 0, 99
87, 99, 81, 0, 99
87, 99, 81, 0, 100
87, 99, 81, 0, 99
88, 99, 81, 0, 100
88, 99, 81, 0, 99
88, 99, 81, 0, 99
88, 99, 81, 0, 99
88, 99, 81, 0, 99
89, 99, 81, 0, 99
89, 99, 81, 0, 99
89, 99, 82, 0, 99
89, 99, 82, 0, 99
90, 99, 82, 0, 100
90, 99, 83, 0, 99
90, 99, 83, 0, 99
90, 99, 83, 0, 99
91, 99, 83, 0, 99
91, 99, 83, 0, 99
91, 99, 83, 0, 100
91, 99, 84, 1, 99
92, 99, 84, 1, 99
93, 99, 85, 1, 99
93, 99, 85, 1, 99
94, 99, 85, 1, 99
98, 99, 86, 1, 99
99, 99, 86, 1, 99
99, 99, 87, 1, 99
99, 99, 87, 1, 99
99, 99, 87, 1, 99
99, 99, 88, 1, 99
99, 99, 88, 1, 99
99, 99, 88, 1, 99
99, 99, 88, 1, 99
99, 99, 88, 1, 99
99, 99, 88, 1, 99
99, 99, 89, 1, 99
99, 99, 89, 1, 99
99, 99, 89, 1, 99
99, 99, 89, 2, 99
99, 99, 89, 2, 99
99, 99, 89, 2, 99
99, 99, 89, 2, 99
99, 99, 89, 2, 99
99, 99, 88, 2, 99
99, 99, 88, 2, 99
99, 99, 88, 2, 99
99, 99, 88, 2, 99
99, 99, 87, 2, 99
99, 99, 87, 2, 99
99, 99, 87, 2, 99
99, 99, 87, 2, 99
99, 99, 86, 3, 99
99, 99, 86, 3, 99
99, 97, 85, 3, 99
99, 97, 85, 1, 99
99, 96, 85, 1, 99
99, 98, 84, 1, 99
99, 98, 84, 0, 99
99, 98, 84, 0, 99
99, 98, 83, 2, 99
99, 98, 83, 2, 99
99, 97, 83, 2, 99
99, 2, 82, 2, 99
99, 2, 82, 2, 99
99, 2, 82, 2, 99
99, 2, 82, 2, 99
98, 2, 81, 2, 99
98, 2, 81, 2, 99
96, 2, 80, 2, 99
96, 2, 80, 2, 99
96, 2, 80, 2, 99
96, 2, 79, 2, 93
94, 2, 79, 2, 93
94, 2, 79, 2, 93
93, 2, 78, 2, 93
93, 2, 78, 2, 93
93, 2, 78, 2, 93
93, 2, 77, 2, 93
93, 2, 77, 2, 93
92, 2, 77, 2, 93
92, 2, 77, 2, 93
92, 2, 76, 2, 93
92, 2, 76, 2, 93
91, 2, 77, 2, 93
91, 2, 77, 2, 93
90, 2, 75, 2, 92
90, 2, 75, 1, 92
90, 2, 74, 2, 92
89, 2, 2, 1, 92
89, 2, 2, 2, 92
89, 0, 0, 0, 91
6, 0, 0, 0, 0
6, 0, 0, 0, 0
7, 0, 0, 0, 0
7, 0, 0, 0, 0
7, 0, 0, 0, 0
7, 0, 0, 0, 0
7, 0, 0, 0, 0
7, 0, 0, 0, 0
7, 0, 0, 1, 0
7, 0, 0, 1, 0
7, 0, 0, 1, 0
7, 0, 0, 1, 0
6, 0, 0, 1, 0
6, 0, 0, 1, 0
6, 0, 0, 1, 0
6, 0, 0, 1, 0
6, 0, 0, 1, 0
7, 0, 0, 1, 0
6, 0, 0, 1, 0
6, 0, 0, 1, 0
6, 0, 0, 1, 0
6, 0, 0, 1, 0
6, 0, 0, 1, 0
6, 0, 0, 1, 0
6, 0, 0, 1, 0
6, 0, 0, 1, 0
6, 0, 0, 1, 0
6, 0, 0, 1, 0
6, 0, 0, 1, 0
6, 95, 0, 1, 0
6, 96, 0, 1, 0
6, 97, 0, 1, 0
6, 98, 0, 1, 0
6, 98, 64, 1, 0
6, 98, 64, 1, 0
6, 98, 64, 1, 0
6, 98, 64, 1, 0
6, 98, 64, 1, 0
6, 98, 64, 1, 0
6, 98, 64, 1, 0
6, 98, 63, 1, 0
6, 98, 63, 1, 0
6, 98, 71, 1, 0
98, 98, 72, 1, 91
98, 98, 73, 1, 93
93, 98, 76, 1, 93
93, 98, 76, 1, 93
99, 98, 84, 1, 93
99, 98, 84, 1, 93
99, 98, 84, 1, 93
92, 99, 84, 1, 93
91, 99, 82, 0, 93
91, 99, 79, 0, 93
91, 99, 79, 0, 93
88, 99, 77, 1, 93
88, 99, 76, 1, 93
8, 99, 75, 1, 92
8, 99, 75, 1, 92
7, 99, 73, 1, 0
7, 99, 73, 1, 0
7, 99, 73, 1, 0
7, 99, 69, 1, 0
7, 99, 64, 1, 98
7, 99, 64, 1, 99
7, 99, 63, 1, 99
7, 99, 63, 1, 99
7, 99, 0, 1, 99
7, 98, 0, 1, 99
7, 98, 0, 1, 99
7, 98, 0, 1, 99
7, 98, 0, 1, 99
7, 98, 0, 1, 99
6, 98, 0, 1, 0
6, 98, 0, 1, 0
6, 98, 0, 1, 0
6, 98, 0, 1, 0
6, 98, 0, 1, 0
6, 98, 0, 1, 0
6, 98, 0, 1, 0
6, 98, 0, 1, 0
6, 98, 0, 1, 0
6, 98, 0, 1, 0
6, 0, 0, 1, 0
6, 0, 0, 1, 0
6, 0, 0, 1, 0
6, 0, 0, 1, 0
6, 0, 0, 1, 0
6, 0, 0, 1, 0
6, 0, 0, 1, 0
6, 0, 0, 1, 0
6, 0, 0, 1, 0
6, 0, 0, 1, 0
6, 0, 0, 1, 0
6, 0, 0, 1, 0
6, 0, 0, 1, 0
6, 0, 0, 1, 0
6, 0, 0, 0, 0
6, 0, 0, 0, 0
6, 0, 0, 0, 0
6, 0, 0, 0, 0
6, 0, 0, 0, 0
6, 0, 0, 0, 0
6, 0, 0, 0, 0
6, 0, 0, 0, 0
6, 0, 0, 0, 0
6, 0, 0, 0, 0
6, 0, 0, 0, 0
6, 0, 0, 0, 0
6, 0, 0, 0, 0
6, 0, 0, 0, 0
6, 0, 0, 0, 0
6, 0, 0, 0, 0
6, 0, 0, 0, 0
6, 0, 0, 0, 0
6, 0, 0, 1, 0
6, 0, 0, 1, 0
6, 0, 0, 1, 0
6, 0, 0, 1, 0
6, 0, 0, 1, 0
6, 88, 0, 1, 0
6, 98, 0, 1, 0
6, 98, 0, 1, 0
6, 98, 0, 1, 0
6, 98, 0, 1, 0
6, 98, 0, 1, 0
6, 0, 0, 1, 0
6, 0, 0, 1, 0
6, 0, 0, 1, 0
6, 99, 67, 0, 98
7, 99, 80, 0, 99
85, 99, 78, 0, 93
87, 99, 79, 0, 93
88, 99, 79, 1, 93
89, 99, 76, 1, 93
7, 99, 76, 1, 93
7, 99, 76, 1, 92
6, 99, 73, 1, 0
6, 99, 74, 1, 0
5, 99, 34, 1, 98
7, 99, 0, 1, 98
7, 99, 0, 1, 98
6, 98, 0, 1, 0
6, 98, 0, 1, 0
6, 98, 0, 1, 0
6, 98, 0, 1, 0
6, 98, 0, 1, 0
6, 0, 0, 1, 0
6, 0, 0, 1, 0
6, 0, 0, 1, 0
6, 0, 0, 1, 0
6, 0, 0, 1, 0
6, 0, 0, 1, 0
6, 0, 0, 1, 0
6, 0, 0, 1, 0
6, 0, 0, 1, 0
6, 0, 0, 1, 0
6, 0, 0, 1, 0
6, 0, 0, 1, 0
6, 0, 0, 1, 0
6, 0, 0, 1, 0
6, 0, 0, 1, 0
6, 0, 0, 1, 0
6, 0, 0, 1, 0
6, 0, 0, 1, 0
6, 0, 0, 1, 0
6, 0, 0, 1, 0
6, 0, 0, 1, 0
6, 0, 0, 1, 0
6, 0, 0, 1, 0
6, 0, 0, 1, 0
6, 0, 0, 1, 0
6, 0, 0, 1, 0
6, 0, 0, 1, 0
6, 0, 0, 1, 0
6, 0, 0, 1, 0
6, 0, 0, 1, 0
6, 0, 0, 1, 0
6, 0, 0, 1, 0
6, 0, 0, 1, 0
6, 0, 0, 1, 0
6, 0, 0, 1, 0
6, 0, 0, 1, 0
6, 0, 0, 1, 0
6, 0, 0, 1, 0
6, 0, 0, 1, 0
6, 0, 0, 1, 0
6, 0, 0, 1, 0
6, 0, 0, 1, 0
6, 0, 0, 1, 0
6, 0, 0, 1, 0
6, 0, 0, 1, 0
6, 0, 0, 1, 0
6, 0, 0, 1, 0
6, 0, 0, 1, 0
6, 0, 0, 1, 0
6, 0, 0, 1, 0
6, 0, 0, 1, 0
6, 97, 0, 1, 0
6, 98, 0, 1, 0
6, 98, 0, 1, 0
6, 98, 0, 1, 0
6, 98, 0, 1, 0
6, 98, 0, 1, 0
6, 98, 0, 1, 0
6, 98, 0, 1, 0
6, 98, 0, 1, 0
5, 98, 0, 1, 0
6, 0, 72, 1, 0
91, 2, 74, 1, 93
98, 2, 77, 1, 93
99, 2, 82, 1, 93
99, 2, 82, 1, 93
99, 2, 82, 1, 93
97, 2, 82, 1, 93
97, 2, 82, 1, 93
96, 2, 82, 1, 93
93, 2, 80, 1, 93
92, 2, 79, 1, 93
99, 2, 78, 1, 93
99, 2, 77, 1, 93
99, 2, 77, 1, 93
91, 2, 76, 1, 93
91, 2, 76, 1, 93
91, 2, 76, 1, 93
91, 2, 76, 1, 93
92, 2, 77, 1, 93
92, 2, 77, 1, 93
92, 2, 77, 1, 93
92, 2, 78, 1, 93
93, 2, 78, 1, 93
93, 2, 79, 1, 93
93, 2, 79, 1, 93
94, 2, 80, 1, 93
94, 2, 80, 1, 93
95, 2, 82, 1, 93
95, 2, 82, 1, 93
94, 2, 82, 1, 93
94, 2, 82, 1, 93
94, 2, 82, 1, 93
94, 2, 82, 1, 93
94, 2, 83, 1, 93
94, 2, 83, 1, 93
93, 2, 83, 1, 93
92, 2, 83, 1, 93
92, 2, 83, 1, 93
92, 98, 83, 1, 93
92, 98, 84, 1, 93
92, 98, 84, 1, 93
91, 98, 84, 1, 93
91, 98, 84, 1, 93
90, 98, 85, 1, 93
90, 98, 85, 1, 93
89, 99, 85, 1, 93
89, 99, 85, 0, 93
99, 99, 84, 0, 93
99, 99, 83, 0, 93
99, 99, 83, 0, 93
98, 99, 80, 0, 93
7, 100, 75, 0, 99
7, 99, 74, 0, 99
7, 99, 74, 0, 99
7, 99, 73, 0, 99
7, 99, 72, 0, 99
7, 99, 71, 0, 99
7, 99, 59, 0, 99
7, 99, 58, 0, 99
7, 99, 58, 0, 99
7, 99, 58, 0, 99
7, 99, 57, 0, 100
7, 99, 0, 0, 99
7, 99, 0, 0, 99
7, 99, 0, 0, 99
7, 99, 0, 1, 99
7, 99, 0, 1, 99
7, 98, 0, 1, 99
7, 98, 0, 1, 99
7, 98, 0, 1, 99
7, 98, 0, 1, 99
7, 98, 0, 1, 99
7, 98, 0, 1, 99
7, 70, 0, 7, 99
7, 70, 0, 7, 99
7, 7, 0, 13, 99
7, 7, 0, 13, 99
7, 7, 0, 13, 99
7, 7, 0, 13, 99
7, 7, 0, 1, 99
6, 7, 0, 1, 0
6, 7, 0, 1, 0
6, 7, 0, 1, 0
6, 0, 0, 1, 0
6, 0, 0, 1, 0
6, 0, 0, 1, 0
89, 99, 80, 1, 99
89, 99, 80, 1, 99
89, 99, 80, 1, 99
89, 99, 79, 1, 99
89, 99, 79, 1, 99
89, 99, 79, 1, 99
89, 99, 79, 1, 99
89, 99, 79, 1, 99
89, 99, 79, 1, 99
89, 99, 79, 1, 99
89, 99, 79, 1, 99
89, 99, 79, 1, 99
89, 99, 79, 1, 99
89, 99, 79, 1, 99
89, 99, 79, 1, 99
89, 99, 79, 1, 99
89, 99, 79, 1, 99
89, 99, 79, 1, 99
89, 99, 79, 1, 99
89, 99, 79, 1, 99
89, 99, 79, 1, 99
89, 99, 79, 1, 99
89, 98, 79, 1, 99
89, 98, 79, 1, 99
89, 98, 79, 1, 99
89, 98, 79, 1, 99
89, 98, 79, 1, 99
89, 98, 79, 1, 99
89, 98, 79, 1, 99
89, 98, 79, 1, 94
90, 98, 79, 1, 93
90, 98, 79, 1, 93
90, 98, 79, 1, 93
89, 98, 79, 1, 93
89, 98, 79, 1, 93
89, 98, 78, 1, 93
89, 98, 78, 1, 93
89, 98, 78, 1, 93
89, 98, 78, 1, 93
89, 98, 78, 1, 93
90, 98, 78, 1, 93
90, 98, 78, 1, 93
90, 98, 78, 1, 93
89, 2, 77, 1, 93
89, 2, 77, 1, 93
89, 2, 77, 1, 93
90, 2, 77, 1, 93
90, 2, 77, 1, 93
89, 2, 77, 1, 93
89, 2, 78, 2, 93
89, 2, 78, 2, 92
7, 0, 77, 0, 92
7, 0, 77, 0, 92
7, 0, 77, 0, 92
7, 0, 77, 0, 92
7, 0, 76, 0, 91
6, 0, 76, 0, 0
6, 0, 79, 0, 0
6, 0, 10, 0, 0
6, 0, 10, 0, 0
6, 0, 10, 0, 0
6, 0, 0, 0, 0
6, 0, 0, 0, 0
6, 0, 0, 0, 0
6, 0, 0, 0, 0
6, 0, 0, 0, 0
6, 0, 0, 0, 0
6, 0, 0, 0, 0
6, 0, 0, 0, 0
6, 0, 0, 0, 0
6, 0, 0, 0, 0
6, 0, 0, 0, 0
6, 0, 0, 0, 0
6, 0, 0, 0, 0
6, 0, 0, 0, 0
6, 0, 0, 0, 0
6, 0, 0, 0, 0
6, 0, 0, 0, 0
6, 0, 0, 0, 0
6, 0, 0, 0, 0
6, 0, 0, 0, 0
6, 0, 0, 0, 0
6, 0, 0, 0, 0
6, 0, 0, 0, 0
6, 0, 0, 0, 0
6, 0, 0, 0, 0
6, 0, 0, 0, 0
6, 0, 0, 0, 0
6, 0, 0, 0, 0
6, 0, 0, 0, 0
6, 0, 0, 0, 0
6, 0, 0, 0, 0
6, 0, 0, 0, 0
6, 0, 0, 0, 0
6, 0, 0, 0, 0
5, 0, 0, 0, 0
6, 0, 0, 0, 0
6, 0, 0, 0, 0
6, 0, 0, 0, 0
6, 0, 0, 0, 0
6, 0, 0, 0, 0
6, 0, 0, 0, 0
5, 0, 0, 0, 0
5, 0, 0, 0, 0
6, 0, 0, 0, 0
6, 0, 0, 0, 0
6, 0, 0, 0, 0
6, 0, 0, 0, 0
6, 0, 0, 0, 0
6, 0, 0, 0, 0
5, 0, 0, 0, 0
6, 0, 0, 0, 0
6, 0, 0, 0, 0
5, 0, 0, 0, 0
5, 0, 0, 0, 0
6, 0, 0, 0, 0
5, 0, 0, 0, 0
5, 0, 0, 0, 0
6, 0, 0, 0, 0
6, 0, 0, 0, 0
6, 0, 0, 0, 0
6, 0, 0, 0, 0
6, 0, 0, 0, 0
6, 0, 0, 0, 0
6, 0, 0, 0, 0
6, 0, 0, 0, 0
