2, 99, 76, 1, 92
2, 99, 76, 1, 91
2, 99, 76, 0, 91
2, 99, 76, 1, 91
2, 99, 75, 0, 91
2, 99, 75, 0, 91
2, 99, 75, 1, 91
2, 99, 75, 0, 91
2, 99, 75, 0, 91
2, 99, 75, 1, 91
2, 99, 75, 0, 91
2, 99, 75, 1, 91
2, 99, 75, 0, 91
2, 99, 75, 0, 91
2, 99, 75, 0, 91
2, 99, 75, 0, 91
2, 99, 75, 0, 91
2, 99, 75, 0, 90
2, 99, 75, 0, 89
2, 99, 75, 0, 89
2, 99, 75, 0, 84
2, 99, 75, 0, 84
2, 99, 75, 0, 37
2, 99, 75, 0, 50
2, 99, 75, 0, 47
2, 99, 75, 0, 24
2, 99, 75, 0, 10
2, 99, 75, 0, 24
2, 99, 75, 0, 55
2, 99, 75, 0, 42
2, 99, 75, 0, 0
2, 99, 75, 0, 0
2, 99, 75, 0, 0
2, 99, 75, 0, 0
2, 99, 75, 0, 0
2, 99, 75, 0, 0
2, 99, 75, 0, 0
2, 99, 75, 0, 0
2, 99, 75, 0, 0
2, 99, 75, 0, 0
2, 99, 75, 0, 0
2, 99, 75, 0, 0
2, 99, 75, 1, 0
2, 99, 75, 0, 0
2, 99, 75, 0, 0
2, 99, 75, 0, 0
2, 99, 75, 0, 0
2, 99, 75, 0, 0
2, 99, 75, 0, 0
2, 99, 75, 0, 0
2, 99, 75, 0, 0
2, 99, 75, 0, 0
2, 99, 75, 0, 0
2, 99, 75, 0, 0
2, 99, 75, 0, 0
2, 99, 75, 0, 0
2, 99, 75, 0, 0
2, 99, 75, 0, 0
2, 99, 75, 1, 0
2, 99, 75, 1, 0
2, 99, 75, 0, 0
2, 99, 75, 0, 0
2, 99, 75, 0, 0
2, 99, 75, 0, 0
2, 99, 75, 0, 0
2, 99, 75, 1, 0
2, 99, 75, 0, 0
2, 99, 75, 0, 0
2, 99, 75, 0, 0
2, 99, 75, 0, 0
2, 99, 75, 1, 0
2, 99, 75, 1, 0
2, 99, 75, 0, 0
2, 99, 75, 0, 0
2, 99, 75, 0, 0
2, 99, 75, 0, 0
2, 99, 75, 0, 0
2, 99, 75, 0, 0
2, 99, 75, 0, 0
2, 99, 75, 0, 0
2, 99, 75, 0, 0
2, 99, 75, 0, 0
2, 99, 75, 0, 0
2, 99, 75, 0, 0
2, 99, 75, 0, 0
2, 99, 75, 0, 0
2, 99, 75, 0, 0
2, 99, 75, 0, 0
2, 99, 75, 0, 0
2, 99, 75, 0, 0
2, 99, 75, 0, 0
2, 99, 75, 0, 0
2, 99, 75, 0, 0
2, 99, 75, 0, 0
2, 99, 75, 0, 0
2, 99, 75, 0, 0
2, 99, 75, 0, 0
2, 99, 75, 0, 0
2, 99, 75, 0, 0
2, 99, 75, 0, 0
2, 99, 75, 0, 0
2, 99, 75, 0, 0
2, 99, 75, 0, 0
2, 99, 75, 0, 0
2, 99, 75, 0, 0
2, 99, 75, 0, 0
2, 99, 75, 0, 0
2, 99, 75, 0, 0
2, 99, 75, 0, 0
2, 99, 75, 0, 0
2, 99, 75, 0, 0
2, 99, 74, 0, 0
2, 99, 75, 0, 0
2, 99, 75, 0, 0
2, 99, 74, 0, 0
2, 99, 74, 0, 0
2, 99, 74, 0, 0
2, 99, 75, 0, 0
2, 99, 74, 0, 0
2, 99, 74, 0, 0
2, 99, 74, 0, 0
2, 99, 75, 0, 0
2, 99, 74, 0, 0
2, 99, 74, 0, 0
2, 99, 74, 0, 0
2, 99, 74, 0, 0
2, 99, 74, 0, 0
2, 99, 74, 0, 0
2, 99, 74, 0, 0
2, 99, 74, 0, 0
2, 99, 74, 0, 0
2, 99, 74, 0, 0
2, 99, 75, 0, 0
2, 99, 75, 0, 0
2, 99, 75, 0, 0
2, 99, 75, 0, 0
2, 99, 75, 0, 0
2, 99, 75, 0, 0
2, 99, 75, 0, 0
2, 99, 75, 0, 0
2, 99, 75, 0, 0
2, 99, 75, 0, 0
2, 99, 75, 0, 0
2, 99, 75, 0, 0
2, 99, 75, 0, 0
2, 99, 75, 0, 0
2, 99, 75, 0, 0
2, 99, 75, 0, 0
2, 99, 75, 0, 0
2, 99, 75, 0, 0
2, 99, 75, 0, 0
2, 99, 75, 0, 0
2, 99, 75, 0, 0
2, 99, 75, 0, 0
2, 99, 75, 0, 0
2, 99, 75, 0, 0
2, 99, 75, 0, 0
2, 99, 75, 0, 0
2, 99, 75, 0, 0
2, 99, 75, 0, 0
2, 99, 75, 0, 0
2, 99, 75, 0, 0
2, 99, 75, 0, 0
2, 99, 75, 0, 0
2, 99, 75, 0, 0
2, 99, 75, 0, 0
2, 99, 74, 0, 0
2, 99, 75, 0, 0
2, 99, 75, 0, 0
2, 99, 74, 0, 0
2, 99, 74, 0, 0
2, 99, 74, 0, 0
2, 99, 74, 0, 0
2, 99, 74, 0, 0
2, 99, 74, 0, 0
2, 99, 75, 0, 0
2, 99, 75, 0, 0
2, 99, 74, 0, 0
2, 99, 74, 0, 0
2, 99, 75, 0, 0
2, 99, 74, 0, 0
2, 99, 74, 0, 0
2, 99, 75, 0, 0
2, 99, 75, 0, 0
2, 99, 74, 0, 0
2, 99, 74, 0, 0
2, 99, 75, 0, 0
2, 99, 74, 0, 0
2, 99, 75, 0, 0
2, 99, 75, 0, 0
2, 99, 74, 0, 0
2, 99, 74, 0, 0
2, 99, 74, 0, 0
2, 99, 74, 0, 0
2, 99, 74, 0, 0
2, 99, 74, 0, 0
2, 99, 74, 0, 0
2, 99, 74, 0, 0
2, 99, 74, 0, 0
2, 99, 75, 0, 0
2, 99, 74, 0, 0
2, 99, 74, 0, 0
2, 99, 74, 0, 0
2, 99, 74, 0, 0
2, 99, 74, 0, 0
2, 99, 74, 0, 0
2, 99, 74, 0, 0
2, 99, 74, 0, 0
2, 99, 74, 0, 0
2, 99, 74, 0, 0
2, 99, 74, 0, 0
2, 99, 74, 0, 0
2, 99, 74, 0, 0
2, 99, 74, 0, 0
2, 99, 74, 0, 0
2, 99, 74, 0, 0
2, 99, 74, 0, 0
2, 99, 74, 0, 0
2, 99, 74, 0, 0
2, 99, 74, 0, 0
2, 99, 74, 0, 0
2, 99, 74, 0, 0
2, 99, 74, 0, 0
2, 99, 74, 0, 0
2, 99, 74, 0, 0
2, 99, 74, 0, 0
2, 99, 74, 0, 0
2, 99, 74, 0, 0
2, 99, 74, 0, 0
2, 99, 74, 0, 0
2, 99, 74, 0, 0
2, 99, 74, 0, 0
2, 99, 74, 0, 0
2, 99, 74, 0, 0
2, 100, 74, 0, 0
2, 99, 74, 0, 0
2, 99, 74, 0, 0
2, 99, 74, 0, 0
2, 99, 74, 0, 0
2, 99, 74, 0, 0
2, 99, 74, 0, 0
2, 99, 74, 0, 0
2, 99, 74, 0, 0
2, 99, 74, 0, 0
2, 99, 74, 0, 0
2, 99, 74, 0, 0
2, 99, 74, 0, 0
2, 99, 74, 0, 0
2, 99, 74, 0, 0
2, 99, 74, 0, 0
2, 99, 74, 0, 0
2, 99, 74, 0, 0
2, 99, 74, 0, 0
2, 99, 74, 0, 0
2, 99, 74, 0, 0
2, 99, 74, 0, 0
2, 99, 74, 0, 0
2, 99, 75, 0, 0
2, 99, 75, 0, 0
2, 99, 74, 0, 0
2, 99, 75, 0, 0
2, 99, 75, 0, 0
2, 99, 75, 0, 0
2, 99, 75, 0, 0
2, 99, 75, 0, 0
2, 99, 75, 0, 0
2, 99, 75, 0, 0
2, 99, 75, 0, 0
2, 99, 75, 0, 0
2, 99, 75, 0, 0
2, 99, 75, 0, 0
2, 99, 75, 0, 0
2, 99, 75, 0, 0
2, 99, 75, 0, 0
2, 99, 75, 0, 0
2, 99, 75, 0, 0
2, 99, 75, 0, 0
2, 99, 75, 0, 0
2, 99, 75, 0, 0
2, 99, 75, 0, 0
2, 99, 75, 0, 0
2, 99, 75, 0, 0
2, 99, 75, 0, 0
2, 99, 75, 0, 0
2, 99, 75, 0, 0
2, 99, 75, 0, 0
2, 99, 75, 0, 0
2, 99, 75, 0, 0
2, 99, 75, 0, 0
2, 99, 75, 0, 0
2, 99, 75, 0, 0
2, 99, 75, 0, 0
2, 99, 75, 0, 0
2, 99, 75, 0, 0
2, 99, 75, 0, 0
2, 99, 75, 0, 0
2, 99, 75, 0, 0
2, 99, 75, 0, 0
2, 99, 75, 0, 0
2, 99, 75, 0, 0
2, 99, 75, 0, 0
2, 99, 75, 0, 0
2, 99, 75, 0, 0
2, 99, 75, 0, 0
2, 99, 75, 0, 0
2, 99, 75, 0, 0
2, 99, 75, 0, 0
2, 99, 75, 0, 0
2, 99, 75, 0, 0
2, 99, 75, 0, 0
2, 99, 75, 0, 0
2, 99, 75, 0, 0
2, 99, 75, 0, 0
2, 99, 75, 0, 0
2, 99, 75, 0, 0
2, 99, 75, 0, 0
2, 99, 75, 0, 0
2, 99, 75, 0, 0
2, 99, 75, 0, 0
2, 99, 75, 0, 0
2, 99, 75, 0, 0
2, 99, 75, 0, 0
2, 99, 75, 0, 0
2, 99, 75, 0, 0
2, 99, 75, 0, 0
2, 99, 75, 0, 0
2, 99, 75, 0, 0
2, 99, 75, 0, 0
2, 99, 75, 0, 0
2, 99, 75, 0, 0
2, 99, 75, 0, 0
2, 99, 75, 0, 0
2, 99, 75, 0, 0
2, 99, 75, 0, 0
2, 99, 75, 0, 0
2, 99, 74, 0, 0
2, 99, 74, 0, 0
2, 99, 73, 0, 15
2, 99, 73, 0, 76
2, 99, 73, 0, 88
2, 99, 73, 0, 91
2, 99, 73, 0, 91
2, 99, 73, 0, 91
2, 99, 73, 0, 91
2, 99, 74, 0, 0
2, 99, 75, 0, 0
2, 99, 75, 0, 0
2, 99, 75, 0, 0
2, 99, 75, 0, 0
2, 99, 74, 0, 0
2, 99, 74, 0, 0
2, 99, 74, 0, 0
2, 99, 74, 0, 0
2, 99, 74, 0, 0
2, 99, 74, 0, 0
2, 99, 74, 0, 0
2, 99, 74, 0, 0
2, 99, 74, 0, 0
2, 99, 75, 1, 0
2, 99, 75, 0, 0
2, 99, 75, 1, 0
2, 99, 73, 0, 0
2, 99, 74, 0, 0
2, 99, 73, 0, 0
2, 99, 73, 1, 0
2, 99, 73, 0, 0
2, 99, 73, 0, 0
2, 99, 73, 0, 0
2, 99, 73, 0, 23
2, 99, 73, 0, 0
2, 99, 73, 0, 0
2, 99, 73, 1, 0
2, 99, 74, 1, 0
2, 99, 74, 1, 0
2, 99, 75, 1, 0
2, 99, 75, 0, 0
2, 99, 75, 0, 0
2, 99, 75, 1, 0
2, 99, 75, 0, 0
2, 99, 75, 0, 0
2, 99, 75, 1, 0
2, 99, 74, 0, 0
2, 99, 74, 0, 0
2, 99, 74, 1, 0
2, 99, 73, 1, 0
2, 99, 73, 0, 0
2, 99, 73, 0, 89
2, 99, 73, 0, 89
2, 99, 73, 0, 88
2, 99, 73, 0, 88
2, 99, 73, 0, 87
2, 99, 73, 0, 86
2, 99, 73, 1, 86
2, 99, 73, 0, 87
2, 99, 73, 0, 86
2, 99, 73, 0, 86
2, 99, 73, 0, 85
2, 99, 73, 0, 82
2, 99, 73, 0, 74
2, 99, 73, 0, 74
2, 99, 73, 0, 75
2, 99, 73, 0, 72
2, 99, 73, 0, 72
2, 99, 73, 0, 71
2, 99, 73, 0, 70
2, 99, 73, 0, 55
2, 99, 73, 1, 48
2, 99, 73, 0, 46
2, 99, 73, 0, 51
2, 99, 73, 0, 51
2, 99, 73, 0, 51
2, 99, 73, 0, 51
2, 99, 73, 0, 0
2, 99, 73, 0, 0
2, 99, 73, 0, 0
2, 99, 73, 0, 0
2, 99, 73, 0, 0
2, 99, 73, 0, 0
2, 99, 73, 0, 0
2, 99, 73, 0, 0
2, 99, 73, 0, 0
2, 99, 73, 1, 0
2, 99, 73, 0, 0
2, 99, 73, 0, 0
2, 99, 73, 0, 0
2, 99, 73, 0, 0
2, 99, 73, 0, 0
2, 99, 73, 0, 0
2, 99, 73, 0, 0
2, 99, 73, 0, 0
2, 99, 73, 0, 0
2, 99, 73, 0, 0
2, 99, 73, 0, 0
2, 99, 73, 0, 0
2, 99, 73, 0, 0
2, 99, 73, 0, 0
2, 99, 73, 0, 0
2, 99, 73, 0, 0
2, 99, 73, 0, 0
2, 99, 73, 1, 0
2, 99, 73, 0, 0
2, 99, 73, 0, 0
2, 99, 73, 0, 0
2, 99, 73, 0, 0
2, 99, 73, 0, 0
2, 99, 73, 0, 0
2, 99, 73, 0, 0
2, 99, 73, 0, 0
2, 99, 73, 0, 0
2, 99, 73, 0, 0
2, 99, 73, 0, 0
2, 99, 73, 0, 0
2, 99, 73, 0, 0
2, 99, 73, 0, 0
2, 99, 73, 0, 0
2, 99, 73, 0, 0
2, 99, 73, 0, 0
2, 99, 73, 0, 0
2, 99, 73, 0, 0
2, 99, 73, 0, 0
2, 99, 73, 0, 0
2, 99, 73, 0, 0
2, 99, 73, 0, 0
2, 99, 73, 0, 0
2, 99, 73, 0, 0
2, 99, 73, 0, 0
2, 99, 73, 0, 0
2, 99, 73, 0, 0
2, 99, 73, 0, 0
2, 99, 73, 0, 0
2, 99, 73, 0, 0
2, 99, 73, 0, 0
2, 99, 73, 0, 0
2, 99, 73, 0, 0
2, 99, 73, 0, 0
2, 99, 73, 0, 0
2, 99, 73, 0, 0
2, 99, 73, 0, 0
2, 99, 73, 0, 0
2, 99, 73, 0, 0
2, 99, 73, 0, 0
2, 99, 73, 0, 0
2, 99, 73, 0, 0
2, 99, 73, 0, 0
2, 99, 73, 0, 0
2, 99, 73, 0, 0
2, 99, 73, 0, 0
2, 99, 73, 0, 0
2, 99, 73, 0, 0
2, 99, 73, 0, 0
2, 99, 73, 0, 0
2, 99, 73, 0, 0
2, 99, 73, 0, 0
2, 99, 73, 0, 0
2, 99, 73, 0, 0
2, 99, 73, 0, 0
2, 99, 73, 0, 0
2, 99, 73, 0, 0
2, 99, 73, 0, 0
2, 99, 73, 0, 0
2, 99, 73, 0, 0
2, 99, 73, 0, 0
2, 99, 73, 0, 0
2, 99, 73, 0, 0
2, 99, 73, 0, 0
2, 99, 73, 0, 0
2, 99, 73, 0, 0
2, 99, 73, 0, 0
2, 99, 73, 0, 0
2, 99, 73, 0, 0
2, 99, 73, 0, 0
2, 99, 73, 0, 0
2, 99, 73, 0, 0
2, 99, 73, 0, 0
2, 99, 73, 0, 0
2, 99, 73, 0, 0
2, 99, 73, 0, 0
2, 99, 73, 0, 0
2, 99, 73, 0, 0
2, 99, 73, 0, 0
2, 99, 73, 0, 0
2, 99, 73, 0, 0
2, 99, 73, 0, 0
2, 99, 73, 0, 0
2, 99, 73, 0, 0
2, 99, 73, 0, 0
2, 99, 73, 0, 0
2, 99, 73, 0, 0
2, 99, 73, 0, 0
2, 99, 73, 0, 0
2, 99, 73, 0, 0
2, 99, 73, 0, 0
2, 99, 73, 0, 0
2, 99, 73, 0, 0
2, 99, 73, 0, 0
2, 99, 73, 0, 0
2, 99, 73, 0, 0
2, 99, 73, 0, 0
2, 99, 73, 0, 0
2, 99, 73, 0, 0
2, 99, 73, 0, 0
2, 99, 73, 0, 0
2, 99, 73, 0, 0
2, 99, 73, 0, 0
2, 99, 73, 0, 0
2, 99, 73, 0, 0
2, 99, 73, 0, 0
2, 99, 73, 0, 0
2, 99, 73, 0, 0
2, 99, 73, 0, 0
2, 99, 73, 0, 0
2, 99, 73, 0, 0
2, 99, 73, 0, 0
2, 99, 73, 0, 0
2, 99, 73, 0, 0
2, 99, 73, 0, 0
2, 99, 73, 0, 0
2, 99, 73, 0, 0
2, 99, 73, 0, 0
2, 99, 73, 0, 0
2, 99, 73, 0, 0
2, 99, 73, 0, 0
2, 99, 73, 0, 0
2, 99, 73, 0, 0
2, 99, 73, 0, 0
2, 99, 73, 0, 0
2, 99, 73, 0, 0
2, 99, 73, 0, 0
2, 99, 73, 0, 0
2, 99, 73, 0, 0
2, 99, 73, 0, 0
2, 100, 73, 0, 0
2, 100, 73, 0, 0
2, 99, 73, 0, 0
2, 99, 73, 0, 0
2, 99, 73, 0, 0
2, 99, 73, 0, 0
2, 99, 73, 0, 0
2, 99, 73, 0, 0
2, 99, 73, 0, 0
2, 99, 73, 0, 0
2, 99, 73, 0, 0
2, 99, 73, 0, 0
2, 99, 73, 0, 0
2, 99, 73, 0, 0
2, 99, 73, 0, 0
2, 99, 73, 0, 0
2, 99, 73, 0, 0
2, 99, 73, 0, 0
2, 99, 73, 0, 0
2, 99, 73, 0, 0
2, 99, 73, 0, 0
3, 99, 73, 0, 0
3, 99, 73, 0, 0
3, 99, 73, 0, 0
3, 99, 73, 0, 0
3, 99, 73, 0, 0
3, 99, 73, 0, 0
3, 99, 73, 0, 0
3, 99, 73, 0, 0
3, 99, 73, 0, 0
3, 99, 73, 0, 0
3, 99, 73, 0, 0
3, 99, 73, 0, 0
3, 99, 73, 0, 0
3, 99, 73, 0, 0
3, 99, 73, 0, 0
3, 99, 73, 0, 0
3, 99, 73, 0, 0
3, 99, 73, 0, 0
3, 99, 73, 0, 0
3, 99, 73, 0, 0
3, 99, 73, 0, 0
3, 99, 73, 0, 0
3, 99, 73, 0, 0
3, 99, 73, 0, 0
3, 99, 73, 0, 0
3, 99, 73, 0, 0
3, 99, 73, 0, 0
3, 99, 73, 0, 0
3, 99, 73, 0, 0
3, 99, 73, 0, 0
3, 99, 73, 0, 0
3, 99, 73, 0, 0
3, 99, 73, 0, 0
3, 99, 73, 0, 0
3, 99, 73, 0, 0
3, 99, 73, 0, 0
3, 99, 73, 0, 0
3, 99, 73, 0, 0
3, 99, 73, 0, 0
3, 99, 73, 0, 0
3, 99, 73, 0, 0
3, 99, 73, 0, 0
3, 99, 73, 0, 0
3, 99, 73, 0, 0
3, 99, 73, 0, 0
3, 99, 73, 0, 0
3, 99, 73, 0, 0
3, 99, 73, 0, 0
3, 99, 73, 0, 0
3, 99, 73, 0, 0
3, 99, 73, 0, 0
3, 99, 73, 0, 0
4, 99, 73, 0, 0
3, 99, 73, 0, 0
3, 99, 73, 0, 0
3, 99, 73, 0, 0
3, 99, 73, 0, 0
3, 99, 73, 0, 0
3, 99, 73, 0, 0
3, 99, 73, 0, 0
3, 99, 73, 0, 0
3, 99, 73, 0, 0
3, 99, 73, 0, 0
3, 99, 73, 0, 0
3, 99, 73, 0, 0
3, 99, 73, 0, 0
3, 99, 73, 0, 0
3, 99, 73, 0, 0
3, 99, 73, 0, 0
3, 99, 73, 0, 0
3, 99, 73, 0, 0
3, 99, 73, 0, 0
3, 99, 73, 0, 0
3, 99, 73, 0, 0
3, 99, 73, 0, 0
3, 99, 73, 0, 0
3, 99, 73, 0, 0
3, 99, 73, 0, 0
3, 99, 73, 0, 0
3, 99, 73, 0, 0
3, 99, 73, 0, 0
3, 99, 73, 0, 0
3, 99, 73, 0, 0
3, 99, 73, 0, 0
3, 99, 73, 0, 0
3, 99, 73, 0, 0
3, 99, 73, 0, 0
3, 99, 73, 0, 0
3, 99, 73, 0, 0
3, 99, 73, 0, 0
3, 99, 73, 0, 0
3, 99, 73, 0, 0
3, 99, 73, 0, 0
3, 99, 73, 0, 0
3, 99, 73, 0, 0
3, 99, 73, 0, 0
3, 99, 73, 0, 0
3, 99, 73, 0, 0
3, 99, 73, 0, 0
3, 99, 73, 0, 0
3, 99, 73, 0, 0
3, 99, 73, 0, 0
3, 99, 73, 0, 0
3, 99, 73, 0, 0
3, 99, 73, 0, 0
3, 99, 73, 0, 0
3, 99, 73, 0, 0
3, 99, 73, 0, 0
3, 99, 73, 0, 0
3, 99, 73, 0, 0
3, 99, 73, 0, 0
3, 99, 73, 0, 0
3, 99, 73, 0, 0
3, 99, 73, 0, 0
3, 99, 73, 0, 0
3, 99, 73, 0, 0
3, 99, 73, 0, 0
3, 99, 73, 0, 0
3, 99, 73, 0, 0
3, 99, 73, 0, 0
3, 99, 73, 0, 0
3, 99, 73, 0, 0
3, 99, 73, 0, 0
3, 99, 73, 0, 0
4, 99, 73, 0, 0
4, 99, 73, 0, 0
4, 99, 73, 0, 0
4, 99, 73, 0, 0
4, 99, 73, 0, 0
4, 99, 73, 0, 0
4, 99, 73, 0, 1
4, 99, 73, 0, 1
4, 99, 73, 0, 2
4, 99, 73, 0, 2
4, 99, 73, 0, 2
4, 99, 73, 0, 2
4, 99, 73, 0, 2
4, 99, 73, 0, 2
4, 99, 73, 0, 2
4, 99, 73, 0, 2
4, 99, 73, 0, 4
4, 99, 73, 0, 4
5, 99, 73, 0, 3
5, 99, 73, 0, 2
5, 99, 73, 0, 2
5, 99, 73, 0, 2
5, 99, 73, 0, 2
5, 99, 73, 0, 2
5, 99, 73, 0, 2
6, 99, 73, 0, 3
6, 99, 73, 0, 3
6, 99, 73, 0, 3
6, 99, 73, 0, 80
6, 99, 73, 0, 80
6, 99, 73, 0, 80
6, 99, 73, 0, 80
6, 99, 73, 0, 80
7, 99, 73, 0, 79
7, 99, 73, 0, 2
7, 99, 73, 0, 2
7, 99, 73, 0, 2
7, 99, 73, 0, 2
8, 99, 73, 0, 2
8, 99, 73, 0, 2
8, 99, 73, 0, 2
7, 99, 73, 0, 3
7, 99, 73, 0, 2
7, 99, 73, 0, 2
8, 99, 73, 0, 2
7, 99, 73, 0, 2
7, 99, 73, 0, 2
7, 99, 73, 0, 2
7, 99, 73, 0, 2
7, 99, 73, 0, 2
7, 99, 73, 0, 2
8, 99, 73, 0, 1
8, 99, 73, 0, 1
6, 99, 73, 0, 3
6, 99, 73, 0, 4
6, 99, 73, 0, 4
6, 99, 73, 0, 4
6, 99, 73, 0, 3
6, 99, 73, 0, 4
6, 99, 73, 0, 4
6, 99, 73, 0, 4
5, 99, 73, 0, 4
5, 99, 73, 0, 5
5, 99, 73, 0, 4
5, 99, 73, 0, 4
5, 99, 73, 0, 4
5, 99, 73, 0, 3
5, 99, 73, 0, 2
5, 99, 73, 0, 3
6, 99, 73, 0, 2
6, 99, 73, 0, 2
6, 99, 73, 0, 4
5, 99, 73, 0, 3
5, 99, 73, 0, 2
5, 99, 73, 0, 2
5, 99, 73, 0, 2
6, 99, 73, 0, 4
6, 99, 73, 0, 3
6, 99, 73, 0, 4
6, 99, 73, 0, 3
7, 99, 73, 0, 4
6, 99, 73, 0, 3
6, 99, 73, 0, 3
6, 99, 73, 0, 3
6, 99, 73, 0, 2
6, 99, 73, 0, 3
6, 99, 73, 0, 0
6, 99, 73, 0, 0
6, 99, 73, 0, 0
6, 99, 73, 0, 0
6, 99, 73, 0, 1
6, 99, 73, 0, 1
6, 99, 73, 0, 0
6, 99, 73, 0, 0
6, 99, 73, 0, 0
6, 99, 73, 0, 0
7, 99, 73, 0, 0
7, 99, 73, 0, 0
6, 99, 73, 0, 0
6, 99, 73, 0, 0
6, 99, 73, 0, 0
6, 99, 73, 0, 0
6, 99, 73, 0, 0
6, 99, 73, 0, 0
6, 99, 73, 0, 0
6, 99, 73, 0, 0
7, 99, 73, 0, 0
7, 99, 73, 0, 0
7, 99, 73, 0, 0
7, 99, 73, 0, 0
6, 99, 73, 0, 0
7, 99, 73, 0, 0
7, 99, 73, 0, 0
7, 99, 73, 0, 0
7, 99, 73, 0, 0
7, 99, 73, 0, 0
7, 99, 73, 0, 0
7, 99, 73, 0, 0
7, 99, 73, 0, 0
7, 99, 73, 0, 0
7, 99, 73, 0, 0
7, 99, 73, 0, 0
8, 99, 73, 0, 0
8, 99, 73, 0, 0
7, 99, 73, 0, 0
7, 99, 73, 0, 0
7, 99, 73, 0, 0
8, 99, 73, 0, 0
7, 99, 73, 0, 0
7, 99, 73, 0, 0
8, 99, 73, 0, 0
7, 99, 73, 0, 0
7, 99, 73, 0, 0
8, 99, 73, 0, 0
6, 99, 73, 0, 0
6, 99, 73, 0, 0
7, 99, 73, 0, 0
7, 99, 73, 0, 0
7, 99, 73, 0, 0
7, 99, 73, 0, 0
7, 99, 73, 0, 0
7, 99, 73, 0, 0
8, 99, 73, 0, 0
8, 99, 73, 0, 0
8, 99, 73, 0, 0
7, 99, 73, 0, 0
7, 99, 73, 0, 0
7, 99, 73, 0, 0
7, 99, 73, 0, 0
6, 99, 73, 0, 0
6, 99, 73, 0, 0
6, 99, 73, 0, 0
6, 99, 73, 0, 0
6, 99, 73, 0, 0
6, 99, 73, 0, 0
6, 99, 73, 0, 0
7, 99, 73, 0, 0
6, 99, 73, 0, 0
6, 99, 73, 0, 0
6, 99, 73, 0, 0
6, 99, 73, 0, 0
6, 99, 73, 0, 0
6, 99, 73, 0, 0
7, 99, 73, 0, 0
6, 99, 73, 0, 0
6, 99, 73, 0, 0
6, 99, 73, 0, 0
6, 99, 73, 0, 0
6, 99, 73, 0, 0
6, 99, 73, 0, 0
6, 99, 73, 0, 0
6, 99, 73, 0, 0
7, 99, 73, 0, 0
7, 99, 73, 0, 0
7, 99, 73, 0, 0
7, 99, 73, 0, 0
7, 99, 73, 0, 0
8, 99, 73, 0, 0
7, 99, 73, 0, 0
7, 99, 73, 0, 0
8, 99, 73, 0, 0
7, 99, 73, 0, 0
7, 99, 73, 0, 0
7, 99, 73, 0, 0
7, 99, 73, 0, 0
6, 99, 73, 0, 0
7, 99, 73, 0, 0
7, 99, 73, 0, 0
7, 99, 73, 0, 0
8, 99, 73, 0, 0
8, 99, 73, 0, 0
7, 99, 74, 0, 0
8, 99, 74, 0, 0
8, 99, 74, 0, 0
8, 99, 74, 0, 0
8, 99, 75, 0, 0
8, 99, 75, 0, 0
8, 99, 75, 0, 0
7, 99, 75, 0, 0
7, 99, 75, 0, 0
7, 99, 75, 0, 0
7, 99, 74, 0, 0
7, 99, 74, 0, 0
7, 99, 74, 0, 0
7, 99, 74, 0, 0
6, 99, 74, 0, 0
7, 99, 74, 0, 0
7, 99, 74, 0, 0
7, 99, 74, 0, 0
7, 99, 74, 0, 0
7, 99, 75, 0, 0
7, 99, 75, 0, 0
8, 99, 75, 0, 0
7, 99, 75, 0, 0
7, 99, 75, 0, 0
7, 99, 75, 0, 0
7, 99, 75, 0, 0
7, 99, 75, 0, 0
7, 99, 75, 0, 0
7, 99, 75, 0, 0
7, 99, 75, 0, 0
7, 99, 75, 0, 0
7, 99, 75, 0, 0
8, 99, 75, 0, 0
8, 99, 75, 0, 0
8, 99, 75, 0, 0
8, 99, 75, 0, 0
8, 99, 75, 0, 0
7, 99, 75, 0, 0
6, 99, 75, 0, 0
6, 99, 75, 0, 0
6, 99, 75, 0, 0
6, 99, 75, 0, 0
7, 99, 75, 0, 0
7, 99, 75, 0, 0
7, 99, 75, 0, 0
7, 99, 75, 0, 0
6, 99, 75, 0, 0
6, 99, 75, 0, 0
8, 99, 75, 0, 0
8, 99, 75, 0, 0
8, 99, 75, 0, 0
8, 99, 75, 0, 0
7, 99, 75, 0, 0
7, 99, 75, 0, 0
7, 99, 75, 0, 0
8, 99, 75, 0, 0
7, 99, 75, 0, 0
8, 99, 75, 0, 0
8, 99, 75, 0, 0
8, 99, 75, 0, 0
8, 99, 75, 0, 0
8, 99, 75, 0, 0
7, 99, 75, 0, 0
7, 99, 75, 0, 0
7, 99, 75, 0, 0
6, 99, 75, 0, 0
6, 99, 75, 0, 0
7, 99, 75, 0, 0
7, 99, 75, 0, 0
7, 99, 75, 0, 0
6, 99, 75, 0, 0
6, 99, 75, 0, 0
7, 99, 75, 0, 0
7, 99, 75, 0, 0
7, 99, 75, 0, 0
7, 99, 75, 0, 0
7, 99, 75, 0, 0
7, 99, 75, 0, 0
8, 99, 75, 0, 0
8, 99, 75, 0, 0
8, 99, 75, 0, 0
8, 99, 75, 0, 0
8, 99, 75, 0, 0
8, 99, 75, 0, 0
8, 99, 75, 0, 0
7, 99, 75, 0, 0
8, 99, 75, 0, 0
7, 99, 75, 0, 0
7, 99, 75, 0, 0
8, 99, 75, 0, 0
8, 99, 75, 0, 0
8, 99, 75, 0, 0
8, 99, 75, 0, 0
7, 99, 75, 0, 0
7, 99, 75, 0, 0
7, 99, 75, 0, 0
7, 99, 75, 0, 0
7, 99, 75, 0, 0
7, 99, 75, 0, 0
7, 99, 75, 0, 0
7, 99, 75, 0, 0
8, 99, 75, 0, 0
7, 99, 75, 0, 0
8, 99, 75, 0, 0
8, 99, 75, 0, 0
8, 99, 75, 0, 0
8, 99, 75, 0, 0
8, 99, 74, 0, 0
8, 99, 75, 0, 0
99, 75, 0, 0, 9
8, 99, 75, 0, 0
8, 99, 75, 0, 0
8, 99, 74, 0, 0
99, 74, 0, 0, 9
99, 74, 0, 0, 9
99, 74, 0, 0, 9
8, 99, 75, 0, 0
8, 99, 75, 0, 0
8, 99, 75, 0, 0
8, 99, 75, 0, 0
8, 99, 75, 0, 0
99, 74, 0, 0, 9
8, 99, 74, 0, 0
8, 99, 74, 0, 0
8, 99, 74, 0, 0
8, 99, 74, 0, 0
8, 99, 74, 0, 0
8, 99, 74, 0, 0
8, 99, 74, 0, 0
8, 99, 74, 0, 0
8, 99, 75, 0, 0
8, 99, 75, 0, 0
99, 74, 0, 0, 9
7, 99, 73, 0, 0
7, 99, 73, 0, 0
7, 99, 73, 0, 0
7, 99, 73, 0, 0
7, 99, 73, 0, 0
8, 99, 73, 0, 0
8, 99, 73, 0, 0
8, 99, 73, 0, 0
7, 100, 73, 0, 0
7, 99, 73, 0, 0
7, 99, 73, 0, 0
8, 99, 73, 0, 0
7, 99, 73, 0, 0
8, 99, 73, 0, 0
7, 99, 73, 0, 0
7, 99, 73, 0, 0
7, 99, 73, 0, 0
7, 99, 73, 0, 0
7, 99, 73, 0, 0
8, 99, 73, 0, 0
8, 99, 73, 0, 0
8, 99, 73, 0, 90
8, 99, 73, 0, 91
8, 99, 73, 0, 91
7, 99, 73, 0, 91
7, 99, 73, 0, 91
8, 99, 73, 0, 91
99, 73, 0, 91, 9
99, 73, 0, 91, 9
8, 99, 73, 0, 91
8, 99, 73, 0, 91
7, 99, 73, 0, 91
7, 99, 73, 0, 91
6, 99, 73, 0, 92
7, 99, 73, 0, 92
7, 99, 73, 0, 91
6, 99, 73, 0, 91
6, 99, 73, 0, 91
7, 99, 73, 0, 92
7, 99, 73, 0, 92
7, 99, 73, 0, 92
7, 99, 73, 0, 92
7, 99, 73, 0, 92
7, 99, 73, 0, 92
7, 99, 73, 0, 92
7, 99, 73, 0, 92
7, 99, 73, 0, 92
7, 99, 73, 0, 92
7, 99, 74, 0, 92
7, 99, 74, 0, 92
7, 99, 74, 0, 92
7, 99, 74, 0, 92
7, 99, 74, 0, 92
7, 99, 74, 0, 92
7, 99, 74, 1, 92
7, 99, 74, 0, 92
7, 99, 74, 0, 92
7, 99, 74, 0, 92
3, 99, 74, 0, 92
3, 99, 74, 0, 92
3, 99, 74, 0, 92
3, 99, 74, 0, 92
3, 99, 74, 0, 92
3, 99, 74, 0, 92
2, 99, 74, 0, 92
2, 99, 74, 0, 92
2, 99, 74, 0, 92
2, 99, 74, 0, 92
2, 99, 74, 0, 92
2, 99, 74, 0, 92
2, 99, 74, 0, 92
2, 99, 74, 0, 92
2, 99, 74, 0, 92
2, 99, 74, 0, 92
2, 99, 74, 0, 92
2, 99, 74, 0, 92
2, 99, 74, 0, 92
2, 99, 74, 0, 92
2, 99, 74, 0, 92
2, 99, 74, 0, 92
2, 99, 74, 0, 92
2, 99, 74, 0, 92
2, 99, 74, 0, 92
2, 99, 74, 0, 92
2, 99, 74, 0, 92
2, 99, 74, 0, 91
2, 99, 74, 0, 92
2, 99, 74, 0, 92
2, 99, 74, 0, 92
2, 99, 74, 0, 92
2, 99, 74, 0, 92
2, 99, 74, 0, 92
2, 99, 74, 0, 92
2, 99, 74, 0, 92
2, 99, 74, 0, 92
2, 99, 74, 0, 92
2, 99, 74, 0, 92
2, 99, 74, 0, 92
2, 99, 74, 0, 92
2, 99, 74, 0, 92
2, 99, 74, 0, 92
2, 99, 74, 0, 92
2, 99, 74, 0, 92
2, 99, 74, 0, 92
2, 99, 74, 0, 92
2, 99, 74, 0, 92
2, 99, 74, 0, 92
2, 99, 74, 0, 92
2, 99, 74, 0, 92
2, 99, 74, 0, 92
2, 99, 74, 0, 92
2, 99, 74, 0, 92
2, 99, 74, 0, 92
2, 99, 74, 0, 92
2, 99, 74, 0, 92
2, 99, 74, 0, 92
2, 99, 74, 0, 92
2, 99, 74, 0, 92
2, 99, 74, 0, 92
2, 99, 74, 0, 92
2, 99, 74, 0, 92
2, 99, 74, 0, 92
2, 99, 74, 0, 92
2, 99, 74, 0, 92
2, 99, 74, 0, 92
2, 99, 74, 0, 92
2, 99, 74, 0, 92
2, 99, 74, 0, 92
2, 99, 74, 0, 92
2, 99, 74, 0, 92
2, 99, 74, 0, 92
2, 99, 74, 0, 92
2, 99, 74, 0, 92
2, 99, 74, 0, 92
2, 99, 74, 0, 92
2, 99, 74, 0, 92
2, 99, 74, 0, 92
2, 99, 74, 0, 92
2, 99, 74, 0, 92
2, 99, 74, 0, 92
2, 99, 74, 0, 92
2, 99, 74, 0, 92
2, 99, 74, 0, 92
2, 99, 74, 0, 92
2, 99, 74, 0, 92
2, 99, 74, 0, 92
2, 99, 74, 0, 92
2, 99, 74, 0, 92
2, 99, 74, 0, 92
2, 99, 74, 0, 92
2, 99, 74, 0, 92
2, 99, 74, 0, 92
2, 99, 74, 0, 92
2, 99, 74, 0, 92
2, 99, 74, 0, 92
2, 99, 74, 0, 92
2, 99, 74, 0, 92
2, 99, 74, 0, 92
2, 99, 74, 0, 92
2, 99, 74, 0, 92
2, 99, 74, 0, 92
2, 99, 74, 0, 92
2, 99, 74, 0, 92
2, 99, 74, 0, 92
2, 99, 74, 1, 92
6, 99, 74, 1, 92
6, 99, 74, 0, 92
6, 99, 74, 0, 92
3, 99, 74, 1, 92
2, 99, 74, 1, 92
2, 99, 74, 0, 92
2, 99, 74, 1, 92
2, 99, 74, 0, 92
2, 99, 74, 0, 92
2, 99, 74, 0, 92
2, 99, 74, 0, 92
2, 99, 74, 0, 92
2, 99, 74, 0, 92
2, 99, 74, 1, 92
2, 99, 74, 0, 91
2, 99, 74, 0, 92
2, 99, 74, 0, 92
2, 99, 74, 0, 92
2, 99, 74, 0, 91
2, 99, 74, 0, 91
2, 99, 74, 0, 92
2, 99, 74, 0, 91
2, 99, 75, 0, 91
2, 99, 75, 0, 91
2, 99, 76, 0, 91
2, 99, 76, 0, 91
2, 99, 75, 0, 91
2, 99, 75, 0, 91
2, 99, 75, 0, 91
2, 99, 75, 0, 91
2, 99, 75, 0, 91
2, 99, 75, 0, 91
2, 99, 75, 0, 91
2, 99, 75, 0, 91
2, 99, 75, 0, 91
2, 99, 75, 0, 91
2, 99, 75, 0, 91
2, 99, 75, 0, 90
2, 99, 75, 0, 69
2, 99, 75, 0, 0
2, 99, 75, 0, 0
2, 99, 75, 0, 0
2, 99, 75, 0, 0
2, 99, 75, 0, 0
2, 99, 75, 0, 0
2, 99, 75, 0, 0
2, 99, 75, 0, 0
2, 99, 75, 0, 0
2, 99, 75, 0, 0
2, 99, 75, 0, 0
2, 99, 75, 0, 0
2, 99, 75, 0, 0
2, 99, 75, 0, 0
2, 99, 75, 0, 0
2, 99, 75, 0, 0
2, 99, 75, 0, 0
2, 99, 75, 0, 0
2, 99, 75, 0, 0
2, 99, 75, 0, 0
2, 99, 75, 0, 0
2, 99, 75, 0, 0
2, 99, 75, 0, 0
2, 99, 75, 0, 0
2, 99, 75, 0, 0
2, 99, 75, 0, 0
2, 99, 75, 0, 0
2, 99, 75, 0, 0
2, 99, 75, 0, 0
2, 99, 75, 0, 0
2, 99, 75, 0, 0
2, 99, 75, 0, 0
2, 99, 75, 0, 0
2, 99, 75, 0, 0
2, 99, 75, 0, 0
2, 99, 75, 0, 0
2, 99, 75, 0, 0
2, 99, 75, 0, 0
2, 99, 75, 0, 0
2, 99, 75, 0, 0
2, 99, 75, 0, 0
2, 99, 75, 0, 0
2, 99, 75, 0, 0
2, 99, 75, 0, 0
2, 99, 75, 0, 0
2, 99, 75, 0, 0
2, 99, 75, 0, 0
2, 99, 75, 0, 0
2, 99, 75, 0, 0
2, 99, 75, 0, 0
2, 99, 75, 0, 0
2, 99, 75, 0, 0
2, 99, 75, 0, 0
2, 99, 75, 0, 0
2, 99, 75, 0, 0
2, 99, 75, 0, 0
2, 99, 75, 0, 0
3, 99, 75, 0, 0
3, 99, 75, 0, 0
3, 99, 75, 0, 0
4, 99, 75, 0, 0
4, 99, 75, 0, 0
4, 99, 75, 0, 0
5, 99, 75, 0, 0
5, 99, 75, 0, 0
6, 99, 75, 0, 0
6, 99, 75, 0, 0
6, 99, 75, 0, 0
6, 99, 75, 0, 0
7, 99, 75, 0, 0
6, 99, 75, 0, 0
7, 99, 75, 0, 0
7, 99, 75, 0, 0
4, 99, 75, 0, 0
4, 99, 75, 0, 0
4, 99, 75, 0, 0
3, 99, 75, 0, 0
3, 99, 75, 0, 0
3, 99, 75, 0, 0
2, 99, 75, 0, 0
2, 99, 75, 0, 0
2, 99, 75, 0, 0
2, 99, 75, 0, 0
2, 99, 75, 0, 0
2, 99, 75, 0, 0
2, 99, 75, 0, 0
2, 99, 75, 0, 0
2, 99, 75, 0, 0
2, 99, 75, 0, 0
