2, 99, 73, 0, 0
2, 99, 73, 0, 0
2, 99, 73, 0, 0
2, 99, 73, 0, 0
2, 99, 73, 0, 0
2, 99, 73, 0, 0
2, 99, 73, 0, 0
2, 99, 73, 0, 0
2, 99, 73, 0, 0
2, 99, 73, 0, 0
2, 99, 73, 0, 0
2, 99, 73, 0, 0
2, 99, 73, 0, 0
2, 99, 73, 0, 0
2, 99, 73, 0, 0
2, 99, 73, 0, 0
2, 99, 73, 0, 0
2, 99, 73, 0, 0
2, 99, 73, 0, 0
2, 99, 73, 0, 0
2, 99, 73, 0, 0
2, 99, 73, 0, 0
2, 99, 73, 0, 0
2, 99, 73, 0, 0
2, 99, 73, 0, 0
2, 99, 73, 0, 0
2, 99, 73, 0, 0
2, 99, 73, 0, 0
2, 99, 73, 0, 0
2, 99, 73, 0, 0
2, 99, 73, 0, 0
2, 99, 73, 0, 0
2, 99, 73, 0, 0
2, 99, 73, 0, 0
2, 99, 73, 0, 0
2, 99, 73, 0, 0
2, 99, 73, 0, 0
2, 99, 73, 0, 0
2, 99, 73, 0, 0
2, 99, 73, 0, 0
2, 99, 73, 0, 0
2, 99, 73, 0, 0
2, 99, 73, 0, 0
2, 99, 73, 0, 0
2, 99, 73, 0, 0
2, 99, 73, 0, 0
2, 99, 73, 0, 0
2, 99, 73, 0, 0
2, 99, 73, 0, 0
2, 99, 73, 0, 0
2, 99, 73, 0, 0
2, 99, 73, 0, 0
2, 99, 73, 0, 0
2, 99, 73, 0, 0
2, 99, 73, 0, 0
2, 99, 73, 0, 0
2, 99, 73, 0, 0
2, 99, 73, 0, 0
2, 99, 73, 0, 0
2, 99, 73, 0, 0
2, 99, 73, 0, 0
2, 99, 73, 0, 0
2, 99, 73, 0, 0
2, 99, 73, 0, 0
2, 99, 73, 0, 0
2, 99, 73, 0, 0
2, 99, 73, 0, 0
2, 99, 73, 0, 0
2, 99, 73, 0, 0
2, 99, 73, 0, 0
2, 99, 73, 0, 0
2, 99, 73, 0, 0
2, 99, 73, 0, 0
2, 99, 73, 0, 0
2, 99, 73, 0, 0
2, 99, 73, 0, 0
2, 99, 73, 0, 0
2, 99, 73, 0, 0
2, 99, 73, 0, 0
2, 99, 73, 0, 0
2, 99, 73, 0, 0
2, 99, 73, 0, 0
2, 99, 73, 0, 0
2, 99, 73, 0, 0
2, 99, 73, 0, 0
2, 99, 73, 0, 0
2, 99, 73, 0, 0
2, 99, 73, 0, 0
2, 99, 73, 0, 0
2, 99, 73, 0, 0
2, 99, 73, 0, 0
2, 99, 73, 0, 0
2, 99, 73, 0, 0
2, 99, 73, 0, 0
2, 99, 73, 0, 0
2, 99, 73, 0, 0
2, 99, 73, 0, 0
2, 99, 73, 0, 0
2, 99, 73, 0, 0
2, 99, 73, 0, 0
2, 99, 73, 0, 0
2, 99, 73, 0, 0
2, 99, 73, 0, 0
2, 99, 73, 0, 0
2, 99, 73, 0, 0
2, 99, 73, 0, 0
2, 99, 73, 0, 0
2, 99, 73, 0, 0
2, 99, 73, 0, 0
2, 99, 73, 0, 0
2, 99, 73, 0, 0
2, 99, 73, 0, 0
2, 99, 73, 1, 0
2, 99, 73, 0, 0
2, 99, 73, 0, 0
2, 99, 73, 0, 0
2, 99, 73, 0, 0
2, 99, 73, 0, 0
2, 99, 73, 0, 0
2, 99, 73, 0, 0
2, 99, 73, 0, 0
2, 99, 73, 0, 0
2, 99, 73, 0, 0
2, 99, 73, 0, 0
2, 99, 73, 0, 0
2, 99, 73, 0, 0
2, 99, 73, 0, 0
2, 99, 73, 0, 0
2, 99, 73, 0, 0
2, 99, 73, 0, 0
2, 99, 73, 0, 0
2, 99, 73, 0, 0
2, 99, 73, 0, 0
2, 99, 73, 0, 0
2, 99, 73, 0, 0
2, 99, 73, 0, 0
2, 99, 73, 0, 0
2, 99, 73, 0, 0
2, 99, 73, 0, 0
2, 99, 73, 0, 0
2, 99, 73, 0, 0
2, 99, 73, 0, 0
2, 99, 73, 0, 0
2, 99, 73, 0, 0
2, 99, 73, 0, 0
2, 99, 73, 0, 0
2, 99, 73, 0, 0
2, 99, 73, 0, 0
2, 99, 73, 0, 0
2, 99, 73, 0, 0
2, 99, 73, 0, 0
2, 99, 73, 0, 0
2, 99, 73, 0, 0
2, 100, 73, 0, 0
2, 100, 73, 0, 0
2, 99, 73, 0, 0
2, 99, 73, 0, 0
2, 99, 73, 0, 0
2, 99, 73, 0, 0
2, 99, 73, 0, 0
2, 99, 73, 0, 0
2, 99, 73, 0, 0
2, 99, 73, 0, 0
2, 99, 73, 0, 0
2, 99, 73, 0, 0
2, 99, 73, 0, 0
2, 99, 73, 0, 0
2, 99, 73, 0, 0
2, 99, 73, 0, 0
2, 99, 73, 0, 0
2, 99, 73, 0, 0
2, 99, 73, 0, 0
2, 99, 73, 0, 0
2, 99, 73, 0, 0
2, 99, 73, 0, 0
2, 99, 73, 0, 0
2, 99, 73, 0, 0
2, 99, 73, 0, 0
2, 99, 73, 0, 0
2, 99, 73, 0, 0
2, 99, 73, 0, 0
2, 99, 73, 0, 0
2, 99, 73, 0, 0
2, 99, 73, 0, 0
2, 99, 73, 0, 0
2, 99, 73, 0, 0
2, 99, 73, 0, 0
2, 99, 73, 0, 42
2, 99, 73, 0, 89
2, 99, 73, 0, 89
2, 99, 73, 0, 90
2, 99, 73, 0, 90
2, 99, 73, 0, 90
2, 99, 73, 0, 90
2, 99, 73, 0, 90
2, 99, 73, 0, 90
2, 99, 73, 0, 90
2, 99, 73, 0, 90
2, 99, 73, 0, 88
2, 99, 73, 0, 88
2, 99, 73, 0, 85
2, 99, 73, 0, 0
2, 99, 73, 0, 0
2, 99, 73, 0, 0
2, 99, 73, 0, 0
2, 99, 73, 0, 0
2, 99, 73, 0, 0
2, 99, 73, 0, 0
2, 99, 73, 0, 0
2, 99, 73, 0, 0
2, 99, 73, 0, 0
2, 99, 73, 0, 0
2, 99, 73, 0, 0
2, 99, 73, 0, 0
2, 99, 73, 0, 0
2, 99, 73, 0, 0
2, 99, 73, 0, 0
2, 99, 73, 0, 84
2, 99, 73, 0, 86
2, 99, 73, 0, 87
2, 99, 73, 0, 89
2, 99, 73, 0, 89
2, 99, 73, 0, 90
2, 99, 73, 0, 90
2, 99, 73, 0, 90
2, 99, 73, 0, 90
2, 99, 73, 0, 90
2, 99, 73, 0, 90
2, 99, 73, 0, 91
2, 99, 73, 0, 91
2, 99, 73, 0, 91
2, 99, 73, 0, 91
2, 99, 73, 0, 91
2, 99, 73, 0, 91
2, 99, 73, 0, 91
2, 99, 73, 0, 91
2, 99, 73, 0, 91
2, 99, 73, 0, 91
2, 99, 73, 0, 91
2, 99, 73, 0, 91
2, 99, 73, 0, 91
2, 99, 73, 0, 91
2, 99, 73, 0, 91
2, 99, 73, 0, 91
2, 99, 73, 0, 91
2, 99, 73, 0, 91
2, 99, 73, 0, 91
2, 99, 73, 0, 91
2, 99, 73, 0, 91
2, 99, 73, 0, 91
2, 99, 73, 0, 91
2, 99, 73, 0, 91
2, 99, 73, 0, 91
2, 99, 73, 0, 91
2, 99, 73, 0, 91
2, 99, 73, 0, 91
2, 99, 73, 0, 91
2, 99, 73, 0, 91
2, 99, 73, 0, 91
2, 99, 73, 0, 91
2, 99, 73, 0, 91
2, 99, 73, 0, 91
2, 99, 73, 0, 91
2, 99, 73, 0, 91
2, 99, 73, 0, 91
2, 99, 73, 0, 91
2, 99, 73, 0, 91
2, 99, 73, 0, 91
2, 99, 73, 0, 90
2, 99, 73, 0, 91
2, 99, 73, 0, 91
2, 99, 73, 0, 91
2, 99, 73, 0, 91
2, 99, 73, 0, 90
2, 99, 73, 0, 91
2, 99, 73, 0, 91
2, 99, 73, 0, 91
2, 99, 73, 0, 91
2, 99, 73, 0, 91
2, 99, 73, 0, 91
2, 99, 73, 0, 91
2, 99, 73, 0, 91
2, 99, 73, 0, 90
2, 99, 73, 0, 90
2, 99, 73, 0, 90
2, 99, 73, 0, 90
2, 99, 73, 0, 90
2, 99, 73, 0, 90
2, 99, 73, 0, 90
2, 99, 73, 0, 90
2, 99, 73, 0, 90
2, 99, 73, 0, 90
2, 99, 73, 0, 90
2, 99, 73, 0, 90
2, 99, 73, 0, 90
2, 99, 73, 0, 90
2, 99, 73, 0, 90
2, 99, 73, 0, 90
2, 99, 73, 0, 90
2, 99, 73, 0, 90
2, 99, 73, 0, 90
2, 99, 73, 0, 91
2, 99, 73, 0, 90
2, 99, 73, 0, 90
2, 99, 73, 0, 90
2, 99, 73, 0, 90
2, 99, 73, 0, 90
2, 99, 73, 0, 90
2, 99, 73, 0, 90
2, 99, 73, 0, 90
2, 99, 73, 0, 90
2, 99, 73, 0, 90
2, 99, 73, 0, 89
2, 99, 73, 0, 89
2, 99, 73, 0, 88
2, 99, 73, 0, 0
2, 99, 73, 0, 0
2, 99, 73, 0, 0
2, 99, 73, 0, 0
2, 99, 73, 0, 0
2, 99, 73, 0, 0
2, 99, 73, 0, 0
2, 99, 73, 0, 0
2, 99, 73, 0, 0
2, 99, 73, 0, 0
2, 99, 73, 0, 0
2, 99, 73, 0, 0
2, 99, 73, 0, 0
2, 99, 73, 0, 74
2, 99, 73, 0, 78
2, 99, 73, 0, 81
2, 99, 73, 0, 87
2, 99, 73, 0, 88
2, 99, 73, 0, 89
2, 99, 73, 0, 89
2, 99, 73, 0, 89
2, 99, 73, 0, 89
2, 99, 73, 0, 89
2, 99, 73, 0, 89
2, 99, 73, 0, 89
2, 99, 73, 0, 86
2, 99, 73, 0, 77
2, 99, 73, 0, 0
2, 99, 73, 0, 0
2, 99, 73, 0, 0
2, 99, 73, 0, 0
2, 99, 73, 0, 0
2, 99, 73, 0, 0
2, 99, 73, 0, 0
2, 99, 73, 0, 0
2, 99, 73, 0, 0
2, 99, 73, 0, 0
2, 99, 73, 0, 0
2, 99, 73, 0, 0
2, 99, 73, 0, 0
2, 99, 73, 0, 0
2, 99, 73, 0, 0
2, 99, 73, 0, 0
2, 99, 73, 0, 0
2, 99, 73, 0, 0
2, 99, 73, 0, 0
2, 99, 73, 0, 0
2, 99, 73, 0, 0
2, 99, 73, 0, 0
2, 99, 73, 0, 0
2, 99, 73, 0, 0
2, 99, 73, 0, 0
2, 99, 73, 0, 0
2, 99, 73, 0, 0
2, 99, 73, 0, 0
2, 99, 73, 0, 0
2, 99, 73, 0, 0
2, 99, 73, 0, 0
2, 99, 73, 0, 0
2, 99, 73, 0, 0
2, 99, 73, 0, 0
2, 99, 73, 0, 0
2, 99, 73, 0, 0
2, 99, 73, 0, 0
2, 99, 73, 0, 0
2, 99, 73, 0, 0
2, 99, 73, 0, 0
2, 99, 73, 0, 0
2, 99, 73, 0, 0
2, 99, 73, 0, 0
2, 99, 73, 0, 0
2, 99, 73, 0, 0
2, 99, 73, 0, 0
2, 99, 73, 0, 0
2, 99, 73, 0, 0
2, 99, 73, 0, 0
2, 99, 73, 0, 0
2, 99, 73, 0, 0
2, 99, 73, 0, 0
2, 99, 73, 0, 0
2, 99, 73, 0, 0
2, 99, 73, 0, 0
2, 99, 73, 0, 0
2, 99, 73, 0, 0
2, 99, 73, 0, 0
2, 99, 73, 0, 0
2, 99, 73, 0, 0
2, 99, 73, 0, 0
2, 99, 73, 0, 0
2, 99, 73, 0, 0
2, 99, 73, 0, 0
2, 99, 73, 0, 0
2, 99, 73, 0, 0
2, 99, 73, 0, 0
2, 99, 73, 0, 0
2, 99, 73, 0, 0
2, 99, 73, 0, 0
2, 99, 73, 0, 0
2, 99, 73, 0, 0
2, 99, 73, 0, 0
2, 99, 73, 0, 0
2, 99, 73, 0, 0
2, 99, 73, 0, 0
2, 99, 73, 0, 0
2, 99, 73, 0, 0
2, 99, 73, 0, 0
2, 99, 73, 0, 0
2, 99, 73, 0, 0
2, 99, 73, 0, 0
2, 99, 73, 0, 0
2, 99, 73, 0, 0
2, 99, 73, 0, 0
2, 100, 73, 0, 0
2, 99, 73, 0, 0
2, 99, 73, 0, 0
2, 99, 73, 0, 0
2, 99, 73, 0, 0
2, 99, 73, 0, 0
2, 99, 73, 0, 0
2, 99, 73, 0, 0
2, 99, 73, 0, 0
2, 99, 73, 0, 0
2, 99, 73, 0, 0
2, 99, 73, 0, 0
2, 99, 73, 0, 0
2, 99, 73, 0, 0
2, 99, 73, 0, 0
2, 99, 73, 0, 0
2, 99, 73, 0, 0
2, 99, 73, 0, 0
2, 99, 73, 0, 0
2, 99, 73, 0, 0
2, 99, 73, 0, 0
2, 99, 73, 0, 0
2, 99, 73, 0, 0
2, 99, 73, 0, 0
2, 99, 73, 0, 0
2, 99, 73, 0, 0
2, 99, 73, 0, 0
2, 99, 73, 0, 0
2, 99, 73, 0, 0
2, 99, 73, 0, 0
2, 99, 73, 0, 0
2, 99, 73, 0, 0
2, 99, 73, 0, 0
2, 99, 73, 0, 0
2, 99, 73, 0, 0
2, 99, 73, 0, 0
2, 99, 73, 0, 0
2, 99, 73, 0, 0
2, 99, 73, 0, 0
2, 99, 73, 0, 0
2, 99, 73, 0, 0
2, 99, 73, 0, 0
2, 99, 73, 0, 0
2, 99, 73, 0, 0
2, 99, 73, 0, 0
2, 99, 73, 0, 0
2, 99, 73, 0, 0
2, 99, 73, 0, 0
2, 99, 73, 0, 0
2, 99, 73, 0, 0
2, 99, 73, 0, 0
2, 99, 73, 0, 0
2, 99, 73, 0, 0
2, 99, 73, 0, 0
2, 99, 73, 0, 0
2, 99, 73, 0, 0
2, 99, 73, 0, 0
2, 99, 73, 0, 0
2, 99, 73, 0, 0
2, 99, 73, 0, 0
2, 99, 73, 0, 0
2, 99, 73, 0, 0
2, 99, 73, 0, 0
2, 99, 73, 0, 0
2, 99, 73, 0, 0
2, 100, 73, 0, 0
2, 99, 73, 0, 0
2, 99, 73, 0, 0
2, 99, 73, 0, 0
2, 99, 73, 0, 0
2, 99, 73, 0, 0
2, 99, 73, 0, 0
2, 99, 73, 0, 0
2, 99, 73, 0, 0
2, 99, 73, 0, 0
2, 99, 73, 0, 0
2, 99, 73, 0, 0
2, 99, 73, 0, 0
2, 99, 73, 0, 0
2, 99, 73, 0, 0
2, 99, 73, 0, 0
2, 99, 73, 0, 0
2, 99, 73, 0, 0
2, 99, 73, 0, 0
2, 99, 73, 0, 0
2, 99, 73, 0, 0
2, 99, 73, 0, 0
2, 99, 73, 0, 0
2, 99, 73, 0, 0
2, 99, 73, 0, 0
2, 99, 73, 0, 0
2, 99, 73, 0, 0
2, 99, 73, 0, 0
2, 99, 73, 0, 0
2, 99, 73, 0, 0
2, 99, 73, 0, 0
2, 99, 73, 0, 0
2, 99, 73, 0, 0
2, 99, 73, 0, 0
2, 99, 73, 0, 0
2, 100, 73, 0, 0
2, 99, 73, 0, 0
2, 99, 73, 0, 0
2, 99, 73, 0, 0
2, 99, 73, 0, 0
2, 99, 73, 0, 0
2, 99, 73, 0, 0
2, 99, 73, 0, 0
2, 99, 73, 0, 0
2, 99, 73, 0, 0
2, 99, 73, 0, 0
2, 99, 73, 0, 0
2, 99, 73, 0, 0
2, 99, 73, 0, 0
2, 99, 73, 0, 0
2, 99, 73, 0, 0
2, 99, 73, 0, 0
2, 99, 73, 0, 0
2, 99, 73, 0, 0
2, 99, 73, 0, 0
2, 99, 73, 0, 0
2, 99, 73, 0, 0
2, 99, 73, 0, 0
2, 99, 73, 0, 0
2, 99, 73, 0, 0
2, 99, 73, 0, 0
2, 99, 73, 0, 0
2, 99, 73, 0, 0
2, 99, 73, 0, 0
2, 99, 73, 0, 0
2, 99, 73, 0, 0
2, 99, 73, 0, 0
2, 99, 73, 0, 0
2, 99, 73, 0, 0
2, 99, 73, 0, 0
2, 99, 73, 0, 0
2, 99, 73, 0, 0
2, 99, 73, 0, 0
2, 99, 73, 0, 0
2, 99, 73, 0, 0
2, 99, 73, 0, 0
2, 99, 73, 0, 0
2, 99, 73, 0, 0
2, 99, 73, 0, 0
2, 99, 73, 0, 0
2, 99, 73, 0, 0
2, 99, 73, 0, 0
2, 99, 73, 0, 0
2, 99, 73, 0, 0
2, 99, 73, 0, 0
2, 99, 73, 0, 0
2, 99, 73, 0, 0
2, 99, 73, 0, 0
2, 99, 73, 0, 0
2, 99, 73, 0, 0
2, 99, 73, 0, 0
2, 99, 73, 0, 0
2, 99, 73, 0, 0
2, 99, 73, 0, 0
2, 99, 73, 0, 0
2, 99, 73, 0, 0
2, 99, 73, 0, 0
2, 99, 73, 0, 0
2, 99, 73, 0, 0
2, 99, 73, 0, 0
2, 99, 73, 0, 0
2, 99, 73, 0, 0
2, 99, 73, 0, 0
2, 99, 73, 0, 0
2, 99, 73, 0, 0
2, 99, 73, 0, 0
2, 99, 73, 0, 0
2, 99, 73, 0, 0
2, 99, 73, 0, 0
2, 99, 73, 0, 0
2, 99, 73, 0, 0
2, 99, 73, 0, 0
2, 99, 73, 0, 0
2, 99, 73, 0, 0
2, 99, 73, 0, 0
2, 99, 73, 0, 0
2, 99, 73, 0, 0
2, 99, 73, 0, 0
2, 99, 73, 0, 0
2, 99, 73, 0, 0
2, 99, 73, 0, 0
2, 99, 73, 0, 0
2, 99, 73, 0, 0
2, 99, 73, 0, 0
2, 99, 73, 0, 0
2, 99, 73, 0, 0
2, 99, 73, 0, 0
2, 99, 73, 0, 0
2, 99, 73, 0, 0
2, 99, 73, 0, 0
2, 99, 73, 0, 0
2, 99, 73, 0, 0
2, 99, 73, 0, 0
2, 99, 73, 0, 0
2, 99, 73, 0, 0
2, 99, 73, 0, 0
2, 99, 73, 0, 0
2, 99, 73, 0, 0
2, 99, 73, 0, 0
2, 99, 73, 0, 0
2, 99, 73, 0, 0
2, 99, 73, 0, 0
2, 99, 73, 0, 0
2, 99, 73, 0, 0
2, 99, 73, 0, 0
2, 99, 73, 0, 0
2, 99, 73, 0, 0
2, 99, 73, 0, 0
2, 99, 73, 0, 0
2, 99, 73, 0, 0
2, 99, 73, 0, 0
2, 99, 73, 0, 0
2, 99, 73, 0, 0
2, 99, 73, 0, 0
2, 100, 73, 0, 0
2, 100, 73, 0, 0
2, 99, 73, 0, 0
2, 99, 73, 0, 0
2, 99, 73, 0, 0
2, 99, 73, 0, 0
2, 99, 73, 0, 0
2, 99, 73, 0, 0
2, 99, 73, 0, 0
2, 99, 73, 0, 0
2, 99, 73, 0, 0
2, 99, 73, 0, 0
2, 99, 73, 0, 0
2, 99, 73, 0, 0
2, 99, 73, 0, 0
2, 99, 73, 0, 0
2, 99, 73, 0, 0
2, 99, 73, 0, 0
2, 99, 73, 0, 0
2, 99, 73, 0, 0
2, 99, 73, 0, 0
2, 99, 73, 0, 0
2, 99, 73, 0, 0
2, 99, 73, 0, 0
2, 99, 73, 0, 0
2, 99, 73, 0, 0
2, 99, 73, 0, 0
2, 99, 73, 0, 0
2, 99, 73, 0, 0
2, 99, 73, 0, 0
2, 99, 73, 0, 0
2, 99, 73, 0, 0
2, 99, 73, 0, 0
2, 99, 73, 0, 0
2, 99, 73, 0, 0
2, 99, 73, 0, 0
2, 99, 73, 0, 0
2, 99, 73, 0, 0
2, 99, 73, 0, 0
2, 99, 73, 0, 0
2, 99, 73, 0, 0
2, 99, 73, 0, 0
2, 99, 73, 0, 0
2, 99, 73, 0, 0
2, 99, 73, 0, 0
2, 99, 73, 0, 0
2, 99, 73, 0, 0
2, 99, 73, 0, 0
2, 99, 73, 0, 0
2, 99, 73, 0, 0
2, 99, 73, 0, 0
2, 99, 73, 0, 0
2, 99, 73, 0, 0
2, 99, 73, 0, 0
2, 99, 73, 0, 0
2, 99, 73, 0, 0
2, 99, 73, 0, 0
2, 99, 73, 0, 0
2, 99, 73, 0, 0
2, 99, 73, 0, 0
2, 99, 73, 0, 0
2, 99, 73, 0, 0
2, 99, 73, 0, 0
2, 99, 73, 0, 0
2, 99, 73, 0, 0
2, 99, 73, 0, 0
2, 99, 73, 0, 0
2, 99, 73, 0, 0
2, 99, 73, 0, 0
2, 99, 73, 0, 0
2, 99, 73, 0, 0
2, 99, 73, 0, 0
2, 99, 73, 0, 0
2, 99, 73, 0, 0
2, 99, 73, 0, 0
2, 99, 73, 0, 0
2, 99, 73, 0, 0
2, 99, 73, 0, 0
2, 99, 73, 0, 0
2, 99, 73, 0, 0
2, 99, 73, 0, 0
2, 99, 73, 0, 0
2, 99, 73, 0, 0
2, 99, 73, 0, 0
2, 99, 73, 0, 0
2, 99, 73, 0, 0
2, 99, 73, 0, 0
2, 99, 73, 0, 0
2, 99, 73, 0, 0
2, 99, 73, 0, 0
2, 100, 73, 0, 0
2, 99, 73, 0, 0
2, 99, 73, 0, 0
2, 99, 73, 0, 0
2, 99, 73, 0, 0
2, 99, 73, 0, 0
2, 99, 73, 0, 0
2, 99, 73, 0, 0
2, 99, 73, 0, 0
2, 99, 73, 0, 0
2, 99, 73, 0, 0
2, 99, 73, 0, 0
2, 99, 73, 0, 0
2, 99, 73, 0, 0
2, 99, 73, 0, 0
2, 99, 73, 0, 0
2, 99, 73, 0, 0
2, 99, 73, 0, 0
2, 99, 73, 0, 0
2, 99, 73, 0, 0
2, 99, 73, 0, 0
2, 99, 73, 0, 0
2, 99, 73, 0, 0
2, 99, 73, 0, 0
2, 99, 73, 0, 0
2, 99, 73, 0, 0
2, 99, 73, 0, 0
2, 99, 73, 0, 0
2, 99, 73, 0, 0
2, 99, 73, 0, 0
2, 99, 73, 0, 0
2, 99, 73, 0, 0
2, 99, 73, 0, 0
2, 99, 73, 0, 0
2, 99, 73, 0, 0
2, 99, 73, 0, 0
2, 99, 73, 0, 0
2, 99, 73, 0, 0
2, 99, 73, 0, 0
2, 99, 73, 0, 0
2, 99, 73, 0, 0
2, 99, 73, 0, 0
2, 99, 73, 0, 0
2, 99, 73, 0, 0
2, 99, 73, 0, 0
2, 99, 73, 0, 0
2, 99, 73, 0, 0
2, 99, 73, 0, 0
2, 99, 73, 0, 0
2, 99, 73, 0, 0
2, 99, 73, 0, 0
2, 99, 73, 0, 0
2, 99, 73, 0, 0
2, 99, 73, 0, 0
2, 99, 73, 0, 0
2, 99, 73, 0, 0
2, 99, 73, 0, 0
2, 99, 73, 0, 0
2, 99, 73, 0, 0
2, 99, 73, 0, 0
2, 99, 73, 0, 0
2, 99, 73, 0, 0
2, 99, 73, 0, 0
2, 99, 73, 0, 0
2, 99, 73, 0, 0
2, 99, 73, 0, 0
2, 99, 73, 0, 0
2, 99, 73, 0, 0
2, 99, 73, 0, 0
2, 99, 73, 0, 0
2, 99, 73, 0, 0
2, 99, 73, 0, 0
2, 99, 73, 0, 0
2, 99, 73, 0, 0
2, 99, 73, 0, 0
2, 99, 73, 0, 0
2, 99, 73, 0, 0
2, 99, 73, 0, 0
2, 99, 73, 0, 0
2, 99, 73, 0, 0
2, 99, 73, 0, 0
2, 99, 73, 0, 0
2, 99, 73, 0, 0
2, 99, 73, 0, 0
2, 99, 73, 0, 0
2, 99, 73, 0, 0
2, 99, 73, 0, 0
2, 99, 73, 0, 0
2, 99, 73, 0, 0
2, 99, 73, 0, 0
2, 99, 73, 0, 0
2, 99, 73, 0, 0
2, 99, 73, 0, 0
2, 99, 73, 0, 0
2, 99, 73, 0, 0
2, 99, 73, 0, 0
2, 99, 73, 0, 0
2, 99, 73, 0, 0
2, 99, 73, 0, 0
2, 99, 73, 0, 0
2, 99, 73, 0, 0
2, 99, 73, 0, 0
2, 99, 73, 0, 0
2, 99, 73, 0, 0
2, 99, 73, 0, 0
2, 99, 73, 0, 0
2, 99, 73, 0, 0
2, 99, 73, 0, 0
2, 99, 73, 0, 0
2, 99, 73, 0, 0
2, 100, 73, 0, 0
2, 99, 73, 0, 0
2, 99, 73, 0, 0
2, 99, 73, 0, 0
2, 99, 73, 0, 0
2, 99, 73, 0, 0
2, 99, 73, 0, 0
2, 99, 73, 0, 0
2, 99, 73, 0, 0
2, 99, 73, 0, 0
2, 99, 73, 0, 0
2, 99, 73, 0, 0
2, 99, 73, 0, 0
2, 99, 73, 0, 0
2, 99, 73, 0, 0
2, 99, 73, 0, 0
2, 99, 73, 0, 0
2, 99, 73, 0, 0
2, 99, 73, 0, 0
2, 99, 73, 0, 0
2, 99, 73, 0, 0
2, 99, 73, 0, 0
2, 99, 73, 0, 0
2, 99, 73, 0, 0
2, 99, 73, 0, 0
2, 99, 73, 0, 0
2, 99, 73, 0, 0
2, 99, 73, 0, 0
2, 99, 73, 0, 0
2, 99, 73, 0, 0
2, 99, 73, 0, 0
2, 99, 73, 0, 0
2, 99, 73, 0, 0
2, 99, 73, 0, 0
2, 99, 73, 0, 0
2, 99, 73, 0, 0
2, 99, 73, 0, 0
2, 99, 73, 0, 0
2, 99, 73, 0, 0
2, 99, 73, 0, 0
2, 99, 73, 0, 0
2, 99, 73, 0, 0
2, 99, 73, 0, 0
2, 99, 73, 0, 0
2, 99, 73, 0, 0
2, 99, 73, 0, 0
2, 99, 73, 0, 0
2, 99, 73, 0, 0
2, 99, 73, 0, 0
2, 99, 73, 0, 0
2, 99, 73, 0, 0
2, 99, 73, 0, 0
2, 99, 73, 0, 0
2, 99, 73, 0, 0
2, 99, 73, 0, 0
2, 99, 73, 0, 0
2, 99, 73, 0, 0
2, 99, 73, 0, 0
2, 99, 73, 0, 0
2, 99, 73, 0, 0
2, 99, 73, 0, 0
2, 99, 73, 0, 0
2, 99, 73, 0, 0
2, 99, 73, 0, 0
2, 99, 73, 0, 0
2, 99, 73, 0, 0
2, 99, 73, 0, 0
2, 99, 73, 0, 0
2, 99, 73, 0, 0
2, 99, 73, 0, 0
2, 99, 73, 0, 0
2, 99, 73, 0, 0
2, 99, 73, 0, 0
2, 99, 73, 0, 0
2, 99, 73, 0, 0
2, 99, 73, 0, 0
2, 99, 73, 0, 0
2, 99, 73, 0, 0
2, 99, 73, 0, 0
2, 99, 73, 0, 0
2, 99, 73, 0, 0
2, 99, 73, 0, 0
2, 99, 73, 0, 0
2, 99, 73, 0, 0
2, 99, 73, 0, 0
2, 99, 73, 0, 0
2, 99, 73, 0, 0
2, 100, 73, 0, 0
2, 100, 73, 0, 0
2, 100, 73, 0, 0
2, 99, 73, 0, 0
2, 99, 73, 0, 0
2, 99, 73, 0, 0
2, 99, 73, 0, 0
2, 99, 73, 0, 0
2, 99, 73, 0, 0
2, 99, 73, 0, 0
2, 99, 73, 0, 0
2, 99, 73, 0, 0
2, 99, 73, 0, 0
2, 99, 73, 0, 0
2, 99, 73, 0, 0
2, 99, 73, 0, 0
2, 99, 73, 0, 0
2, 99, 73, 0, 0
2, 99, 73, 0, 0
2, 99, 73, 0, 0
2, 99, 73, 0, 0
2, 99, 73, 0, 0
2, 99, 73, 0, 0
2, 99, 73, 0, 0
2, 99, 73, 0, 0
2, 99, 73, 0, 0
2, 100, 73, 0, 0
2, 99, 73, 0, 0
2, 99, 73, 0, 0
2, 99, 73, 0, 0
2, 99, 73, 0, 0
2, 99, 73, 0, 0
2, 99, 73, 0, 0
2, 99, 73, 0, 0
2, 99, 73, 0, 0
2, 99, 73, 0, 0
2, 99, 73, 0, 0
2, 99, 73, 0, 0
2, 99, 73, 0, 0
2, 99, 73, 0, 0
2, 99, 73, 0, 0
2, 99, 73, 0, 0
2, 99, 73, 0, 0
2, 99, 73, 0, 0
2, 99, 73, 0, 0
2, 99, 73, 0, 0
2, 99, 73, 0, 0
2, 99, 73, 0, 0
2, 99, 73, 0, 0
2, 99, 73, 0, 0
2, 99, 73, 0, 0
2, 99, 73, 0, 0
2, 99, 73, 0, 0
2, 99, 73, 0, 0
2, 99, 73, 0, 0
2, 99, 73, 0, 0
2, 99, 73, 0, 0
2, 99, 73, 0, 0
2, 99, 73, 0, 0
2, 99, 73, 0, 0
2, 99, 73, 0, 0
2, 99, 73, 0, 0
2, 99, 73, 0, 0
2, 99, 73, 0, 0
2, 99, 73, 0, 0
2, 99, 73, 0, 0
2, 99, 73, 0, 0
2, 99, 73, 0, 0
2, 99, 73, 0, 0
2, 99, 73, 0, 0
2, 99, 73, 0, 0
2, 99, 73, 0, 0
2, 99, 73, 0, 0
2, 99, 73, 0, 0
2, 99, 73, 0, 0
2, 99, 73, 0, 0
2, 99, 73, 0, 0
2, 99, 73, 0, 0
2, 99, 73, 0, 0
2, 99, 73, 0, 0
2, 99, 73, 0, 0
2, 99, 73, 0, 0
2, 99, 73, 0, 0
2, 99, 73, 0, 0
2, 99, 73, 0, 0
2, 99, 73, 0, 0
2, 99, 73, 0, 0
2, 99, 73, 0, 0
2, 99, 73, 0, 0
2, 99, 73, 0, 0
2, 99, 73, 0, 0
2, 99, 73, 0, 0
2, 99, 73, 0, 0
2, 99, 73, 0, 0
2, 99, 73, 0, 0
2, 99, 73, 0, 0
2, 99, 73, 0, 0
2, 99, 73, 0, 0
2, 99, 73, 0, 0
2, 99, 73, 0, 0
2, 99, 73, 0, 0
2, 99, 73, 0, 0
2, 99, 73, 0, 0
2, 99, 73, 0, 0
2, 99, 73, 0, 0
2, 99, 73, 0, 0
2, 99, 73, 0, 0
2, 99, 73, 0, 0
2, 99, 73, 0, 0
2, 99, 73, 0, 0
2, 99, 73, 0, 0
2, 99, 73, 0, 0
2, 99, 73, 0, 0
2, 99, 73, 0, 0
2, 99, 73, 0, 0
2, 99, 73, 0, 0
2, 99, 73, 0, 0
2, 99, 73, 0, 0
2, 99, 73, 0, 0
2, 99, 73, 0, 0
2, 99, 73, 0, 0
2, 99, 73, 0, 0
2, 99, 73, 0, 0
2, 99, 73, 0, 0
2, 99, 73, 0, 0
2, 99, 73, 0, 0
2, 99, 73, 0, 0
2, 99, 73, 0, 0
2, 99, 73, 0, 0
2, 99, 73, 0, 0
2, 99, 73, 0, 0
2, 99, 73, 0, 0
2, 99, 73, 0, 0
2, 99, 73, 0, 0
2, 99, 73, 0, 0
2, 99, 73, 0, 0
2, 99, 73, 0, 0
2, 99, 73, 0, 0
2, 99, 73, 0, 0
2, 99, 73, 0, 0
2, 99, 73, 0, 0
2, 99, 73, 0, 0
2, 99, 73, 0, 0
2, 99, 73, 0, 0
2, 99, 73, 0, 0
2, 99, 73, 0, 0
2, 99, 73, 0, 0
2, 99, 73, 0, 0
2, 99, 73, 0, 0
2, 99, 73, 0, 0
2, 99, 73, 0, 0
2, 99, 73, 0, 0
2, 99, 73, 0, 0
2, 99, 73, 0, 0
2, 99, 73, 0, 0
2, 99, 73, 0, 0
2, 99, 73, 0, 0
2, 99, 73, 0, 0
2, 99, 73, 0, 0
2, 99, 73, 0, 0
2, 99, 73, 0, 0
2, 99, 73, 0, 0
2, 99, 73, 0, 0
2, 99, 73, 0, 0
2, 99, 73, 0, 0
2, 99, 73, 0, 0
2, 99, 73, 0, 0
2, 99, 73, 0, 0
2, 99, 73, 0, 0
2, 99, 73, 0, 0
2, 99, 73, 0, 0
2, 99, 73, 0, 0
2, 99, 73, 0, 0
2, 99, 73, 0, 88
2, 99, 73, 0, 88
2, 99, 73, 0, 89
2, 99, 73, 0, 90
2, 99, 73, 0, 90
2, 99, 73, 0, 90
2, 99, 73, 0, 91
2, 99, 73, 0, 91
2, 99, 73, 0, 91
2, 99, 73, 1, 91
6, 99, 73, 0, 91
6, 99, 73, 0, 91
6, 99, 73, 1, 91
6, 99, 73, 0, 91
6, 99, 73, 1, 91
6, 99, 73, 0, 91
6, 99, 73, 0, 91
6, 99, 73, 1, 91
6, 99, 73, 0, 91
6, 99, 73, 0, 91
6, 99, 73, 0, 91
6, 99, 73, 1, 91
6, 99, 73, 1, 91
6, 99, 73, 1, 91
6, 99, 73, 1, 91
6, 99, 73, 1, 91
6, 99, 73, 1, 91
6, 99, 73, 0, 91
6, 99, 73, 1, 91
6, 99, 73, 1, 91
6, 99, 73, 1, 91
6, 99, 73, 1, 91
6, 99, 73, 1, 91
6, 99, 73, 0, 91
6, 99, 73, 0, 91
6, 99, 73, 1, 91
6, 99, 73, 0, 91
6, 99, 73, 0, 91
6, 99, 73, 1, 91
6, 99, 73, 1, 91
6, 99, 73, 1, 91
6, 99, 73, 1, 91
6, 99, 73, 1, 92
6, 99, 73, 0, 91
6, 99, 73, 0, 91
6, 99, 73, 1, 91
6, 99, 73, 1, 91
6, 99, 73, 0, 91
6, 99, 73, 1, 91
6, 99, 73, 1, 91
6, 99, 73, 1, 91
6, 99, 73, 1, 91
6, 99, 73, 1, 91
6, 99, 73, 1, 91
6, 99, 73, 1, 91
6, 99, 73, 0, 91
6, 99, 73, 1, 91
6, 99, 73, 0, 91
6, 99, 73, 1, 91
6, 99, 73, 0, 91
6, 99, 73, 1, 91
6, 99, 73, 1, 91
6, 99, 73, 1, 91
6, 99, 73, 1, 91
6, 99, 73, 1, 91
6, 99, 73, 1, 91
6, 99, 73, 1, 91
6, 99, 73, 1, 91
6, 99, 73, 0, 91
6, 99, 73, 1, 91
5, 99, 73, 1, 91
5, 99, 73, 1, 91
5, 99, 73, 1, 91
3, 99, 73, 1, 91
4, 99, 73, 0, 91
2, 99, 73, 0, 91
2, 99, 73, 1, 91
2, 99, 73, 1, 91
2, 99, 73, 1, 91
2, 99, 73, 1, 91
2, 99, 73, 1, 91
2, 99, 73, 1, 91
2, 99, 73, 1, 91
2, 99, 73, 0, 91
2, 99, 73, 0, 91
2, 99, 73, 0, 90
2, 99, 73, 0, 90
2, 99, 73, 0, 90
2, 99, 73, 0, 90
2, 99, 73, 0, 90
2, 99, 73, 1, 90
2, 99, 73, 0, 90
2, 99, 73, 0, 89
2, 99, 73, 0, 87
2, 99, 73, 0, 74
2, 99, 73, 0, 73
2, 99, 73, 0, 73
2, 99, 73, 0, 65
2, 99, 73, 0, 62
2, 99, 73, 0, 56
2, 99, 73, 0, 44
2, 99, 73, 0, 45
2, 99, 73, 0, 45
2, 99, 73, 0, 47
2, 99, 73, 0, 48
2, 99, 73, 0, 54
2, 99, 73, 0, 54
2, 99, 73, 0, 58
2, 99, 73, 0, 66
2, 99, 73, 0, 65
2, 99, 73, 0, 67
2, 99, 73, 0, 67
2, 99, 73, 0, 72
2, 99, 73, 0, 85
2, 99, 73, 0, 86
2, 99, 73, 0, 87
2, 99, 73, 0, 89
2, 99, 73, 0, 89
2, 99, 73, 0, 90
2, 99, 73, 0, 90
2, 99, 73, 0, 90
2, 99, 73, 0, 90
2, 99, 73, 0, 90
2, 99, 73, 0, 90
2, 99, 73, 0, 90
2, 99, 73, 0, 90
2, 99, 73, 0, 90
2, 99, 73, 0, 90
2, 99, 73, 0, 90
2, 99, 73, 0, 90
2, 99, 73, 0, 90
2, 99, 73, 1, 90
2, 99, 73, 0, 90
2, 99, 73, 0, 90
2, 99, 73, 1, 90
2, 99, 73, 0, 91
2, 99, 73, 0, 90
2, 99, 73, 0, 90
2, 99, 73, 0, 90
2, 99, 73, 0, 90
2, 99, 73, 0, 90
2, 99, 73, 1, 90
2, 99, 73, 1, 90
2, 99, 73, 1, 90
2, 99, 73, 0, 90
2, 99, 73, 0, 90
2, 99, 73, 0, 90
2, 99, 73, 0, 91
2, 99, 73, 0, 91
2, 99, 73, 0, 91
2, 99, 73, 1, 90
2, 99, 73, 1, 90
2, 99, 73, 0, 90
2, 99, 73, 0, 91
2, 99, 73, 0, 90
2, 99, 73, 0, 90
2, 99, 73, 0, 91
2, 99, 73, 1, 91
2, 99, 73, 1, 90
2, 99, 73, 1, 90
2, 99, 73, 1, 91
2, 99, 73, 1, 91
2, 99, 73, 0, 90
2, 99, 73, 0, 91
2, 99, 73, 1, 90
2, 99, 73, 1, 90
2, 99, 73, 0, 90
2, 99, 73, 1, 91
2, 99, 73, 0, 91
2, 99, 73, 0, 91
2, 99, 73, 0, 90
2, 99, 73, 0, 90
2, 99, 73, 0, 91
2, 99, 73, 0, 91
2, 99, 73, 0, 90
2, 99, 73, 1, 90
2, 99, 73, 1, 90
2, 99, 73, 0, 91
2, 99, 73, 1, 91
2, 99, 73, 1, 91
2, 99, 73, 1, 91
2, 99, 73, 0, 90
2, 99, 73, 1, 91
2, 99, 73, 0, 91
2, 99, 73, 0, 91
2, 99, 73, 0, 91
2, 99, 73, 0, 91
2, 99, 73, 0, 91
2, 99, 73, 0, 91
2, 99, 73, 0, 91
2, 99, 73, 0, 91
2, 99, 73, 0, 91
2, 99, 73, 0, 91
2, 99, 73, 0, 91
2, 99, 73, 0, 91
2, 99, 73, 0, 91
2, 99, 73, 0, 91
2, 99, 73, 0, 91
2, 99, 73, 0, 91
2, 99, 73, 0, 91
2, 99, 73, 0, 91
2, 99, 73, 0, 91
2, 99, 73, 0, 91
2, 99, 73, 0, 91
2, 99, 73, 0, 91
2, 99, 73, 0, 91
2, 99, 73, 0, 91
2, 99, 73, 0, 91
2, 99, 73, 0, 91
2, 99, 73, 1, 91
2, 99, 73, 0, 91
2, 99, 73, 0, 91
2, 99, 73, 0, 91
2, 99, 73, 0, 90
2, 99, 73, 0, 91
2, 99, 73, 1, 90
2, 99, 73, 1, 90
2, 99, 73, 0, 91
2, 99, 73, 0, 91
2, 99, 73, 0, 91
2, 99, 73, 1, 91
2, 99, 73, 0, 90
2, 99, 73, 0, 90
2, 99, 73, 1, 90
2, 99, 73, 1, 90
2, 99, 73, 0, 90
2, 99, 73, 0, 91
2, 99, 73, 0, 91
2, 99, 73, 0, 91
2, 99, 73, 0, 90
2, 99, 73, 0, 90
2, 99, 73, 0, 91
2, 99, 73, 0, 90
2, 99, 73, 0, 90
2, 99, 73, 0, 90
2, 99, 73, 0, 90
2, 99, 73, 0, 90
2, 99, 73, 0, 90
2, 99, 73, 0, 91
2, 99, 73, 0, 91
2, 99, 73, 0, 91
