94, 100, 98, 0, 94
94, 99, 98, 0, 94
94, 100, 98, 0, 94
94, 100, 98, 0, 94
94, 100, 98, 0, 94
94, 100, 98, 0, 94
94, 100, 98, 0, 94
94, 100, 98, 0, 94
94, 99, 98, 0, 94
94, 99, 98, 0, 94
94, 100, 98, 0, 94
94, 99, 98, 0, 94
94, 100, 98, 0, 94
94, 99, 98, 0, 94
94, 99, 98, 0, 94
94, 100, 98, 0, 94
94, 100, 98, 0, 94
94, 100, 98, 0, 94
94, 100, 98, 0, 94
94, 99, 98, 0, 94
94, 100, 98, 0, 94
94, 100, 98, 0, 94
94, 100, 98, 0, 94
94, 100, 98, 0, 94
94, 99, 98, 0, 94
94, 99, 98, 0, 94
94, 100, 98, 0, 94
94, 100, 98, 0, 94
94, 100, 98, 0, 94
94, 99, 98, 0, 94
94, 100, 98, 0, 94
94, 100, 98, 0, 94
94, 100, 98, 0, 94
94, 100, 98, 0, 94
94, 100, 98, 0, 94
94, 100, 98, 0, 94
94, 100, 98, 0, 94
94, 100, 98, 0, 94
94, 99, 98, 0, 94
94, 100, 98, 0, 94
94, 100, 98, 0, 94
94, 100, 98, 0, 94
94, 100, 98, 0, 94
94, 99, 98, 0, 94
94, 100, 98, 0, 94
94, 100, 98, 0, 94
94, 100, 98, 0, 94
94, 100, 98, 0, 94
94, 100, 98, 0, 94
94, 99, 98, 0, 94
94, 99, 98, 0, 94
94, 100, 98, 0, 94
94, 100, 98, 0, 94
94, 100, 98, 0, 94
94, 100, 98, 0, 94
94, 100, 98, 0, 94
94, 100, 98, 0, 94
94, 100, 98, 0, 94
94, 100, 98, 0, 94
94, 100, 98, 0, 94
94, 100, 98, 0, 94
94, 100, 98, 0, 94
94, 100, 98, 0, 94
94, 100, 98, 0, 94
94, 99, 98, 0, 94
94, 100, 98, 0, 94
94, 100, 98, 0, 94
94, 100, 98, 0, 94
94, 100, 98, 0, 94
94, 100, 98, 0, 94
94, 99, 98, 0, 94
94, 99, 98, 0, 94
94, 100, 98, 0, 94
94, 100, 98, 0, 94
94, 100, 98, 0, 94
94, 100, 98, 0, 94
94, 100, 98, 0, 94
94, 100, 98, 0, 94
94, 100, 98, 0, 94
94, 100, 98, 0, 94
94, 100, 98, 0, 94
94, 100, 98, 0, 94
94, 100, 98, 0, 94
94, 100, 98, 0, 94
94, 100, 98, 0, 94
94, 99, 98, 0, 94
94, 100, 98, 0, 94
94, 100, 98, 0, 94
94, 100, 98, 0, 94
94, 100, 98, 0, 94
94, 100, 98, 0, 94
94, 100, 98, 0, 94
94, 100, 98, 0, 94
94, 100, 98, 0, 94
94, 100, 98, 0, 94
94, 100, 98, 0, 94
94, 100, 98, 0, 94
94, 100, 98, 0, 94
94, 99, 98, 0, 94
94, 100, 98, 0, 94
94, 100, 98, 0, 94
94, 99, 98, 0, 94
94, 99, 98, 0, 94
94, 100, 98, 0, 94
94, 100, 98, 0, 94
94, 100, 98, 0, 94
94, 99, 98, 0, 94
94, 99, 98, 0, 94
94, 100, 98, 0, 94
94, 100, 98, 0, 94
94, 100, 98, 0, 94
94, 100, 98, 0, 94
94, 100, 98, 0, 94
94, 100, 98, 0, 94
94, 100, 98, 0, 94
95, 100, 98, 0, 94
94, 100, 98, 0, 94
95, 100, 98, 0, 94
95, 100, 98, 0, 94
95, 100, 98, 0, 94
95, 100, 98, 0, 94
95, 99, 98, 0, 94
95, 99, 98, 0, 94
95, 100, 98, 0, 94
95, 100, 98, 0, 94
95, 100, 98, 0, 94
95, 100, 98, 0, 94
95, 100, 98, 0, 94
95, 100, 98, 0, 94
95, 100, 98, 0, 94
95, 100, 98, 0, 94
95, 100, 98, 0, 94
95, 100, 98, 0, 94
95, 100, 98, 0, 94
95, 99, 98, 0, 94
95, 100, 98, 0, 94
95, 100, 98, 0, 94
95, 100, 98, 0, 94
95, 100, 98, 0, 94
95, 100, 98, 0, 94
95, 99, 98, 0, 94
95, 100, 98, 0, 94
95, 100, 98, 0, 94
95, 100, 98, 0, 94
95, 100, 98, 0, 94
95, 100, 98, 0, 94
95, 100, 98, 0, 94
95, 99, 98, 0, 94
95, 100, 98, 0, 94
95, 100, 98, 0, 94
95, 99, 98, 0, 94
95, 100, 98, 0, 94
95, 100, 98, 0, 94
95, 100, 98, 0, 94
95, 100, 98, 0, 94
95, 100, 98, 0, 94
95, 100, 98, 0, 94
95, 100, 98, 0, 94
95, 100, 98, 0, 94
95, 99, 98, 0, 94
95, 100, 98, 0, 94
95, 100, 98, 0, 94
95, 99, 98, 0, 94
95, 100, 98, 0, 94
95, 100, 98, 0, 94
95, 100, 98, 0, 94
94, 100, 98, 0, 94
95, 99, 98, 0, 94
94, 100, 98, 0, 94
94, 99, 98, 0, 94
94, 99, 98, 0, 94
94, 99, 97, 0, 94
94, 100, 96, 0, 94
94, 100, 96, 0, 94
94, 99, 95, 0, 94
94, 99, 95, 0, 94
94, 100, 95, 0, 94
94, 99, 94, 0, 94
94, 100, 94, 0, 94
93, 99, 94, 0, 94
93, 99, 93, 0, 93
93, 99, 93, 0, 93
92, 99, 91, 0, 93
92, 99, 91, 0, 93
92, 99, 91, 0, 93
92, 99, 90, 0, 93
92, 99, 90, 0, 93
92, 99, 90, 1, 93
92, 99, 90, 1, 93
91, 99, 89, 1, 93
90, 99, 89, 1, 93
90, 99, 89, 1, 93
90, 99, 89, 1, 93
90, 99, 89, 1, 93
90, 99, 88, 1, 93
90, 99, 88, 1, 93
89, 98, 88, 1, 93
89, 98, 87, 1, 93
89, 98, 87, 1, 93
88, 98, 87, 1, 93
88, 98, 87, 1, 93
90, 98, 87, 1, 93
90, 98, 87, 1, 93
90, 98, 87, 1, 93
89, 98, 82, 1, 93
89, 98, 82, 1, 92
8, 98, 80, 1, 92
8, 98, 80, 1, 92
8, 98, 80, 1, 92
8, 98, 81, 1, 92
8, 98, 81, 1, 92
8, 98, 81, 1, 92
8, 98, 80, 1, 92
8, 98, 81, 1, 92
8, 98, 80, 1, 91
8, 98, 80, 1, 91
8, 98, 27, 1, 91
7, 98, 0, 1, 0
7, 98, 0, 1, 0
7, 98, 0, 1, 0
7, 98, 0, 1, 0
7, 98, 0, 1, 0
7, 98, 0, 1, 0
7, 98, 0, 1, 0
7, 98, 0, 1, 0
7, 98, 0, 1, 0
7, 98, 0, 1, 0
7, 98, 0, 1, 0
7, 98, 0, 1, 0
7, 98, 0, 1, 0
7, 98, 0, 1, 0
7, 98, 0, 1, 0
7, 98, 0, 1, 0
7, 98, 0, 1, 0
7, 98, 0, 1, 0
7, 98, 0, 1, 0
7, 98, 0, 1, 0
7, 98, 0, 1, 0
7, 98, 0, 1, 0
7, 98, 0, 1, 0
7, 98, 0, 1, 0
7, 98, 0, 1, 0
7, 98, 0, 1, 0
7, 98, 0, 1, 0
6, 98, 0, 1, 0
7, 98, 0, 1, 0
7, 98, 0, 1, 0
7, 98, 0, 1, 0
7, 98, 0, 1, 0
6, 98, 0, 1, 0
6, 98, 0, 1, 0
7, 98, 0, 1, 0
6, 98, 0, 1, 0
6, 98, 0, 1, 0
7, 98, 0, 1, 0
7, 98, 0, 1, 0
6, 98, 0, 1, 0
7, 98, 0, 1, 0
7, 98, 0, 1, 0
7, 98, 0, 1, 0
6, 98, 0, 1, 0
7, 98, 0, 1, 0
6, 98, 0, 1, 0
7, 98, 0, 1, 0
7, 98, 0, 1, 0
7, 98, 0, 1, 0
7, 98, 0, 1, 0
7, 98, 0, 1, 0
7, 98, 0, 1, 0
6, 98, 0, 1, 0
6, 98, 0, 1, 0
6, 98, 0, 1, 0
6, 98, 0, 1, 0
7, 98, 0, 1, 0
6, 98, 0, 1, 0
6, 98, 0, 1, 0
6, 98, 0, 1, 0
6, 98, 0, 1, 0
6, 98, 0, 1, 0
6, 98, 0, 1, 0
6, 98, 0, 1, 0
6, 98, 0, 1, 0
6, 98, 0, 1, 0
7, 98, 0, 1, 0
6, 98, 0, 1, 0
6, 98, 0, 1, 0
98, 98, 78, 1, 92
89, 2, 78, 1, 92
89, 2, 79, 1, 92
91, 2, 77, 1, 92
92, 2, 77, 1, 92
92, 2, 77, 1, 93
93, 2, 78, 1, 93
93, 2, 79, 1, 93
94, 98, 80, 1, 93
94, 98, 82, 1, 93
94, 98, 82, 1, 93
94, 98, 85, 1, 93
94, 98, 86, 1, 93
94, 98, 86, 1, 93
95, 99, 87, 1, 93
95, 99, 87, 1, 94
95, 99, 88, 1, 94
95, 99, 89, 1, 94
95, 99, 89, 1, 94
95, 99, 89, 1, 94
95, 99, 89, 1, 94
95, 99, 89, 1, 94
96, 99, 89, 1, 94
96, 99, 89, 1, 94
96, 99, 90, 0, 94
96, 99, 90, 0, 94
96, 99, 90, 0, 94
97, 99, 90, 0, 94
97, 99, 90, 0, 94
97, 99, 90, 0, 94
99, 99, 91, 0, 94
99, 99, 91, 0, 94
99, 99, 91, 0, 99
99, 99, 91, 0, 99
99, 99, 91, 0, 99
99, 99, 91, 0, 99
99, 99, 91, 0, 99
98, 99, 91, 0, 99
97, 99, 90, 0, 99
97, 99, 90, 0, 99
97, 99, 90, 0, 99
96, 99, 90, 0, 99
96, 99, 90, 0, 99
96, 99, 90, 0, 99
96, 99, 90, 0, 99
96, 99, 90, 0, 99
95, 99, 89, 0, 99
95, 99, 89, 0, 99
95, 99, 89, 0, 99
95, 99, 89, 0, 99
95, 99, 89, 0, 99
95, 99, 89, 0, 99
94, 99, 89, 0, 99
94, 99, 89, 0, 99
94, 99, 89, 0, 99
94, 99, 89, 0, 99
94, 99, 88, 0, 99
94, 99, 88, 0, 99
94, 99, 88, 0, 99
93, 99, 88, 0, 99
92, 99, 88, 0, 99
92, 99, 88, 0, 100
92, 99, 88, 0, 100
92, 99, 88, 0, 100
93, 99, 88, 0, 99
93, 99, 88, 0, 99
93, 99, 88, 0, 99
92, 99, 88, 0, 99
92, 99, 88, 0, 99
91, 99, 87, 0, 99
91, 99, 87, 0, 99
91, 99, 87, 0, 99
90, 99, 87, 0, 99
90, 99, 87, 0, 99
90, 99, 87, 0, 99
89, 99, 87, 0, 99
89, 99, 87, 0, 100
88, 99, 86, 0, 99
88, 99, 86, 0, 99
88, 99, 86, 0, 99
87, 99, 85, 0, 99
87, 99, 85, 0, 99
87, 99, 85, 0, 99
87, 99, 85, 0, 99
87, 99, 85, 0, 99
86, 99, 84, 0, 99
86, 99, 84, 0, 99
86, 99, 83, 0, 100
86, 99, 83, 0, 100
86, 99, 83, 0, 99
86, 99, 83, 0, 99
86, 99, 83, 0, 99
86, 99, 83, 0, 99
86, 99, 83, 0, 99
85, 99, 83, 0, 100
85, 99, 83, 0, 99
85, 99, 83, 0, 99
85, 99, 83, 0, 99
85, 99, 83, 0, 100
85, 99, 83, 0, 99
85, 99, 82, 0, 99
85, 99, 82, 0, 99
86, 99, 82, 0, 99
86, 99, 82, 0, 99
86, 99, 82, 0, 99
86, 99, 82, 0, 99
86, 99, 82, 0, 99
86, 99, 82, 0, 99
86, 99, 82, 0, 99
86, 99, 82, 0, 99
86, 99, 82, 0, 99
85, 99, 82, 0, 99
85, 99, 82, 0, 99
85, 99, 82, 0, 99
85, 99, 82, 0, 99
85, 99, 82, 0, 99
85, 99, 82, 0, 99
85, 99, 82, 0, 99
85, 99, 82, 0, 99
85, 99, 82, 0, 99
85, 99, 82, 0, 99
85, 99, 82, 0, 99
86, 99, 82, 0, 99
86, 99, 82, 0, 99
86, 99, 83, 0, 99
86, 99, 82, 0, 99
86, 99, 83, 0, 99
86, 99, 83, 0, 99
86, 99, 83, 0, 99
87, 99, 83, 0, 99
86, 99, 83, 0, 99
87, 99, 84, 0, 99
87, 99, 84, 0, 99
87, 99, 84, 0, 99
88, 99, 84, 0, 99
88, 100, 84, 0, 99
88, 99, 85, 0, 99
89, 99, 85, 0, 99
89, 99, 85, 0, 99
89, 99, 85, 0, 99
90, 99, 85, 0, 99
90, 99, 85, 0, 99
90, 99, 86, 0, 99
90, 99, 86, 0, 99
90, 99, 86, 0, 99
90, 99, 86, 0, 99
90, 99, 86, 0, 99
91, 99, 86, 0, 99
91, 99, 86, 0, 99
91, 99, 86, 0, 99
91, 99, 85, 0, 99
91, 99, 85, 0, 99
91, 99, 86, 0, 99
91, 99, 85, 0, 99
91, 99, 85, 0, 99
90, 99, 85, 0, 99
90, 99, 85, 0, 99
90, 99, 85, 0, 99
90, 99, 84, 0, 99
91, 99, 84, 1, 99
91, 99, 83, 0, 99
91, 99, 83, 1, 99
91, 99, 83, 1, 99
91, 99, 82, 1, 99
91, 99, 81, 1, 99
91, 99, 81, 1, 99
91, 99, 80, 1, 99
91, 99, 79, 1, 99
90, 99, 77, 1, 99
90, 98, 77, 1, 99
90, 98, 77, 1, 99
90, 98, 77, 0, 99
89, 98, 76, 0, 99
89, 98, 76, 1, 99
89, 98, 75, 0, 99
89, 98, 75, 0, 99
89, 98, 75, 0, 99
89, 98, 75, 0, 99
89, 2, 75, 1, 99
88, 2, 75, 2, 99
88, 2, 74, 1, 99
88, 2, 74, 1, 99
89, 2, 74, 2, 99
89, 2, 74, 2, 99
89, 2, 76, 2, 92
89, 2, 76, 2, 92
89, 2, 76, 2, 92
90, 2, 74, 2, 92
90, 2, 78, 2, 92
90, 2, 78, 1, 92
89, 2, 3, 2, 92
89, 2, 2, 2, 92
89, 0, 0, 0, 91
89, 0, 0, 0, 91
6, 0, 0, 0, 0
6, 0, 0, 0, 0
6, 0, 0, 0, 0
6, 0, 0, 0, 0
6, 0, 0, 1, 0
6, 0, 0, 1, 0
6, 0, 0, 1, 0
6, 0, 0, 1, 0
6, 0, 0, 1, 0
6, 0, 0, 1, 0
6, 0, 0, 1, 0
6, 0, 0, 1, 0
6, 0, 0, 1, 0
6, 0, 0, 1, 0
6, 0, 0, 1, 0
6, 0, 0, 1, 0
6, 0, 0, 1, 0
6, 0, 0, 1, 0
6, 0, 0, 1, 0
6, 0, 0, 1, 0
6, 0, 0, 1, 0
6, 0, 0, 1, 0
6, 0, 0, 1, 0
6, 0, 0, 1, 0
6, 0, 0, 1, 0
6, 0, 0, 1, 0
6, 93, 0, 1, 0
6, 97, 0, 1, 0
6, 97, 0, 1, 0
6, 97, 0, 1, 0
6, 98, 0, 1, 0
6, 98, 0, 1, 0
6, 98, 0, 1, 0
6, 98, 0, 1, 0
6, 98, 0, 1, 0
6, 98, 0, 1, 0
6, 98, 0, 1, 0
6, 98, 0, 1, 0
6, 98, 0, 1, 0
6, 98, 0, 1, 0
6, 98, 0, 1, 0
6, 98, 0, 1, 0
6, 98, 0, 1, 0
6, 98, 0, 1, 0
6, 98, 0, 1, 0
6, 98, 0, 1, 0
6, 98, 0, 1, 0
6, 98, 0, 1, 0
6, 98, 0, 1, 0
6, 98, 0, 1, 0
6, 98, 0, 1, 0
6, 98, 0, 1, 0
6, 98, 0, 1, 0
6, 98, 0, 1, 0
6, 98, 0, 1, 0
6, 98, 0, 1, 0
6, 98, 0, 1, 0
6, 98, 0, 1, 0
6, 98, 0, 1, 0
6, 98, 0, 1, 0
6, 98, 0, 1, 0
6, 98, 0, 1, 0
6, 98, 0, 1, 0
6, 98, 0, 1, 0
6, 98, 0, 1, 0
6, 98, 0, 1, 0
6, 98, 0, 1, 0
6, 98, 0, 1, 0
6, 98, 0, 1, 0
6, 98, 0, 1, 0
6, 97, 0, 1, 0
6, 97, 0, 1, 0
6, 97, 0, 1, 0
6, 97, 0, 1, 0
6, 97, 0, 1, 0
6, 97, 0, 1, 0
6, 97, 0, 1, 0
6, 97, 0, 1, 0
6, 96, 0, 1, 0
6, 96, 0, 1, 0
6, 96, 0, 1, 0
6, 39, 0, 1, 0
6, 0, 0, 1, 0
6, 0, 0, 1, 0
6, 0, 0, 1, 0
6, 0, 0, 1, 0
6, 0, 0, 1, 0
6, 0, 0, 1, 0
6, 0, 0, 1, 0
6, 0, 0, 1, 0
6, 0, 0, 1, 0
6, 0, 0, 1, 0
6, 0, 0, 1, 0
6, 0, 0, 1, 0
6, 0, 0, 0, 0
6, 0, 0, 0, 0
6, 0, 0, 1, 0
6, 0, 0, 1, 0
6, 0, 0, 1, 0
6, 0, 0, 1, 0
6, 0, 0, 1, 0
6, 0, 0, 1, 0
6, 0, 0, 1, 0
6, 0, 0, 1, 0
6, 0, 0, 1, 0
6, 0, 0, 1, 0
6, 0, 0, 1, 0
6, 0, 0, 1, 0
6, 0, 0, 0, 0
6, 0, 0, 0, 0
6, 0, 0, 0, 0
6, 0, 0, 0, 0
6, 0, 0, 0, 0
6, 0, 0, 0, 0
6, 0, 0, 0, 0
6, 0, 0, 0, 0
96, 99, 89, 2, 99
96, 99, 89, 2, 99
96, 99, 89, 2, 99
96, 99, 89, 2, 99
96, 99, 89, 2, 99
96, 99, 89, 2, 99
96, 99, 89, 2, 99
96, 99, 89, 2, 99
96, 99, 89, 2, 99
96, 99, 89, 2, 99
96, 99, 89, 3, 99
97, 99, 89, 3, 99
96, 99, 88, 3, 99
96, 99, 88, 3, 99
96, 99, 88, 3, 99
96, 99, 88, 3, 99
96, 99, 88, 3, 99
96, 99, 88, 3, 99
96, 99, 88, 3, 99
96, 99, 88, 3, 99
96, 99, 88, 3, 99
96, 99, 88, 3, 99
96, 99, 88, 3, 99
96, 99, 88, 4, 99
96, 99, 88, 4, 99
96, 99, 88, 4, 99
96, 99, 88, 4, 99
96, 98, 88, 4, 99
96, 98, 88, 4, 99
96, 98, 88, 4, 99
96, 98, 88, 4, 99
97, 98, 88, 4, 99
97, 98, 88, 4, 99
97, 98, 88, 4, 99
96, 97, 88, 5, 99
96, 97, 88, 5, 99
96, 96, 88, 5, 99
96, 96, 88, 5, 99
96, 95, 88, 5, 99
97, 95, 88, 5, 99
97, 95, 88, 5, 99
97, 95, 88, 6, 99
96, 95, 88, 6, 99
96, 95, 88, 6, 99
96, 94, 88, 45, 99
96, 94, 88, 52, 99
96, 94, 88, 52, 99
96, 94, 88, 52, 99
96, 94, 88, 52, 99
96, 94, 88, 52, 99
96, 94, 88, 52, 99
96, 93, 88, 52, 99
96, 92, 88, 52, 99
96, 92, 88, 52, 99
96, 92, 88, 52, 99
95, 92, 88, 52, 99
95, 91, 88, 53, 99
95, 91, 88, 53, 99
95, 91, 88, 53, 99
95, 91, 87, 53, 99
95, 91, 87, 53, 99
95, 91, 87, 53, 99
94, 91, 87, 53, 99
94, 90, 87, 53, 99
94, 88, 86, 53, 99
94, 88, 86, 53, 99
94, 42, 86, 53, 99
94, 42, 86, 1, 99
93, 42, 86, 2, 99
93, 42, 86, 1, 99
93, 42, 86, 1, 99
93, 2, 85, 2, 99
92, 2, 85, 1, 99
92, 2, 85, 1, 99
92, 2, 84, 2, 99
92, 2, 84, 1, 99
91, 2, 83, 1, 99
91, 2, 83, 1, 99
91, 2, 83, 1, 99
91, 2, 83, 1, 99
91, 2, 83, 1, 99
91, 2, 82, 2, 99
90, 2, 81, 1, 99
90, 2, 81, 1, 99
89, 2, 79, 1, 99
89, 2, 79, 1, 99
89, 2, 78, 1, 93
88, 2, 78, 1, 93
88, 2, 78, 1, 93
88, 2, 78, 1, 93
87, 2, 77, 1, 93
87, 2, 77, 2, 93
89, 2, 78, 2, 92
89, 2, 78, 2, 92
7, 0, 78, 0, 92
7, 0, 78, 0, 92
7, 0, 78, 0, 92
7, 0, 78, 0, 0
6, 0, 0, 0, 0
6, 0, 0, 1, 0
6, 0, 0, 1, 0
6, 0, 0, 1, 0
6, 0, 0, 1, 0
6, 96, 0, 1, 0
6, 98, 0, 1, 0
6, 98, 0, 1, 0
6, 98, 0, 1, 0
6, 98, 0, 1, 0
6, 98, 0, 1, 0
6, 98, 0, 1, 0
6, 98, 0, 1, 0
11, 98, 0, 1, 0
6, 98, 0, 1, 0
6, 98, 0, 1, 0
6, 98, 0, 1, 0
6, 98, 0, 1, 0
6, 97, 0, 1, 0
6, 97, 0, 1, 0
6, 0, 0, 1, 0
6, 0, 0, 1, 0
6, 0, 0, 1, 0
6, 0, 0, 1, 0
6, 0, 0, 1, 0
6, 0, 0, 1, 0
6, 0, 0, 1, 0
6, 0, 0, 1, 0
6, 0, 0, 1, 0
6, 0, 0, 1, 0
6, 0, 0, 1, 0
6, 0, 0, 1, 0
6, 0, 0, 1, 0
6, 0, 0, 1, 0
6, 0, 0, 1, 0
6, 0, 0, 1, 0
6, 0, 0, 1, 0
6, 0, 0, 1, 0
6, 0, 0, 1, 0
6, 0, 0, 1, 0
6, 0, 0, 1, 0
6, 0, 0, 1, 0
6, 0, 0, 1, 0
6, 0, 0, 1, 0
6, 0, 0, 1, 0
6, 0, 0, 1, 0
6, 0, 0, 1, 0
6, 0, 0, 1, 0
6, 0, 0, 1, 0
6, 0, 0, 1, 0
6, 0, 0, 1, 0
6, 0, 0, 1, 0
6, 0, 0, 1, 0
6, 0, 0, 1, 0
6, 0, 0, 1, 0
6, 0, 0, 1, 0
6, 0, 0, 1, 0
6, 0, 0, 1, 0
6, 96, 0, 1, 0
6, 97, 0, 1, 0
6, 97, 0, 1, 0
6, 97, 0, 1, 0
6, 98, 0, 1, 0
6, 98, 0, 1, 0
6, 98, 0, 1, 0
6, 98, 0, 1, 0
6, 98, 0, 1, 0
6, 98, 0, 1, 0
6, 98, 0, 1, 0
6, 98, 0, 1, 0
6, 98, 0, 1, 0
6, 98, 0, 1, 0
6, 98, 0, 1, 0
6, 98, 0, 1, 0
6, 98, 0, 1, 0
6, 98, 0, 1, 0
6, 98, 0, 1, 0
6, 98, 0, 1, 0
6, 98, 0, 1, 0
6, 98, 0, 1, 0
6, 98, 0, 1, 0
6, 98, 0, 1, 0
6, 98, 0, 1, 0
6, 98, 0, 1, 0
6, 98, 0, 1, 0
6, 98, 0, 1, 0
6, 98, 0, 1, 0
6, 98, 0, 1, 0
6, 98, 0, 1, 0
6, 98, 0, 1, 0
6, 98, 0, 1, 0
6, 98, 0, 1, 0
6, 98, 0, 1, 0
6, 98, 0, 1, 0
6, 98, 0, 1, 0
6, 98, 0, 1, 0
6, 98, 0, 1, 0
6, 98, 0, 1, 0
6, 98, 0, 1, 0
6, 98, 0, 1, 0
6, 98, 0, 1, 0
6, 98, 0, 1, 0
6, 98, 0, 1, 0
6, 98, 0, 1, 0
6, 98, 0, 1, 0
6, 98, 0, 1, 0
6, 98, 0, 1, 0
6, 98, 0, 1, 0
6, 98, 0, 1, 0
6, 98, 0, 1, 0
6, 98, 0, 1, 0
6, 98, 0, 1, 0
6, 98, 0, 1, 0
6, 98, 0, 1, 0
6, 98, 0, 1, 0
6, 98, 0, 1, 0
6, 97, 0, 1, 0
6, 0, 0, 1, 0
6, 0, 0, 1, 0
6, 0, 0, 1, 0
6, 0, 0, 1, 0
6, 0, 0, 1, 0
6, 0, 0, 1, 0
6, 0, 0, 1, 0
6, 0, 0, 1, 0
6, 0, 0, 1, 0
6, 0, 0, 1, 0
6, 0, 0, 0, 0
6, 0, 0, 0, 0
6, 0, 0, 0, 0
6, 0, 0, 0, 0
6, 0, 0, 0, 0
6, 0, 0, 0, 0
6, 0, 0, 0, 0
6, 0, 0, 0, 0
6, 0, 0, 0, 0
6, 0, 80, 1, 0
6, 0, 80, 1, 0
7, 97, 79, 1, 92
7, 98, 78, 1, 92
7, 98, 80, 1, 92
7, 98, 80, 1, 92
7, 98, 80, 1, 92
7, 98, 80, 1, 92
7, 98, 81, 1, 92
7, 98, 81, 1, 92
7, 98, 80, 1, 92
7, 98, 80, 1, 92
7, 98, 79, 1, 92
7, 98, 79, 1, 92
7, 98, 79, 1, 92
7, 98, 79, 1, 92
7, 98, 79, 1, 92
7, 98, 79, 1, 92
7, 98, 79, 1, 92
7, 98, 79, 1, 92
7, 98, 79, 1, 92
7, 98, 79, 1, 92
7, 98, 79, 1, 92
7, 98, 79, 1, 92
7, 98, 80, 1, 92
7, 98, 80, 1, 92
7, 98, 81, 1, 92
7, 98, 80, 1, 92
7, 98, 79, 1, 92
7, 98, 80, 1, 92
7, 98, 81, 1, 92
7, 98, 81, 1, 93
7, 98, 81, 1, 92
7, 98, 81, 1, 92
7, 98, 81, 1, 93
7, 98, 81, 1, 93
7, 98, 81, 1, 93
7, 98, 82, 1, 93
7, 98, 82, 1, 93
7, 98, 82, 1, 93
7, 98, 82, 1, 93
7, 98, 82, 1, 93
7, 98, 83, 1, 92
7, 98, 83, 1, 93
7, 98, 83, 1, 93
7, 98, 83, 1, 93
7, 98, 84, 1, 93
7, 98, 84, 1, 92
7, 98, 84, 1, 93
7, 98, 84, 1, 93
7, 98, 85, 1, 93
7, 98, 85, 1, 92
7, 98, 85, 1, 93
7, 98, 85, 1, 92
7, 98, 85, 1, 93
7, 98, 84, 1, 93
7, 98, 84, 1, 93
7, 98, 84, 1, 93
7, 98, 84, 1, 93
7, 98, 84, 1, 93
7, 98, 84, 1, 93
7, 98, 84, 1, 93
7, 98, 84, 1, 93
7, 98, 84, 1, 93
7, 98, 84, 1, 93
7, 98, 84, 1, 93
7, 98, 84, 1, 93
7, 98, 84, 1, 93
7, 98, 84, 1, 93
7, 98, 84, 1, 93
7, 98, 84, 1, 93
7, 98, 84, 1, 93
7, 98, 84, 1, 93
7, 98, 83, 1, 93
7, 98, 83, 1, 93
7, 98, 83, 1, 93
7, 98, 83, 1, 93
7, 98, 83, 1, 93
7, 98, 83, 1, 93
7, 98, 83, 1, 93
7, 98, 83, 1, 93
7, 98, 83, 1, 93
7, 98, 83, 1, 93
7, 98, 83, 1, 93
7, 98, 83, 1, 93
7, 98, 83, 1, 93
7, 98, 83, 1, 93
7, 98, 83, 1, 93
7, 98, 83, 1, 93
7, 98, 83, 1, 93
7, 98, 83, 1, 93
7, 98, 83, 1, 93
7, 98, 82, 1, 93
7, 98, 83, 1, 93
7, 98, 82, 1, 93
7, 98, 82, 1, 93
7, 98, 82, 1, 93
7, 98, 82, 1, 93
7, 98, 82, 1, 93
7, 98, 82, 1, 93
7, 98, 82, 1, 93
7, 98, 82, 1, 93
7, 98, 82, 1, 93
7, 98, 82, 1, 93
7, 98, 81, 1, 93
7, 99, 81, 1, 93
7, 98, 81, 1, 93
7, 98, 81, 1, 93
7, 98, 81, 1, 93
7, 98, 81, 1, 93
7, 98, 81, 1, 93
7, 99, 80, 1, 93
7, 99, 80, 1, 93
7, 99, 80, 1, 93
7, 99, 80, 1, 93
7, 99, 80, 1, 93
7, 99, 79, 1, 93
7, 99, 79, 1, 93
7, 99, 79, 1, 93
7, 99, 79, 1, 93
7, 99, 79, 1, 93
7, 99, 78, 1, 93
7, 99, 78, 1, 93
7, 99, 78, 1, 93
7, 99, 78, 1, 93
7, 99, 78, 1, 93
7, 99, 78, 1, 93
7, 99, 78, 1, 93
7, 99, 78, 1, 93
7, 99, 78, 1, 93
7, 99, 78, 1, 93
7, 99, 78, 1, 93
7, 99, 78, 1, 93
7, 99, 78, 1, 93
7, 99, 78, 1, 93
7, 99, 78, 1, 93
7, 99, 78, 1, 93
7, 99, 78, 1, 93
7, 99, 78, 1, 93
7, 99, 78, 1, 93
7, 99, 78, 1, 93
7, 99, 77, 1, 93
7, 99, 77, 1, 93
7, 99, 77, 1, 93
7, 99, 77, 1, 93
7, 99, 78, 1, 92
7, 99, 78, 1, 92
7, 99, 78, 1, 92
7, 99, 78, 1, 92
7, 99, 77, 1, 93
7, 99, 77, 1, 92
7, 99, 78, 1, 93
7, 99, 78, 1, 92
7, 99, 78, 1, 92
7, 99, 78, 1, 92
7, 99, 78, 1, 92
7, 99, 78, 1, 92
7, 99, 78, 1, 92
7, 99, 78, 1, 92
7, 99, 78, 1, 92
7, 99, 78, 1, 92
7, 99, 78, 1, 92
7, 99, 78, 1, 92
7, 99, 78, 1, 92
7, 99, 78, 1, 92
7, 99, 78, 1, 92
7, 99, 78, 1, 92
7, 99, 78, 1, 92
7, 99, 78, 1, 92
7, 99, 78, 1, 92
7, 99, 78, 1, 92
7, 99, 78, 1, 92
7, 99, 78, 1, 92
7, 99, 78, 1, 92
7, 99, 78, 1, 92
7, 99, 78, 1, 92
7, 99, 78, 1, 92
7, 99, 78, 1, 92
7, 99, 78, 1, 92
7, 99, 78, 1, 92
7, 99, 78, 1, 92
7, 99, 78, 1, 92
7, 99, 78, 1, 92
7, 99, 78, 1, 92
7, 99, 78, 1, 92
7, 99, 78, 1, 92
7, 99, 78, 1, 92
7, 99, 78, 1, 92
7, 99, 78, 1, 92
7, 99, 78, 1, 92
7, 99, 78, 1, 92
7, 99, 78, 1, 92
7, 99, 78, 1, 92
7, 99, 78, 1, 92
7, 99, 78, 1, 92
7, 99, 78, 1, 92
7, 99, 78, 1, 92
7, 99, 78, 1, 92
7, 99, 78, 1, 92
7, 99, 78, 1, 92
7, 99, 78, 1, 92
7, 99, 78, 1, 92
7, 99, 78, 1, 92
7, 99, 78, 1, 92
7, 99, 78, 1, 92
7, 99, 78, 1, 92
7, 99, 78, 1, 92
7, 99, 77, 1, 92
7, 99, 77, 1, 92
7, 99, 78, 1, 92
7, 99, 78, 1, 92
7, 99, 78, 1, 92
7, 99, 78, 1, 92
7, 99, 77, 1, 92
7, 99, 77, 1, 92
7, 99, 77, 1, 92
7, 99, 77, 1, 92
7, 99, 77, 1, 92
7, 99, 77, 1, 92
7, 99, 77, 1, 92
7, 99, 77, 1, 92
7, 99, 77, 1, 92
7, 99, 77, 1, 92
7, 99, 77, 1, 92
7, 99, 76, 1, 92
7, 99, 76, 1, 92
7, 99, 76, 1, 92
7, 99, 76, 1, 92
7, 99, 76, 1, 92
7, 99, 76, 1, 92
7, 99, 76, 1, 92
7, 99, 76, 1, 92
7, 99, 76, 1, 92
7, 99, 76, 1, 92
7, 99, 76, 1, 92
7, 99, 76, 1, 92
7, 99, 76, 1, 92
7, 99, 76, 1, 92
7, 99, 76, 1, 92
7, 99, 76, 1, 92
7, 99, 76, 1, 92
7, 99, 76, 1, 92
7, 99, 76, 1, 92
7, 99, 76, 1, 92
7, 99, 76, 1, 92
7, 99, 76, 1, 92
7, 99, 76, 1, 92
7, 99, 76, 1, 92
7, 99, 76, 1, 92
7, 99, 76, 1, 92
7, 99, 76, 1, 92
7, 99, 76, 1, 92
7, 99, 76, 1, 92
7, 99, 76, 1, 92
7, 99, 76, 1, 92
7, 99, 76, 1, 92
7, 99, 76, 1, 92
7, 99, 76, 1, 92
7, 99, 76, 1, 92
7, 99, 76, 1, 92
7, 99, 76, 1, 92
7, 99, 76, 1, 92
7, 99, 76, 1, 92
7, 99, 76, 1, 92
7, 99, 76, 1, 92
7, 99, 76, 1, 92
7, 99, 76, 1, 92
7, 99, 76, 1, 92
7, 99, 76, 1, 92
7, 98, 76, 1, 92
7, 98, 76, 1, 92
7, 98, 76, 1, 92
7, 98, 76, 1, 92
7, 98, 76, 1, 92
7, 98, 76, 1, 92
7, 98, 76, 1, 92
7, 98, 76, 1, 92
7, 98, 76, 1, 92
7, 98, 76, 1, 92
7, 98, 76, 1, 92
7, 98, 76, 1, 92
7, 98, 76, 1, 92
7, 98, 76, 1, 92
7, 98, 76, 1, 92
7, 98, 76, 1, 92
7, 98, 76, 1, 92
7, 98, 76, 1, 92
7, 98, 76, 1, 92
7, 98, 76, 1, 92
7, 98, 76, 1, 92
7, 98, 76, 1, 92
7, 98, 76, 1, 92
7, 98, 76, 1, 92
7, 98, 76, 1, 92
7, 98, 76, 1, 92
7, 98, 76, 1, 92
7, 98, 76, 1, 92
7, 98, 76, 1, 92
7, 98, 76, 1, 92
7, 98, 76, 1, 92
7, 98, 76, 1, 92
7, 98, 76, 1, 92
7, 98, 76, 1, 92
7, 98, 76, 1, 92
7, 98, 76, 1, 92
7, 98, 76, 1, 92
7, 98, 76, 1, 92
7, 98, 76, 1, 92
7, 98, 76, 1, 92
7, 98, 76, 1, 92
7, 98, 76, 1, 92
7, 98, 76, 1, 92
7, 98, 76, 1, 92
7, 98, 76, 1, 92
7, 98, 76, 1, 92
7, 98, 76, 1, 92
7, 98, 76, 1, 92
7, 98, 76, 1, 92
7, 98, 76, 1, 92
7, 98, 76, 1, 92
7, 98, 76, 1, 92
7, 98, 76, 1, 92
7, 98, 76, 1, 92
7, 98, 76, 1, 92
7, 98, 76, 1, 92
7, 98, 76, 1, 92
7, 98, 76, 1, 92
7, 98, 76, 1, 92
7, 98, 76, 1, 92
7, 98, 76, 1, 92
7, 98, 76, 1, 92
7, 98, 76, 1, 92
7, 98, 76, 1, 92
7, 98, 76, 1, 92
7, 98, 76, 1, 92
7, 98, 76, 1, 92
7, 98, 76, 1, 92
7, 98, 76, 1, 92
7, 98, 76, 1, 92
7, 98, 76, 1, 92
7, 98, 76, 1, 92
7, 99, 77, 1, 92
7, 99, 77, 1, 92
7, 99, 77, 1, 92
7, 99, 77, 1, 92
7, 99, 77, 1, 92
7, 99, 77, 1, 92
7, 99, 77, 1, 92
7, 99, 77, 1, 92
7, 99, 77, 1, 92
7, 99, 77, 1, 92
7, 99, 77, 1, 92
7, 99, 77, 1, 92
7, 99, 77, 1, 92
7, 99, 77, 1, 92
7, 99, 77, 1, 92
7, 99, 77, 1, 92
7, 99, 77, 1, 92
7, 99, 77, 1, 92
7, 99, 78, 1, 92
7, 99, 78, 1, 92
7, 99, 78, 1, 92
7, 99, 78, 1, 92
7, 99, 78, 1, 92
7, 99, 78, 1, 92
7, 99, 78, 1, 92
7, 99, 78, 1, 92
7, 99, 78, 1, 92
7, 99, 77, 1, 92
7, 99, 77, 1, 92
7, 99, 77, 1, 92
7, 99, 77, 1, 92
7, 99, 77, 1, 92
7, 99, 77, 1, 92
7, 99, 77, 1, 92
7, 99, 77, 1, 92
7, 99, 77, 1, 92
7, 99, 77, 1, 92
7, 99, 77, 1, 92
7, 99, 77, 1, 92
7, 99, 77, 1, 92
7, 99, 77, 1, 92
7, 99, 77, 1, 92
7, 99, 77, 1, 92
7, 99, 77, 1, 92
7, 99, 77, 1, 92
7, 99, 77, 1, 92
7, 99, 77, 1, 92
7, 99, 77, 1, 92
7, 99, 77, 1, 92
7, 99, 77, 1, 92
7, 99, 77, 1, 92
7, 99, 77, 1, 92
7, 99, 77, 1, 92
7, 99, 77, 1, 92
7, 99, 77, 1, 92
7, 99, 77, 1, 92
7, 99, 77, 1, 92
7, 99, 77, 1, 92
7, 99, 77, 1, 92
7, 99, 77, 1, 92
7, 99, 77, 1, 92
7, 99, 77, 1, 92
7, 99, 77, 1, 92
7, 99, 77, 1, 92
7, 99, 77, 1, 92
7, 99, 77, 1, 92
7, 99, 77, 1, 92
7, 99, 77, 1, 92
7, 99, 77, 1, 92
7, 99, 77, 1, 92
7, 99, 77, 1, 92
7, 99, 77, 1, 92
7, 99, 77, 1, 92
7, 99, 77, 1, 92
7, 99, 77, 1, 92
7, 99, 77, 1, 92
7, 99, 77, 1, 92
7, 99, 77, 1, 92
7, 99, 77, 1, 92
7, 99, 77, 1, 92
7, 99, 77, 1, 92
7, 99, 77, 1, 92
7, 99, 77, 1, 92
7, 99, 77, 1, 92
7, 99, 77, 1, 92
7, 99, 77, 1, 92
7, 99, 77, 1, 92
7, 99, 77, 1, 92
7, 99, 77, 1, 92
7, 99, 77, 1, 92
7, 99, 77, 1, 92
7, 99, 77, 1, 92
7, 99, 77, 1, 92
7, 99, 77, 1, 92
7, 99, 76, 1, 92
7, 99, 76, 1, 92
7, 99, 76, 1, 92
7, 99, 76, 1, 92
7, 99, 76, 1, 92
7, 99, 76, 1, 92
7, 99, 76, 1, 92
7, 99, 76, 1, 92
7, 99, 76, 1, 92
7, 99, 76, 1, 92
7, 99, 76, 1, 92
7, 99, 76, 1, 92
7, 99, 76, 1, 92
7, 98, 76, 1, 92
7, 99, 76, 1, 92
7, 99, 76, 1, 92
7, 99, 76, 1, 92
7, 99, 76, 1, 92
7, 99, 76, 1, 92
7, 99, 76, 1, 92
7, 99, 76, 1, 92
7, 99, 76, 1, 92
7, 99, 76, 1, 92
7, 99, 76, 1, 92
7, 99, 76, 1, 92
7, 99, 76, 1, 92
7, 99, 76, 1, 92
7, 99, 76, 1, 92
7, 99, 76, 1, 92
7, 99, 76, 1, 92
7, 99, 76, 1, 92
7, 99, 76, 1, 92
7, 99, 76, 1, 92
7, 99, 76, 1, 92
7, 99, 76, 1, 92
7, 99, 76, 1, 92
7, 99, 76, 1, 92
7, 99, 76, 1, 92
7, 99, 76, 1, 92
7, 99, 76, 1, 92
7, 99, 76, 1, 92
7, 99, 76, 1, 92
7, 99, 76, 1, 92
7, 99, 76, 1, 92
7, 99, 76, 1, 92
7, 99, 76, 1, 92
7, 99, 76, 1, 92
7, 99, 76, 1, 92
7, 99, 76, 1, 92
7, 99, 76, 1, 92
7, 99, 76, 1, 92
7, 99, 76, 1, 92
7, 99, 76, 1, 92
7, 99, 76, 1, 92
7, 99, 76, 1, 92
7, 99, 76, 1, 92
7, 99, 76, 1, 92
7, 99, 76, 1, 92
7, 99, 76, 1, 92
7, 99, 76, 1, 92
7, 99, 76, 1, 92
7, 99, 76, 1, 92
7, 99, 76, 1, 92
7, 99, 76, 1, 92
7, 99, 76, 1, 92
7, 99, 77, 1, 92
7, 99, 77, 1, 92
7, 99, 77, 1, 92
7, 99, 77, 1, 92
7, 99, 77, 1, 92
7, 99, 77, 1, 92
7, 99, 77, 1, 92
7, 99, 77, 1, 92
7, 99, 77, 1, 92
7, 99, 77, 1, 92
7, 99, 77, 1, 92
7, 99, 77, 1, 92
7, 99, 77, 1, 92
7, 99, 77, 1, 92
7, 99, 77, 1, 92
7, 99, 77, 1, 92
7, 99, 77, 1, 92
7, 99, 77, 1, 92
