87, 99, 95, 0, 5
87, 99, 95, 0, 6
84, 99, 94, 0, 6
83, 99, 94, 0, 13
82, 99, 94, 0, 19
82, 99, 94, 0, 19
82, 99, 94, 0, 20
81, 99, 93, 0, 20
81, 99, 93, 0, 21
81, 99, 93, 0, 22
81, 99, 93, 0, 22
81, 99, 93, 0, 21
81, 99, 93, 0, 21
80, 100, 93, 0, 6
80, 99, 93, 0, 6
80, 99, 93, 0, 6
80, 99, 93, 0, 6
80, 99, 93, 0, 6
80, 99, 93, 0, 6
80, 99, 93, 0, 6
80, 99, 93, 0, 6
80, 99, 93, 0, 6
80, 100, 93, 0, 6
80, 100, 93, 0, 6
80, 99, 93, 0, 6
80, 99, 93, 0, 6
81, 99, 93, 0, 5
81, 99, 93, 0, 5
81, 99, 93, 0, 5
81, 99, 94, 0, 5
81, 99, 94, 0, 5
82, 99, 94, 0, 5
87, 99, 94, 0, 5
87, 100, 94, 0, 5
87, 99, 94, 0, 4
87, 99, 94, 0, 4
87, 100, 95, 0, 4
87, 100, 95, 0, 4
87, 100, 95, 0, 4
88, 99, 95, 0, 4
88, 99, 96, 0, 4
88, 100, 96, 0, 4
89, 99, 97, 0, 4
89, 99, 97, 0, 4
89, 99, 97, 0, 4
89, 100, 97, 0, 3
89, 99, 97, 0, 3
89, 99, 98, 0, 3
90, 99, 98, 0, 3
90, 99, 98, 0, 3
90, 99, 98, 0, 3
90, 99, 98, 0, 3
90, 100, 98, 0, 3
90, 100, 98, 0, 3
90, 100, 98, 0, 3
90, 99, 98, 0, 3
90, 99, 98, 0, 3
90, 99, 98, 0, 3
89, 99, 97, 0, 3
90, 99, 96, 0, 3
90, 99, 96, 0, 3
89, 99, 95, 0, 3
89, 99, 95, 0, 4
90, 99, 94, 0, 4
90, 99, 94, 0, 4
90, 99, 94, 0, 4
89, 99, 93, 0, 4
89, 99, 93, 0, 4
89, 99, 93, 0, 4
89, 99, 92, 0, 4
89, 99, 92, 0, 5
89, 99, 91, 0, 5
89, 99, 91, 1, 5
89, 99, 90, 1, 5
89, 99, 89, 1, 6
89, 99, 89, 1, 6
89, 99, 88, 1, 7
89, 98, 81, 1, 7
89, 98, 79, 1, 7
89, 98, 79, 1, 7
90, 98, 76, 1, 7
89, 98, 74, 1, 7
89, 98, 76, 1, 9
89, 98, 76, 1, 9
6, 98, 73, 1, 12
6, 98, 73, 1, 12
6, 98, 74, 1, 14
6, 98, 74, 1, 14
6, 98, 72, 1, 16
6, 98, 0, 1, 16
6, 98, 0, 1, 0
6, 98, 0, 1, 0
6, 98, 0, 1, 0
6, 98, 0, 1, 0
6, 98, 0, 1, 0
6, 98, 0, 1, 0
6, 98, 0, 1, 0
6, 98, 0, 1, 0
6, 98, 0, 1, 0
6, 98, 0, 1, 0
6, 98, 0, 1, 0
6, 98, 0, 1, 0
6, 98, 0, 1, 0
6, 98, 0, 1, 0
6, 98, 0, 1, 0
6, 98, 0, 1, 0
6, 98, 0, 1, 0
6, 98, 0, 1, 0
6, 98, 0, 1, 0
6, 98, 0, 1, 0
6, 98, 0, 1, 0
6, 98, 0, 1, 0
6, 98, 0, 1, 0
8, 98, 0, 1, 0
8, 98, 0, 1, 0
8, 98, 0, 1, 0
8, 98, 0, 1, 0
7, 98, 0, 1, 0
7, 98, 0, 1, 0
7, 98, 0, 1, 0
7, 98, 0, 1, 0
8, 98, 0, 1, 0
8, 98, 0, 1, 0
8, 98, 0, 1, 0
7, 98, 0, 1, 0
7, 98, 0, 1, 0
8, 98, 0, 1, 0
7, 98, 0, 1, 0
6, 98, 0, 1, 0
6, 98, 0, 1, 0
6, 98, 0, 1, 0
6, 98, 0, 1, 0
6, 98, 0, 1, 0
6, 98, 0, 1, 0
6, 98, 0, 1, 0
6, 98, 0, 1, 0
6, 98, 0, 1, 0
6, 98, 0, 1, 0
6, 98, 0, 1, 0
6, 98, 0, 1, 0
6, 98, 0, 1, 0
6, 98, 0, 1, 0
6, 98, 0, 1, 0
6, 98, 0, 1, 0
6, 99, 0, 1, 0
6, 99, 0, 1, 0
6, 99, 0, 1, 0
6, 99, 0, 1, 0
6, 99, 0, 1, 0
6, 99, 0, 1, 0
6, 99, 0, 1, 0
6, 99, 0, 1, 0
6, 99, 0, 1, 0
6, 99, 0, 1, 0
6, 99, 0, 1, 0
6, 99, 0, 1, 0
6, 99, 0, 1, 0
6, 98, 0, 1, 0
6, 98, 0, 1, 0
6, 98, 0, 1, 0
6, 98, 0, 1, 0
6, 98, 0, 1, 0
6, 98, 57, 1, 0
6, 98, 68, 1, 0
6, 98, 68, 0, 0
6, 98, 69, 1, 0
6, 98, 69, 1, 13
89, 98, 70, 1, 11
89, 98, 71, 1, 8
89, 98, 70, 1, 7
93, 98, 77, 1, 4
94, 98, 77, 1, 4
96, 98, 78, 1, 3
96, 98, 78, 1, 3
96, 98, 78, 1, 3
96, 98, 79, 1, 3
97, 98, 80, 1, 2
97, 98, 78, 1, 2
98, 98, 74, 1, 2
98, 98, 82, 1, 2
99, 98, 83, 1, 2
99, 98, 83, 1, 2
99, 98, 83, 1, 2
99, 98, 83, 1, 2
99, 99, 88, 1, 2
99, 99, 88, 1, 2
99, 99, 91, 1, 2
99, 99, 92, 1, 1
99, 99, 93, 1, 1
99, 99, 94, 1, 1
99, 99, 95, 1, 1
99, 99, 95, 1, 1
99, 99, 97, 1, 1
99, 99, 97, 1, 1
99, 99, 98, 1, 1
99, 99, 98, 0, 1
99, 99, 98, 1, 1
99, 99, 98, 0, 1
99, 99, 98, 1, 1
99, 99, 98, 1, 1
99, 99, 98, 1, 1
99, 99, 98, 1, 1
99, 99, 98, 1, 1
99, 99, 98, 1, 1
99, 99, 98, 1, 1
99, 99, 98, 1, 1
99, 99, 98, 1, 1
99, 99, 98, 1, 1
99, 99, 98, 1, 1
99, 99, 98, 1, 1
98, 99, 98, 0, 1
98, 99, 98, 0, 1
98, 99, 98, 0, 1
96, 99, 98, 0, 1
94, 99, 98, 0, 1
93, 99, 98, 0, 1
91, 100, 98, 0, 1
91, 99, 98, 0, 1
88, 99, 98, 0, 1
88, 99, 98, 0, 1
87, 100, 98, 0, 1
85, 99, 98, 0, 1
85, 99, 98, 0, 1
85, 100, 98, 0, 2
81, 99, 98, 0, 2
81, 99, 98, 0, 2
79, 100, 98, 0, 2
77, 100, 98, 0, 2
77, 100, 98, 0, 2
74, 99, 98, 0, 3
36, 100, 98, 0, 3
36, 99, 98, 0, 3
5, 99, 98, 0, 4
3, 99, 98, 0, 4
1, 100, 95, 0, 4
1, 100, 95, 0, 5
0, 99, 92, 0, 5
0, 99, 92, 0, 5
0, 99, 91, 0, 6
0, 99, 91, 0, 6
0, 100, 85, 0, 7
0, 100, 87, 0, 8
0, 99, 82, 0, 8
0, 99, 75, 0, 8
0, 100, 70, 0, 9
0, 99, 73, 0, 9
0, 99, 72, 0, 10
0, 99, 73, 0, 11
0, 99, 73, 0, 11
0, 99, 73, 0, 12
0, 100, 70, 0, 18
0, 100, 70, 0, 18
0, 99, 70, 0, 19
0, 99, 63, 0, 55
0, 99, 63, 0, 56
0, 99, 60, 0, 57
0, 99, 63, 0, 66
0, 99, 68, 0, 67
0, 100, 66, 0, 72
0, 99, 65, 0, 72
0, 99, 64, 0, 73
0, 99, 61, 0, 74
0, 99, 61, 0, 88
0, 99, 57, 0, 92
0, 99, 57, 0, 92
0, 99, 53, 0, 97
0, 99, 53, 0, 97
0, 100, 53, 0, 97
0, 100, 53, 0, 97
0, 100, 53, 0, 97
0, 99, 53, 0, 98
0, 99, 53, 0, 98
0, 100, 52, 0, 98
0, 99, 52, 0, 98
0, 99, 52, 0, 98
0, 99, 52, 0, 98
0, 100, 52, 0, 98
0, 100, 52, 0, 98
0, 99, 52, 0, 98
0, 100, 51, 0, 98
1, 100, 50, 0, 99
1, 99, 50, 0, 99
2, 100, 50, 0, 99
2, 99, 50, 0, 99
2, 99, 50, 0, 99
2, 99, 51, 0, 99
2, 99, 50, 0, 99
3, 99, 48, 0, 99
3, 99, 48, 0, 99
3, 99, 45, 0, 99
3, 99, 45, 0, 99
3, 99, 45, 0, 99
3, 99, 42, 0, 99
4, 99, 0, 0, 99
4, 99, 0, 0, 99
4, 100, 0, 0, 99
5, 100, 0, 0, 99
5, 99, 0, 0, 99
6, 99, 0, 0, 99
6, 99, 0, 0, 99
6, 99, 0, 0, 99
7, 99, 0, 0, 99
7, 99, 0, 0, 99
8, 99, 0, 0, 99
27, 99, 1, 0, 99
27, 99, 1, 0, 99
27, 99, 0, 0, 99
7, 99, 0, 0, 99
7, 99, 0, 0, 99
7, 99, 0, 0, 99
7, 99, 0, 0, 99
7, 99, 0, 0, 99
7, 99, 0, 0, 99
7, 99, 0, 0, 99
7, 99, 0, 0, 99
7, 99, 0, 0, 99
7, 99, 0, 0, 99
7, 99, 0, 0, 99
7, 99, 0, 0, 99
7, 99, 0, 0, 99
7, 99, 0, 0, 99
7, 99, 0, 0, 99
7, 99, 0, 0, 99
7, 99, 0, 0, 99
7, 99, 0, 0, 99
7, 99, 0, 0, 98
7, 99, 0, 0, 98
7, 99, 0, 0, 97
7, 99, 0, 0, 97
7, 99, 0, 0, 97
7, 99, 0, 1, 96
7, 99, 0, 1, 94
7, 99, 0, 1, 94
7, 99, 0, 1, 86
7, 99, 0, 1, 85
7, 99, 0, 1, 86
6, 99, 0, 1, 0
6, 99, 0, 1, 0
6, 99, 0, 1, 0
6, 99, 0, 1, 0
6, 99, 0, 1, 0
6, 99, 0, 1, 0
6, 99, 0, 1, 0
6, 99, 0, 1, 0
6, 98, 0, 1, 0
6, 98, 0, 1, 0
6, 98, 0, 1, 0
6, 98, 0, 1, 0
6, 98, 0, 1, 0
6, 98, 0, 1, 0
6, 98, 0, 1, 0
6, 98, 0, 1, 0
6, 98, 0, 1, 0
6, 98, 0, 1, 0
6, 98, 0, 1, 0
6, 98, 0, 1, 0
6, 98, 0, 1, 0
6, 98, 0, 1, 0
6, 98, 0, 1, 0
6, 98, 0, 1, 0
6, 98, 0, 1, 0
6, 98, 0, 1, 0
6, 98, 0, 1, 0
6, 98, 0, 1, 0
6, 98, 0, 1, 0
6, 98, 0, 1, 0
6, 98, 0, 1, 0
6, 98, 0, 1, 0
6, 98, 0, 1, 0
6, 98, 0, 1, 0
6, 98, 0, 1, 0
6, 98, 0, 1, 0
6, 98, 0, 1, 0
6, 98, 0, 1, 0
6, 98, 0, 1, 0
6, 98, 0, 1, 0
6, 98, 0, 1, 0
6, 98, 0, 1, 0
6, 98, 0, 1, 0
6, 98, 0, 1, 0
6, 98, 0, 1, 0
6, 98, 0, 1, 0
6, 98, 0, 1, 0
6, 98, 0, 1, 0
6, 98, 0, 1, 0
6, 98, 0, 1, 0
6, 99, 0, 1, 0
6, 99, 0, 1, 0
6, 99, 0, 1, 0
6, 99, 0, 1, 0
6, 99, 0, 1, 0
6, 99, 0, 1, 0
6, 99, 0, 1, 0
6, 99, 0, 1, 0
6, 99, 0, 1, 0
6, 99, 0, 1, 0
6, 99, 0, 1, 0
6, 99, 0, 1, 0
6, 99, 0, 1, 0
6, 99, 0, 1, 0
6, 99, 0, 1, 0
6, 99, 0, 1, 0
6, 99, 0, 1, 0
6, 99, 0, 1, 0
6, 99, 0, 1, 0
6, 99, 0, 1, 0
6, 99, 0, 1, 0
6, 99, 0, 1, 0
6, 99, 0, 1, 0
6, 99, 0, 1, 0
6, 99, 0, 1, 0
6, 99, 0, 1, 0
6, 99, 0, 1, 0
6, 99, 0, 1, 0
6, 99, 0, 1, 0
6, 99, 0, 1, 0
6, 99, 0, 1, 0
6, 99, 0, 1, 0
6, 99, 0, 1, 0
6, 99, 0, 1, 0
6, 99, 0, 1, 0
6, 99, 71, 1, 0
6, 99, 71, 1, 0
6, 99, 74, 1, 12
89, 99, 76, 1, 8
88, 99, 77, 1, 5
92, 98, 77, 1, 2
92, 98, 77, 1, 2
95, 99, 87, 1, 2
95, 99, 87, 1, 2
95, 99, 88, 1, 1
95, 99, 88, 1, 1
97, 99, 92, 0, 1
97, 99, 93, 1, 1
97, 99, 94, 1, 1
97, 99, 96, 1, 1
97, 99, 95, 1, 1
98, 99, 95, 1, 1
98, 99, 95, 0, 1
98, 99, 96, 1, 1
99, 99, 97, 1, 1
99, 99, 97, 1, 1
99, 99, 97, 1, 1
99, 99, 97, 1, 1
99, 99, 97, 0, 0
99, 99, 97, 1, 0
99, 99, 97, 1, 0
99, 99, 98, 0, 0
99, 99, 98, 1, 0
99, 99, 98, 0, 0
99, 99, 99, 0, 0
99, 99, 99, 0, 0
99, 99, 99, 0, 0
99, 99, 99, 0, 0
99, 99, 99, 0, 0
99, 99, 99, 0, 0
99, 99, 99, 0, 1
99, 99, 99, 0, 1
99, 99, 99, 0, 1
99, 99, 99, 0, 1
99, 99, 99, 0, 1
99, 99, 99, 0, 1
98, 99, 99, 0, 1
96, 99, 99, 0, 1
94, 99, 99, 0, 1
94, 99, 99, 0, 1
91, 99, 99, 0, 1
90, 99, 99, 0, 1
89, 99, 99, 0, 1
86, 99, 98, 0, 1
85, 99, 98, 0, 1
85, 99, 98, 0, 1
83, 99, 98, 0, 1
83, 99, 98, 0, 1
79, 99, 98, 0, 2
78, 99, 98, 0, 2
78, 99, 98, 0, 2
75, 100, 98, 0, 2
74, 99, 98, 0, 2
73, 99, 98, 0, 2
13, 99, 98, 0, 3
7, 99, 98, 0, 4
1, 99, 96, 0, 5
1, 99, 96, 0, 5
1, 99, 96, 0, 6
2, 99, 91, 0, 7
1, 99, 89, 0, 7
0, 99, 86, 0, 8
0, 99, 86, 0, 8
0, 100, 76, 0, 9
0, 100, 76, 0, 9
0, 99, 71, 0, 9
0, 99, 71, 0, 9
0, 99, 66, 0, 32
0, 99, 66, 0, 42
0, 99, 63, 0, 45
0, 99, 66, 0, 56
0, 99, 63, 0, 58
0, 99, 62, 0, 71
0, 99, 62, 0, 72
0, 99, 59, 0, 73
0, 99, 66, 0, 89
0, 99, 66, 0, 90
0, 100, 62, 0, 93
0, 100, 62, 0, 93
0, 100, 60, 0, 94
0, 100, 57, 0, 97
0, 100, 55, 0, 97
0, 100, 55, 0, 98
0, 99, 53, 0, 98
0, 99, 53, 0, 98
0, 100, 53, 0, 98
0, 100, 53, 0, 98
0, 100, 53, 0, 98
0, 99, 52, 0, 98
0, 100, 52, 0, 98
0, 100, 52, 0, 98
2, 99, 51, 0, 98
2, 99, 51, 0, 98
2, 100, 51, 0, 98
2, 99, 47, 0, 98
3, 100, 0, 0, 99
3, 100, 0, 0, 99
3, 99, 0, 0, 99
3, 99, 0, 0, 99
3, 99, 0, 0, 99
3, 99, 0, 0, 99
3, 99, 0, 0, 99
4, 99, 0, 0, 99
4, 99, 0, 0, 99
4, 99, 0, 0, 99
5, 99, 0, 0, 99
5, 99, 0, 0, 99
5, 99, 0, 0, 99
5, 99, 0, 0, 99
5, 99, 0, 0, 99
6, 99, 0, 0, 99
6, 99, 0, 0, 99
7, 99, 0, 0, 99
7, 99, 0, 0, 99
7, 99, 0, 0, 99
7, 99, 0, 0, 99
7, 99, 0, 0, 99
8, 99, 0, 0, 99
99, 0, 0, 99, 9
26, 99, 1, 0, 99
26, 99, 1, 0, 99
26, 99, 1, 0, 99
26, 99, 1, 0, 99
26, 99, 1, 0, 99
26, 99, 1, 0, 99
26, 99, 1, 0, 99
26, 99, 1, 0, 99
26, 99, 1, 0, 99
7, 99, 0, 0, 99
7, 99, 0, 0, 99
7, 99, 0, 0, 99
7, 99, 0, 0, 99
7, 99, 0, 0, 99
7, 99, 0, 0, 99
7, 99, 0, 0, 99
7, 99, 0, 0, 99
7, 99, 0, 0, 99
7, 99, 0, 0, 98
7, 99, 0, 0, 98
7, 99, 0, 0, 97
7, 99, 0, 0, 97
7, 99, 0, 0, 97
7, 99, 0, 0, 96
7, 99, 0, 1, 86
7, 99, 0, 1, 86
7, 99, 0, 1, 86
7, 99, 0, 1, 86
6, 99, 0, 1, 0
6, 99, 0, 1, 0
6, 99, 0, 1, 0
6, 99, 0, 1, 0
6, 99, 0, 1, 0
6, 99, 0, 1, 0
6, 99, 0, 1, 0
6, 98, 0, 1, 0
6, 98, 0, 1, 0
6, 98, 0, 1, 0
6, 98, 0, 1, 0
6, 98, 0, 1, 0
6, 98, 0, 1, 0
6, 98, 0, 1, 0
6, 98, 0, 1, 0
6, 98, 0, 1, 0
6, 98, 0, 1, 0
6, 98, 0, 1, 0
6, 98, 0, 1, 0
6, 98, 0, 1, 0
6, 98, 0, 1, 0
6, 98, 0, 1, 0
6, 98, 0, 1, 0
6, 98, 0, 1, 0
6, 98, 0, 1, 0
6, 98, 0, 1, 0
6, 98, 0, 1, 0
6, 98, 0, 1, 0
6, 98, 0, 1, 0
6, 98, 0, 1, 0
6, 98, 0, 1, 0
6, 98, 0, 1, 0
6, 98, 0, 1, 0
6, 98, 0, 1, 0
6, 98, 0, 1, 0
6, 98, 0, 1, 0
6, 98, 0, 1, 0
6, 98, 0, 1, 0
6, 98, 0, 1, 0
6, 98, 0, 1, 0
6, 98, 0, 1, 0
6, 98, 0, 1, 0
6, 98, 0, 1, 0
6, 98, 0, 1, 0
6, 98, 0, 1, 0
6, 98, 0, 1, 0
6, 98, 0, 1, 0
6, 98, 0, 1, 0
6, 98, 0, 1, 0
6, 98, 0, 1, 0
6, 98, 0, 1, 0
6, 98, 0, 1, 0
6, 98, 0, 1, 0
6, 98, 0, 1, 0
6, 98, 0, 1, 0
6, 98, 0, 1, 0
6, 98, 0, 1, 0
6, 98, 0, 1, 0
6, 98, 0, 1, 0
6, 98, 0, 1, 0
6, 98, 0, 1, 0
6, 98, 0, 1, 0
6, 98, 0, 1, 0
6, 98, 0, 1, 0
6, 98, 0, 1, 0
6, 98, 0, 1, 0
6, 98, 0, 1, 0
6, 98, 0, 1, 0
6, 99, 0, 1, 0
6, 99, 0, 1, 0
6, 99, 0, 1, 0
6, 99, 0, 1, 0
6, 99, 0, 1, 0
6, 99, 0, 1, 0
6, 99, 0, 1, 0
6, 99, 0, 1, 0
6, 99, 0, 1, 0
6, 99, 0, 1, 0
6, 99, 0, 1, 0
6, 99, 0, 1, 0
6, 99, 0, 1, 0
6, 99, 0, 1, 0
6, 99, 58, 1, 0
6, 99, 71, 1, 0
6, 99, 71, 1, 0
89, 99, 77, 1, 10
89, 98, 78, 1, 7
89, 98, 78, 1, 7
89, 98, 77, 1, 5
90, 98, 77, 1, 4
90, 98, 77, 1, 4
92, 98, 77, 1, 3
93, 98, 75, 1, 3
94, 98, 78, 1, 3
94, 98, 78, 1, 3
94, 98, 81, 1, 2
95, 98, 86, 1, 2
96, 98, 87, 1, 2
96, 98, 87, 1, 2
96, 98, 89, 1, 2
96, 98, 89, 1, 2
98, 99, 92, 1, 1
99, 99, 94, 1, 1
99, 99, 95, 1, 1
99, 99, 97, 1, 1
99, 99, 97, 1, 1
99, 99, 97, 1, 1
99, 99, 97, 0, 1
99, 99, 97, 1, 1
99, 99, 98, 1, 1
99, 99, 98, 1, 1
99, 99, 98, 0, 1
99, 99, 98, 0, 1
99, 99, 98, 0, 1
99, 99, 98, 0, 1
99, 99, 98, 0, 1
99, 99, 98, 0, 1
99, 99, 98, 0, 1
99, 99, 98, 0, 1
99, 99, 98, 0, 1
98, 99, 99, 0, 1
98, 99, 99, 0, 1
97, 99, 99, 0, 1
96, 99, 99, 0, 1
96, 99, 99, 0, 1
94, 99, 99, 0, 1
94, 99, 99, 0, 1
94, 99, 99, 0, 1
95, 99, 99, 0, 1
95, 99, 99, 0, 1
94, 99, 99, 0, 1
94, 99, 99, 0, 1
94, 99, 99, 0, 1
92, 100, 99, 0, 1
92, 99, 99, 0, 1
90, 99, 99, 0, 1
90, 99, 99, 0, 1
89, 99, 99, 0, 1
89, 99, 99, 0, 1
88, 100, 99, 0, 2
87, 99, 98, 0, 2
83, 99, 98, 0, 2
80, 99, 98, 0, 2
80, 99, 98, 0, 2
78, 100, 98, 0, 2
77, 99, 98, 0, 2
76, 99, 98, 0, 2
74, 99, 98, 0, 2
73, 99, 98, 0, 2
13, 99, 98, 0, 3
8, 100, 98, 0, 3
5, 99, 98, 0, 4
1, 99, 97, 0, 4
1, 100, 97, 0, 4
1, 100, 97, 0, 4
0, 99, 94, 0, 6
0, 99, 93, 0, 6
0, 99, 84, 0, 8
0, 99, 83, 0, 8
0, 100, 82, 0, 8
0, 99, 78, 0, 9
0, 100, 66, 0, 9
0, 99, 63, 0, 9
0, 100, 68, 0, 15
0, 99, 60, 0, 15
0, 99, 61, 0, 51
0, 100, 65, 0, 54
0, 100, 63, 0, 56
0, 99, 67, 0, 69
0, 99, 67, 0, 72
0, 100, 65, 0, 72
0, 99, 66, 0, 73
0, 100, 66, 0, 87
0, 100, 62, 0, 94
0, 99, 61, 0, 95
0, 100, 61, 0, 97
0, 100, 56, 0, 97
0, 100, 55, 0, 97
0, 100, 55, 0, 97
0, 100, 53, 0, 98
0, 100, 53, 0, 98
0, 100, 54, 0, 98
0, 99, 53, 0, 98
0, 100, 53, 0, 98
0, 100, 53, 0, 98
1, 100, 53, 0, 98
1, 100, 53, 0, 98
2, 99, 0, 0, 98
2, 100, 0, 0, 98
2, 100, 0, 0, 98
3, 99, 0, 0, 98
3, 99, 0, 0, 98
3, 100, 0, 0, 98
3, 100, 0, 0, 98
4, 100, 0, 0, 98
4, 99, 0, 0, 99
4, 99, 0, 0, 99
5, 99, 0, 0, 99
5, 99, 0, 0, 99
6, 99, 0, 0, 99
6, 99, 0, 0, 99
6, 99, 0, 0, 99
6, 99, 0, 0, 99
7, 99, 0, 0, 99
99, 0, 0, 99, 9
99, 0, 0, 99, 9
26, 99, 0, 0, 99
26, 99, 1, 0, 99
6, 98, 0, 1, 0
6, 98, 0, 1, 0
6, 98, 0, 1, 0
6, 98, 0, 1, 0
6, 98, 0, 1, 0
6, 98, 0, 1, 0
6, 98, 0, 1, 0
6, 98, 0, 1, 0
6, 98, 0, 1, 0
6, 98, 0, 1, 0
6, 98, 0, 1, 0
6, 98, 0, 1, 0
5, 98, 0, 1, 0
5, 98, 0, 1, 0
5, 98, 0, 1, 0
6, 98, 0, 1, 0
6, 98, 0, 1, 0
6, 98, 0, 1, 0
6, 98, 0, 1, 0
6, 98, 0, 1, 0
6, 98, 0, 1, 0
6, 98, 0, 1, 0
6, 99, 0, 1, 0
6, 99, 0, 1, 0
6, 99, 0, 1, 0
6, 99, 0, 1, 0
6, 99, 0, 1, 0
6, 99, 0, 1, 0
6, 99, 0, 1, 0
6, 99, 0, 1, 0
6, 99, 0, 1, 0
6, 99, 0, 1, 0
6, 99, 0, 1, 0
6, 99, 0, 1, 0
6, 99, 0, 1, 0
6, 99, 0, 1, 0
6, 99, 0, 1, 0
6, 99, 0, 1, 0
6, 99, 0, 1, 0
6, 98, 0, 1, 0
6, 99, 0, 1, 0
6, 98, 0, 1, 0
6, 98, 0, 1, 0
6, 98, 0, 1, 0
6, 99, 73, 1, 0
6, 99, 74, 1, 11
6, 99, 75, 1, 13
88, 98, 78, 1, 7
88, 98, 78, 1, 7
88, 98, 78, 1, 5
91, 98, 76, 1, 3
92, 98, 83, 1, 3
94, 98, 87, 1, 2
94, 98, 87, 1, 2
94, 98, 87, 1, 2
94, 98, 88, 1, 2
94, 98, 89, 1, 2
94, 98, 89, 1, 2
95, 98, 91, 1, 2
95, 98, 91, 1, 2
96, 99, 95, 1, 2
96, 99, 96, 1, 2
96, 99, 97, 1, 1
96, 99, 97, 1, 1
97, 99, 97, 1, 1
97, 99, 97, 1, 1
99, 99, 98, 0, 1
99, 99, 98, 0, 1
99, 99, 98, 0, 1
99, 99, 98, 0, 1
99, 99, 98, 0, 1
99, 99, 98, 0, 1
99, 99, 98, 0, 1
99, 99, 98, 0, 1
99, 99, 98, 0, 1
99, 99, 98, 0, 1
99, 99, 99, 0, 1
99, 99, 99, 0, 1
99, 99, 99, 0, 1
99, 99, 99, 0, 1
99, 99, 99, 0, 1
99, 99, 99, 0, 1
96, 99, 99, 0, 1
95, 99, 99, 0, 1
93, 99, 99, 0, 1
92, 99, 99, 0, 1
92, 99, 99, 0, 1
92, 99, 99, 0, 1
92, 99, 99, 0, 1
91, 99, 99, 0, 1
90, 99, 99, 0, 1
90, 99, 99, 0, 1
88, 99, 98, 0, 2
88, 99, 98, 0, 2
88, 100, 98, 0, 2
88, 99, 98, 0, 2
87, 100, 98, 0, 2
82, 99, 98, 0, 2
82, 99, 98, 0, 2
81, 99, 98, 0, 3
80, 99, 98, 0, 3
79, 99, 98, 0, 4
79, 99, 98, 0, 4
26, 99, 98, 0, 4
23, 99, 98, 0, 4
23, 99, 98, 0, 5
8, 99, 97, 0, 6
7, 99, 97, 0, 6
4, 99, 95, 0, 7
4, 99, 95, 0, 8
1, 100, 95, 0, 8
1, 99, 92, 0, 8
1, 99, 89, 0, 8
1, 99, 87, 0, 8
0, 100, 83, 0, 9
0, 100, 82, 0, 9
0, 100, 82, 0, 9
0, 100, 82, 0, 9
0, 100, 81, 0, 9
0, 100, 80, 0, 10
0, 100, 80, 0, 10
0, 100, 80, 0, 10
0, 99, 74, 0, 10
0, 100, 73, 0, 10
0, 99, 62, 0, 11
0, 100, 62, 0, 11
0, 100, 62, 0, 11
0, 100, 62, 0, 11
0, 99, 62, 0, 11
0, 100, 61, 0, 11
0, 100, 57, 0, 13
0, 100, 62, 0, 14
0, 100, 63, 0, 15
2, 99, 70, 0, 17
2, 99, 70, 0, 17
2, 99, 68, 0, 17
6, 99, 73, 0, 0
6, 99, 74, 0, 0
6, 99, 74, 0, 0
6, 99, 70, 0, 0
6, 99, 63, 0, 0
6, 99, 61, 0, 0
5, 99, 0, 0, 0
6, 99, 0, 0, 0
99, 0, 0, 0, 9
99, 0, 0, 0, 9
99, 0, 0, 0, 9
99, 0, 1, 0, 9
99, 0, 1, 0, 9
99, 0, 1, 0, 9
6, 99, 0, 1, 0
6, 99, 0, 1, 0
6, 99, 0, 1, 0
6, 99, 0, 1, 0
6, 99, 0, 1, 0
6, 99, 0, 1, 0
6, 99, 0, 1, 0
6, 99, 0, 1, 0
6, 99, 0, 1, 0
6, 99, 0, 1, 0
6, 99, 0, 1, 0
6, 99, 0, 1, 0
6, 99, 0, 1, 0
6, 99, 0, 1, 0
6, 99, 0, 1, 0
6, 99, 0, 1, 0
6, 99, 0, 1, 0
6, 99, 0, 1, 0
6, 99, 0, 1, 0
6, 99, 0, 1, 0
6, 99, 0, 1, 0
6, 99, 0, 1, 0
6, 99, 0, 1, 0
6, 99, 0, 1, 0
6, 99, 0, 1, 0
6, 99, 0, 1, 0
6, 99, 0, 1, 0
6, 99, 0, 1, 0
6, 99, 0, 1, 0
6, 99, 0, 1, 0
6, 99, 0, 1, 0
6, 99, 0, 1, 0
6, 99, 0, 1, 0
6, 99, 0, 1, 0
6, 99, 0, 1, 0
6, 99, 0, 1, 0
6, 99, 0, 1, 0
6, 99, 0, 1, 0
6, 99, 0, 1, 0
6, 99, 0, 1, 0
6, 99, 0, 1, 0
6, 98, 0, 1, 0
6, 98, 0, 1, 0
6, 98, 0, 1, 0
6, 98, 0, 1, 0
6, 98, 0, 1, 0
6, 98, 0, 1, 0
6, 98, 0, 1, 0
6, 98, 0, 1, 0
6, 98, 0, 1, 0
6, 98, 0, 1, 0
6, 98, 0, 1, 0
6, 98, 0, 1, 0
6, 98, 0, 1, 0
6, 98, 0, 1, 0
6, 98, 0, 1, 0
6, 98, 0, 1, 0
6, 98, 0, 1, 0
6, 98, 0, 1, 0
6, 98, 0, 1, 0
6, 98, 0, 1, 0
6, 98, 0, 1, 0
6, 98, 0, 1, 0
6, 98, 0, 1, 0
6, 98, 0, 1, 0
5, 98, 0, 1, 0
6, 98, 0, 1, 0
6, 98, 0, 1, 0
6, 98, 0, 1, 0
5, 98, 77, 1, 0
5, 98, 77, 1, 0
6, 98, 74, 1, 0
89, 98, 75, 1, 10
89, 98, 75, 1, 9
89, 98, 77, 1, 7
89, 98, 77, 1, 7
90, 98, 78, 1, 7
92, 98, 74, 1, 4
92, 98, 69, 1, 4
93, 98, 66, 1, 4
94, 98, 74, 1, 3
94, 98, 76, 1, 4
95, 98, 85, 1, 3
95, 98, 84, 1, 3
95, 98, 85, 1, 3
95, 98, 85, 1, 3
96, 98, 85, 1, 3
96, 98, 84, 1, 3
96, 98, 83, 1, 2
96, 98, 88, 1, 2
96, 98, 91, 1, 2
96, 99, 92, 1, 2
96, 99, 93, 1, 2
97, 99, 94, 1, 2
97, 99, 95, 1, 2
97, 99, 96, 1, 2
98, 99, 97, 1, 2
99, 99, 97, 1, 2
99, 99, 97, 1, 1
99, 99, 98, 1, 1
99, 99, 98, 1, 1
99, 99, 98, 1, 1
99, 99, 98, 1, 1
99, 99, 98, 1, 1
99, 99, 98, 0, 1
99, 99, 98, 0, 1
99, 99, 98, 0, 1
99, 99, 98, 1, 1
99, 99, 98, 0, 1
99, 99, 98, 0, 1
99, 99, 98, 0, 1
99, 99, 98, 1, 1
99, 99, 98, 1, 1
99, 99, 98, 0, 1
99, 99, 98, 0, 1
99, 99, 99, 0, 1
99, 99, 99, 0, 1
99, 99, 99, 0, 1
99, 99, 99, 0, 1
99, 99, 98, 0, 1
99, 99, 99, 0, 1
99, 99, 99, 0, 1
99, 99, 99, 0, 1
99, 99, 99, 0, 1
99, 99, 99, 0, 1
98, 99, 99, 0, 1
98, 99, 99, 0, 1
98, 99, 99, 0, 1
96, 99, 98, 0, 1
96, 100, 98, 0, 1
94, 99, 98, 0, 1
94, 100, 98, 0, 1
94, 99, 98, 0, 1
93, 99, 98, 0, 2
93, 99, 98, 0, 2
93, 99, 98, 0, 2
92, 99, 98, 0, 2
92, 99, 98, 0, 2
90, 100, 98, 0, 2
90, 99, 98, 0, 2
89, 99, 98, 0, 2
86, 99, 98, 0, 2
86, 99, 98, 0, 2
82, 99, 98, 0, 3
82, 99, 98, 0, 3
82, 99, 98, 0, 3
80, 99, 98, 0, 4
79, 99, 97, 0, 4
78, 99, 97, 0, 4
77, 99, 95, 0, 5
76, 99, 94, 0, 5
75, 99, 93, 0, 5
28, 99, 87, 0, 6
28, 99, 87, 0, 7
6, 99, 82, 0, 28
6, 99, 82, 0, 29
6, 99, 79, 0, 29
1, 99, 72, 0, 35
1, 99, 72, 0, 36
1, 99, 70, 0, 36
1, 99, 69, 0, 56
1, 99, 69, 0, 61
0, 100, 68, 0, 71
0, 99, 65, 0, 72
0, 99, 69, 0, 87
0, 99, 69, 0, 87
0, 99, 70, 0, 87
0, 99, 71, 0, 88
0, 99, 71, 0, 90
0, 99, 71, 0, 91
0, 99, 70, 0, 93
0, 99, 68, 0, 93
0, 99, 67, 0, 94
0, 100, 69, 0, 95
0, 99, 70, 0, 95
0, 100, 71, 0, 95
0, 100, 68, 0, 95
0, 100, 68, 0, 96
0, 100, 64, 0, 96
0, 100, 64, 0, 96
0, 100, 64, 0, 97
0, 100, 60, 0, 97
0, 99, 59, 0, 97
0, 99, 58, 0, 98
0, 99, 54, 0, 98
0, 100, 54, 0, 98
0, 99, 54, 0, 98
0, 100, 53, 0, 99
0, 100, 53, 0, 99
0, 99, 54, 0, 99
0, 99, 54, 0, 99
0, 99, 54, 0, 99
0, 99, 54, 0, 99
0, 99, 54, 0, 99
0, 99, 52, 0, 99
0, 99, 52, 0, 99
0, 99, 52, 0, 99
1, 99, 52, 0, 99
2, 99, 52, 0, 99
2, 99, 52, 0, 99
2, 99, 48, 0, 99
2, 99, 48, 0, 99
3, 99, 46, 0, 99
3, 100, 0, 0, 99
3, 99, 0, 0, 99
3, 99, 0, 0, 99
3, 99, 0, 0, 99
3, 99, 0, 0, 99
4, 99, 0, 0, 99
4, 99, 0, 0, 99
5, 99, 0, 0, 99
5, 99, 0, 0, 99
5, 99, 0, 0, 99
7, 99, 0, 0, 99
7, 100, 0, 0, 99
7, 100, 0, 0, 99
99, 0, 0, 99, 9
27, 99, 1, 0, 99
8, 99, 0, 0, 99
8, 99, 0, 0, 99
7, 99, 0, 0, 99
8, 99, 0, 0, 98
8, 99, 0, 0, 98
8, 99, 0, 0, 98
8, 99, 0, 0, 97
8, 99, 0, 0, 97
8, 99, 0, 0, 86
8, 99, 0, 0, 86
8, 99, 0, 0, 85
8, 99, 0, 0, 85
8, 99, 0, 0, 85
8, 99, 0, 0, 85
7, 99, 0, 0, 0
7, 99, 0, 0, 0
7, 99, 0, 1, 0
7, 99, 0, 1, 0
7, 99, 0, 1, 0
7, 99, 0, 1, 0
7, 99, 0, 1, 0
7, 99, 0, 0, 0
7, 99, 0, 0, 0
7, 99, 0, 0, 0
7, 99, 0, 1, 0
7, 99, 0, 1, 0
7, 99, 0, 1, 0
7, 99, 0, 1, 0
7, 98, 0, 1, 0
7, 98, 0, 1, 0
7, 98, 0, 1, 0
7, 98, 0, 1, 0
7, 98, 0, 1, 0
7, 98, 0, 1, 0
7, 98, 0, 1, 0
7, 98, 0, 1, 0
7, 98, 0, 1, 0
7, 98, 0, 1, 0
7, 98, 0, 1, 0
7, 98, 0, 1, 0
7, 98, 0, 1, 0
7, 98, 0, 1, 0
7, 98, 0, 1, 0
7, 98, 0, 1, 0
7, 98, 0, 1, 0
7, 98, 0, 1, 0
7, 98, 0, 1, 0
7, 98, 0, 1, 0
7, 98, 0, 1, 0
7, 98, 0, 1, 0
7, 98, 0, 1, 0
7, 98, 0, 1, 0
7, 98, 0, 1, 0
7, 98, 0, 1, 0
7, 98, 0, 1, 0
7, 98, 0, 1, 0
7, 98, 0, 1, 0
7, 99, 0, 1, 0
7, 98, 0, 1, 0
7, 99, 0, 1, 0
7, 99, 0, 1, 0
7, 99, 0, 1, 0
7, 99, 0, 1, 0
7, 99, 0, 1, 0
7, 99, 0, 1, 0
7, 99, 0, 1, 0
7, 99, 0, 1, 0
7, 99, 0, 1, 0
7, 99, 0, 1, 0
7, 99, 0, 1, 0
7, 99, 0, 1, 0
7, 99, 0, 1, 0
7, 99, 0, 1, 0
7, 99, 0, 1, 0
7, 99, 0, 1, 0
7, 99, 0, 1, 0
7, 99, 0, 1, 0
7, 99, 0, 1, 0
7, 99, 0, 1, 0
7, 99, 0, 1, 0
7, 99, 0, 1, 0
7, 99, 0, 1, 0
7, 99, 0, 1, 0
7, 99, 0, 1, 0
7, 99, 0, 1, 0
7, 99, 0, 1, 0
7, 99, 0, 1, 0
7, 99, 0, 1, 0
7, 99, 0, 1, 0
7, 99, 0, 1, 0
7, 99, 0, 1, 0
7, 99, 0, 1, 0
7, 99, 0, 1, 0
7, 99, 0, 1, 0
7, 99, 0, 1, 0
7, 99, 0, 1, 0
7, 99, 0, 1, 0
7, 99, 0, 1, 0
7, 99, 0, 1, 0
7, 99, 0, 1, 0
7, 99, 0, 1, 0
7, 99, 0, 1, 0
7, 99, 0, 1, 0
7, 99, 0, 1, 0
7, 99, 0, 1, 0
7, 99, 0, 1, 0
7, 99, 0, 1, 0
7, 99, 62, 1, 0
7, 99, 71, 1, 0
7, 99, 71, 1, 0
7, 98, 75, 1, 10
89, 98, 77, 1, 8
89, 98, 76, 1, 5
90, 98, 76, 1, 4
90, 98, 71, 1, 4
93, 98, 68, 1, 3
94, 98, 71, 1, 2
95, 98, 72, 1, 2
96, 98, 76, 1, 2
96, 98, 72, 1, 2
97, 98, 84, 1, 2
97, 98, 85, 1, 2
97, 98, 85, 1, 2
97, 98, 86, 1, 1
97, 98, 86, 1, 1
98, 98, 85, 1, 1
99, 99, 86, 1, 1
99, 99, 90, 1, 1
99, 99, 90, 1, 1
99, 99, 90, 1, 1
99, 99, 90, 1, 1
99, 99, 92, 1, 1
99, 99, 92, 1, 1
99, 99, 92, 1, 1
99, 99, 93, 1, 0
99, 99, 93, 1, 0
99, 99, 97, 1, 0
99, 99, 97, 1, 0
99, 99, 97, 1, 0
99, 99, 97, 1, 0
99, 99, 97, 1, 0
99, 99, 97, 1, 0
99, 99, 97, 1, 0
99, 99, 97, 1, 0
99, 99, 98, 1, 0
99, 99, 98, 1, 0
99, 99, 98, 1, 0
99, 99, 98, 1, 0
99, 99, 98, 1, 0
99, 99, 98, 1, 0
99, 99, 98, 1, 0
99, 99, 98, 1, 0
99, 99, 98, 1, 0
99, 99, 98, 1, 0
99, 99, 98, 1, 0
99, 99, 98, 1, 0
99, 99, 98, 1, 0
99, 99, 98, 1, 0
99, 99, 98, 1, 0
99, 99, 98, 0, 0
99, 99, 98, 1, 0
99, 99, 98, 1, 0
99, 99, 98, 1, 0
99, 99, 98, 1, 0
99, 99, 98, 1, 1
99, 99, 98, 1, 0
99, 99, 98, 1, 1
99, 99, 98, 1, 1
99, 99, 98, 0, 1
99, 99, 98, 0, 1
99, 99, 98, 0, 1
98, 99, 98, 0, 1
98, 99, 98, 0, 1
97, 99, 98, 0, 1
97, 99, 98, 0, 1
96, 99, 98, 0, 1
96, 99, 98, 0, 1
96, 99, 98, 0, 1
95, 99, 98, 0, 1
95, 99, 98, 0, 1
95, 99, 98, 0, 1
95, 99, 98, 0, 1
95, 99, 98, 0, 1
94, 100, 98, 0, 1
94, 99, 98, 0, 1
94, 100, 98, 0, 1
94, 99, 98, 0, 1
90, 99, 98, 0, 1
90, 99, 98, 0, 1
89, 99, 98, 0, 2
86, 99, 98, 0, 2
86, 99, 98, 0, 2
82, 99, 98, 0, 2
82, 99, 98, 0, 2
81, 99, 98, 0, 2
78, 100, 98, 0, 3
77, 99, 98, 0, 3
32, 100, 97, 0, 3
32, 100, 97, 0, 3
32, 100, 97, 0, 4
5, 99, 89, 0, 5
2, 99, 85, 0, 6
2, 100, 88, 0, 6
1, 99, 84, 0, 7
1, 99, 83, 0, 8
1, 99, 82, 0, 8
0, 99, 81, 0, 21
0, 99, 69, 0, 28
0, 100, 72, 0, 33
0, 99, 71, 0, 34
0, 99, 71, 0, 42
0, 99, 71, 0, 42
0, 99, 71, 0, 45
3, 99, 73, 0, 51
1, 99, 72, 0, 81
1, 99, 72, 0, 81
0, 99, 73, 0, 90
0, 99, 71, 0, 91
0, 99, 71, 0, 91
0, 100, 70, 0, 93
0, 100, 70, 0, 93
0, 99, 69, 0, 93
0, 100, 64, 0, 95
0, 100, 63, 0, 96
0, 99, 58, 0, 98
0, 99, 58, 0, 98
0, 100, 55, 0, 98
0, 100, 55, 0, 98
0, 99, 54, 0, 99
0, 99, 54, 0, 99
0, 99, 53, 0, 99
0, 99, 53, 0, 99
0, 99, 51, 0, 99
1, 99, 51, 0, 100
2, 99, 0, 0, 99
2, 99, 0, 0, 99
2, 99, 0, 0, 99
2, 99, 0, 0, 99
3, 99, 0, 0, 99
4, 99, 0, 0, 99
4, 99, 0, 0, 99
5, 99, 0, 0, 99
5, 99, 0, 0, 99
6, 99, 0, 0, 99
6, 99, 0, 0, 99
6, 99, 0, 0, 99
8, 99, 0, 0, 99
8, 99, 0, 0, 99
8, 99, 0, 0, 99
8, 99, 0, 0, 100
8, 99, 0, 0, 99
8, 99, 0, 0, 99
8, 99, 0, 0, 99
8, 99, 0, 0, 99
8, 99, 0, 0, 99
8, 99, 0, 0, 99
8, 99, 0, 0, 99
8, 99, 0, 1, 99
8, 99, 0, 1, 99
8, 98, 0, 3, 99
8, 98, 0, 3, 99
8, 97, 0, 4, 99
8, 96, 0, 4, 99
8, 96, 0, 4, 99
8, 95, 0, 5, 99
8, 95, 0, 5, 99
8, 95, 0, 5, 99
8, 95, 0, 5, 99
8, 95, 0, 5, 99
8, 95, 0, 5, 99
8, 96, 0, 5, 99
8, 96, 0, 5, 99
8, 98, 0, 2, 99
8, 98, 0, 2, 99
8, 98, 0, 2, 99
8, 98, 0, 2, 98
8, 98, 0, 2, 97
8, 98, 0, 2, 97
8, 98, 0, 2, 97
8, 98, 0, 2, 97
8, 98, 0, 2, 96
8, 98, 0, 1, 96
8, 98, 0, 1, 96
8, 98, 0, 1, 86
8, 99, 0, 1, 85
8, 99, 0, 1, 85
8, 99, 0, 1, 85
8, 99, 0, 1, 0
7, 99, 0, 1, 0
7, 99, 0, 1, 0
7, 99, 0, 1, 0
7, 99, 0, 1, 0
7, 98, 0, 1, 0
7, 98, 0, 1, 0
7, 98, 0, 1, 0
7, 98, 0, 1, 0
7, 98, 0, 1, 0
7, 98, 0, 1, 0
7, 98, 0, 1, 0
7, 98, 0, 1, 0
7, 98, 0, 1, 0
7, 98, 0, 1, 0
7, 98, 0, 1, 0
7, 98, 0, 1, 0
7, 98, 0, 1, 0
7, 98, 0, 1, 0
7, 98, 0, 1, 0
7, 98, 0, 1, 0
7, 98, 0, 1, 0
7, 98, 0, 1, 0
7, 98, 0, 1, 0
7, 98, 0, 1, 0
7, 98, 0, 1, 0
7, 98, 0, 1, 0
7, 98, 0, 1, 0
7, 98, 0, 1, 0
7, 98, 0, 1, 0
7, 98, 0, 1, 0
7, 98, 0, 1, 0
7, 98, 0, 1, 0
7, 98, 0, 1, 0
7, 98, 0, 1, 0
7, 98, 0, 1, 0
7, 98, 0, 1, 0
7, 98, 0, 1, 0
7, 98, 0, 1, 0
7, 98, 0, 1, 0
7, 98, 0, 1, 0
7, 98, 0, 1, 0
7, 98, 0, 1, 0
7, 98, 0, 1, 0
7, 98, 0, 1, 0
7, 98, 0, 1, 0
7, 98, 0, 1, 0
7, 98, 0, 1, 0
7, 98, 0, 1, 0
7, 98, 0, 1, 0
7, 98, 0, 1, 0
7, 98, 0, 1, 0
7, 98, 0, 1, 0
7, 98, 0, 1, 0
7, 98, 0, 1, 0
7, 98, 0, 1, 0
7, 98, 0, 1, 0
7, 98, 0, 1, 0
7, 98, 0, 1, 0
7, 98, 0, 1, 0
7, 98, 0, 1, 0
7, 98, 0, 1, 0
7, 98, 0, 1, 0
7, 98, 0, 1, 0
7, 98, 0, 1, 0
7, 98, 0, 1, 0
7, 98, 0, 1, 0
7, 98, 0, 1, 0
7, 98, 0, 1, 0
7, 98, 0, 1, 0
7, 98, 0, 1, 0
7, 98, 0, 1, 0
7, 98, 0, 1, 0
7, 98, 0, 1, 0
7, 98, 0, 1, 0
7, 98, 0, 1, 0
7, 98, 0, 1, 0
7, 98, 0, 1, 0
7, 98, 0, 1, 0
7, 98, 0, 1, 0
7, 98, 0, 1, 0
7, 98, 0, 1, 0
7, 98, 0, 1, 0
7, 98, 0, 1, 0
7, 98, 0, 1, 0
7, 98, 0, 1, 0
7, 98, 0, 1, 0
7, 98, 0, 1, 0
7, 98, 0, 1, 0
7, 98, 0, 1, 0
7, 98, 0, 1, 0
7, 98, 0, 1, 0
7, 98, 0, 1, 0
7, 98, 61, 1, 0
7, 98, 70, 1, 0
7, 98, 79, 1, 0
89, 98, 78, 1, 9
93, 98, 76, 1, 5
93, 98, 76, 1, 5
96, 98, 80, 1, 3
96, 98, 80, 1, 3
97, 98, 78, 1, 2
97, 98, 79, 1, 2
99, 98, 82, 1, 2
99, 98, 82, 1, 2
99, 98, 81, 1, 1
99, 98, 80, 1, 1
99, 98, 80, 1, 1
99, 98, 80, 1, 1
99, 98, 80, 1, 0
99, 98, 82, 1, 0
99, 98, 81, 1, 0
99, 98, 79, 1, 0
99, 99, 86, 1, 0
99, 99, 86, 1, 0
99, 99, 86, 1, 0
99, 99, 89, 1, 0
99, 99, 91, 1, 0
99, 99, 92, 1, 0
99, 99, 96, 1, 0
99, 99, 98, 1, 0
99, 99, 98, 1, 0
99, 99, 98, 0, 0
99, 99, 98, 1, 0
99, 99, 98, 1, 0
99, 99, 98, 1, 0
99, 99, 98, 1, 0
99, 99, 98, 1, 0
99, 99, 98, 1, 0
99, 99, 98, 1, 0
99, 99, 98, 1, 0
99, 99, 98, 1, 0
99, 99, 98, 1, 0
99, 99, 98, 1, 0
99, 99, 98, 1, 0
99, 99, 98, 1, 0
99, 99, 98, 1, 0
99, 99, 98, 1, 0
99, 99, 98, 1, 0
99, 99, 98, 1, 0
99, 99, 98, 1, 0
99, 99, 98, 1, 0
99, 99, 98, 1, 0
99, 99, 98, 1, 0
99, 99, 98, 1, 0
99, 99, 98, 1, 0
99, 99, 98, 1, 0
99, 99, 98, 1, 0
99, 99, 98, 1, 0
99, 99, 98, 1, 0
99, 99, 98, 1, 0
99, 99, 98, 0, 0
99, 99, 98, 0, 0
99, 99, 98, 0, 1
99, 99, 98, 0, 1
99, 99, 98, 0, 1
97, 99, 98, 0, 1
97, 99, 98, 0, 1
97, 99, 98, 0, 1
96, 99, 98, 0, 1
94, 100, 98, 0, 1
94, 100, 98, 0, 1
93, 100, 98, 0, 1
91, 99, 98, 0, 1
91, 99, 98, 0, 1
91, 100, 98, 0, 2
88, 99, 98, 0, 2
88, 99, 98, 0, 2
87, 99, 98, 0, 2
85, 99, 98, 0, 2
84, 100, 98, 0, 2
84, 99, 98, 0, 2
82, 100, 97, 0, 2
82, 100, 97, 0, 2
82, 99, 97, 0, 2
80, 99, 98, 0, 3
80, 99, 98, 0, 3
78, 99, 98, 0, 3
77, 99, 98, 0, 3
76, 99, 98, 0, 3
75, 99, 98, 0, 3
75, 99, 98, 0, 4
22, 100, 98, 0, 4
6, 99, 97, 0, 4
6, 99, 97, 0, 4
2, 100, 97, 0, 5
1, 99, 95, 0, 6
1, 99, 95, 0, 7
0, 99, 92, 0, 8
0, 99, 92, 0, 8
0, 99, 92, 0, 8
0, 100, 88, 0, 9
0, 99, 84, 0, 35
0, 99, 84, 0, 35
0, 99, 83, 0, 37
0, 99, 80, 0, 41
0, 99, 72, 0, 56
0, 100, 73, 0, 60
0, 100, 72, 0, 61
0, 100, 64, 0, 83
0, 100, 64, 0, 85
0, 100, 73, 0, 91
0, 100, 73, 0, 92
0, 100, 69, 0, 93
0, 100, 69, 0, 93
0, 100, 69, 0, 93
0, 100, 67, 0, 95
0, 99, 65, 0, 98
0, 99, 65, 0, 98
0, 100, 60, 0, 98
0, 100, 59, 0, 98
0, 99, 55, 0, 98
0, 100, 54, 0, 98
0, 100, 54, 0, 98
0, 99, 51, 0, 98
0, 99, 51, 0, 98
0, 100, 51, 0, 98
0, 100, 0, 0, 98
0, 100, 0, 0, 98
0, 100, 0, 0, 98
1, 100, 0, 0, 98
2, 99, 0, 0, 98
2, 99, 0, 0, 98
2, 100, 0, 0, 98
2, 100, 0, 0, 98
3, 99, 0, 0, 98
3, 99, 0, 0, 98
3, 99, 0, 0, 98
3, 99, 0, 0, 99
4, 99, 0, 0, 99
4, 99, 0, 0, 99
4, 99, 0, 0, 99
5, 99, 0, 0, 99
5, 99, 0, 0, 99
5, 99, 0, 0, 99
5, 99, 0, 0, 99
3, 99, 0, 0, 99
3, 99, 0, 0, 99
3, 99, 0, 0, 99
7, 99, 0, 0, 99
7, 99, 0, 0, 99
7, 99, 0, 0, 99
7, 99, 0, 0, 99
7, 99, 0, 0, 99
7, 99, 0, 0, 99
7, 99, 0, 0, 100
7, 99, 0, 0, 99
7, 99, 0, 0, 99
7, 99, 0, 0, 99
7, 99, 0, 0, 99
7, 99, 0, 0, 99
7, 99, 0, 0, 99
7, 99, 0, 0, 99
7, 99, 0, 0, 99
7, 99, 0, 0, 99
7, 99, 0, 0, 99
7, 99, 0, 0, 99
7, 99, 0, 1, 99
7, 99, 0, 1, 99
7, 99, 0, 2, 99
7, 98, 0, 4, 99
7, 97, 0, 4, 99
7, 97, 0, 5, 99
7, 94, 0, 6, 99
7, 94, 0, 6, 99
7, 90, 0, 10, 99
7, 89, 0, 11, 99
7, 86, 0, 27, 99
7, 86, 0, 27, 99
7, 86, 0, 28, 99
7, 86, 0, 28, 99
7, 89, 0, 51, 99
7, 92, 0, 52, 99
7, 93, 0, 38, 98
7, 93, 0, 39, 98
7, 93, 0, 39, 98
7, 92, 0, 40, 97
7, 91, 0, 40, 97
7, 87, 0, 40, 97
7, 52, 0, 0, 97
7, 52, 0, 0, 96
7, 52, 0, 0, 96
7, 53, 0, 0, 96
7, 52, 0, 0, 89
6, 0, 0, 0, 86
6, 0, 0, 0, 85
6, 0, 0, 0, 0
6, 0, 0, 1, 0
6, 0, 0, 1, 0
6, 0, 0, 1, 0
6, 0, 0, 1, 0
6, 0, 0, 1, 160
6, 0, 0, 1, 0
6, 0, 0, 1, 0
6, 0, 0, 1, 0
6, 0, 0, 1, 0
6, 0, 0, 1, 0
6, 0, 0, 1, 0
6, 0, 0, 1, 0
6, 0, 0, 1, 0
6, 0, 0, 1, 0
6, 0, 0, 1, 0
6, 98, 0, 1, 0
6, 98, 0, 1, 0
6, 98, 0, 1, 0
6, 98, 0, 1, 0
6, 98, 0, 1, 0
6, 98, 0, 1, 0
6, 98, 0, 1, 0
6, 98, 0, 1, 0
6, 98, 0, 1, 0
6, 98, 0, 1, 0
6, 98, 0, 1, 0
6, 98, 0, 1, 0
6, 98, 0, 1, 0
6, 98, 0, 1, 0
6, 98, 0, 1, 0
6, 98, 0, 1, 0
6, 98, 0, 1, 0
6, 98, 0, 1, 0
6, 98, 0, 1, 0
6, 98, 0, 1, 0
6, 98, 0, 1, 0
6, 98, 0, 1, 0
6, 98, 0, 1, 0
6, 98, 0, 1, 0
6, 98, 0, 1, 0
6, 98, 0, 1, 0
6, 98, 0, 1, 0
6, 98, 0, 1, 0
6, 98, 0, 1, 0
6, 98, 0, 1, 0
6, 98, 0, 1, 0
6, 98, 0, 1, 0
6, 98, 0, 1, 0
6, 98, 0, 1, 0
6, 98, 0, 1, 0
6, 98, 0, 1, 0
6, 98, 0, 1, 0
5, 98, 0, 1, 0
6, 98, 0, 1, 0
6, 98, 0, 1, 0
6, 98, 0, 1, 0
6, 98, 0, 1, 0
6, 98, 0, 1, 0
6, 98, 0, 1, 0
6, 98, 0, 1, 0
6, 98, 0, 1, 0
6, 98, 0, 1, 0
6, 98, 0, 1, 0
6, 98, 0, 1, 0
5, 98, 0, 1, 0
5, 98, 0, 1, 0
6, 98, 0, 1, 0
5, 98, 0, 1, 0
6, 98, 0, 1, 0
6, 98, 0, 1, 0
6, 98, 0, 1, 0
6, 98, 0, 1, 0
6, 98, 0, 1, 0
6, 98, 0, 1, 0
6, 98, 0, 1, 0
6, 98, 0, 1, 0
6, 98, 0, 1, 0
6, 98, 0, 1, 0
5, 98, 0, 1, 0
6, 98, 71, 1, 0
6, 98, 74, 1, 0
6, 98, 75, 1, 9
6, 98, 75, 1, 9
89, 98, 78, 1, 7
89, 98, 77, 1, 5
92, 98, 70, 1, 3
92, 98, 70, 1, 3
96, 98, 87, 1, 2
96, 98, 87, 1, 2
97, 98, 88, 1, 1
98, 98, 87, 1, 1
99, 98, 86, 1, 1
99, 98, 88, 1, 1
99, 98, 90, 1, 1
99, 98, 90, 1, 1
99, 99, 96, 1, 1
99, 99, 96, 1, 1
99, 99, 96, 1, 1
99, 99, 97, 1, 1
99, 99, 97, 1, 1
99, 99, 98, 1, 0
99, 99, 98, 1, 0
99, 99, 98, 1, 0
99, 99, 98, 1, 1
99, 99, 98, 1, 1
99, 99, 98, 1, 1
99, 99, 98, 1, 1
99, 99, 98, 1, 0
99, 99, 98, 1, 1
99, 99, 98, 1, 1
99, 99, 99, 1, 1
99, 99, 99, 1, 1
99, 99, 99, 1, 1
99, 99, 99, 1, 1
99, 99, 99, 1, 1
98, 99, 99, 1, 1
97, 99, 99, 1, 1
94, 99, 99, 0, 1
94, 99, 99, 0, 1
94, 99, 99, 0, 1
93, 99, 99, 0, 1
93, 99, 99, 0, 1
91, 99, 99, 0, 1
91, 99, 99, 0, 1
91, 99, 99, 0, 1
90, 100, 99, 0, 1
90, 100, 99, 0, 1
88, 99, 98, 0, 1
88, 100, 98, 0, 1
88, 100, 98, 0, 1
84, 99, 98, 0, 2
84, 99, 98, 0, 2
84, 99, 98, 0, 2
83, 99, 98, 0, 2
81, 99, 98, 0, 2
81, 99, 98, 0, 2
81, 99, 98, 0, 2
81, 99, 98, 0, 2
79, 99, 98, 0, 2
78, 99, 98, 0, 3
78, 99, 98, 0, 3
76, 100, 98, 0, 3
75, 99, 98, 0, 3
23, 100, 98, 0, 4
23, 100, 98, 0, 4
16, 100, 98, 0, 5
99, 97, 0, 6, 9
5, 99, 96, 0, 6
5, 99, 96, 0, 7
1, 99, 92, 0, 8
1, 99, 92, 0, 26
1, 99, 83, 0, 30
1, 99, 81, 0, 32
0, 100, 81, 0, 33
0, 99, 80, 0, 38
0, 99, 80, 0, 40
0, 99, 78, 0, 62
0, 99, 78, 0, 62
0, 99, 78, 0, 67
0, 99, 75, 0, 84
0, 99, 75, 0, 85
0, 99, 75, 0, 86
0, 100, 67, 0, 88
0, 100, 67, 0, 89
0, 99, 69, 0, 90
0, 99, 68, 0, 93
0, 99, 72, 0, 93
0, 100, 72, 0, 95
0, 100, 72, 0, 95
0, 99, 71, 0, 95
0, 100, 70, 0, 96
0, 100, 68, 0, 96
0, 99, 68, 0, 96
0, 100, 66, 0, 97
0, 99, 66, 0, 97
0, 100, 65, 0, 97
0, 100, 65, 0, 97
0, 100, 65, 0, 97
0, 100, 62, 0, 97
0, 100, 61, 0, 97
0, 99, 60, 0, 97
0, 99, 54, 0, 98
0, 100, 54, 0, 98
0, 99, 54, 0, 99
0, 99, 54, 0, 99
0, 99, 54, 0, 99
0, 100, 53, 0, 99
0, 100, 53, 0, 99
0, 100, 51, 0, 99
0, 99, 51, 0, 99
0, 100, 51, 0, 99
0, 100, 50, 0, 99
0, 99, 47, 0, 99
0, 99, 47, 0, 99
2, 99, 0, 0, 99
2, 99, 0, 0, 99
3, 99, 0, 0, 99
4, 99, 0, 0, 99
4, 99, 0, 0, 99
5, 99, 0, 0, 99
6, 99, 0, 0, 99
6, 99, 0, 0, 99
8, 99, 0, 0, 99
8, 99, 0, 0, 99
27, 99, 1, 0, 99
27, 99, 1, 0, 99
8, 99, 0, 0, 99
8, 99, 0, 0, 99
8, 99, 0, 0, 99
8, 99, 0, 0, 99
8, 99, 0, 0, 99
8, 99, 0, 0, 99
8, 99, 0, 0, 99
8, 99, 0, 2, 98
8, 99, 0, 2, 98
8, 99, 0, 2, 97
8, 99, 0, 2, 96
8, 99, 0, 2, 96
8, 98, 0, 2, 92
8, 98, 0, 2, 86
8, 98, 0, 2, 85
8, 97, 0, 2, 85
8, 98, 0, 1, 85
8, 98, 0, 1, 85
8, 98, 0, 1, 86
8, 98, 0, 1, 86
7, 98, 0, 1, 0
7, 98, 0, 1, 0
7, 98, 0, 1, 0
7, 98, 0, 1, 0
7, 98, 0, 1, 0
7, 98, 0, 1, 0
7, 98, 0, 1, 0
7, 98, 0, 1, 0
7, 98, 0, 1, 0
7, 98, 0, 1, 0
7, 98, 0, 1, 0
7, 98, 0, 1, 0
7, 98, 0, 1, 0
7, 98, 0, 1, 0
7, 98, 0, 1, 0
7, 98, 0, 1, 0
7, 98, 0, 1, 0
7, 98, 0, 1, 0
7, 98, 0, 1, 0
7, 98, 0, 1, 0
7, 98, 0, 1, 0
7, 98, 0, 1, 0
7, 98, 0, 1, 0
7, 98, 0, 1, 0
7, 98, 0, 1, 0
7, 98, 0, 1, 0
7, 98, 0, 1, 0
7, 98, 0, 1, 0
7, 98, 0, 1, 0
7, 98, 0, 1, 0
7, 98, 0, 1, 0
7, 98, 0, 1, 0
7, 98, 0, 1, 0
7, 98, 0, 1, 0
7, 98, 0, 1, 0
7, 98, 0, 1, 0
7, 98, 0, 1, 0
7, 98, 0, 1, 0
7, 98, 0, 1, 0
7, 98, 0, 1, 0
7, 98, 0, 1, 0
7, 98, 0, 1, 0
7, 98, 0, 1, 0
7, 98, 0, 1, 0
7, 98, 0, 1, 0
7, 98, 0, 1, 0
7, 98, 0, 1, 0
7, 98, 0, 1, 0
7, 98, 0, 1, 0
7, 98, 0, 1, 0
7, 98, 0, 1, 0
7, 98, 0, 1, 0
7, 98, 0, 1, 0
7, 98, 0, 1, 0
7, 98, 0, 1, 0
7, 98, 0, 1, 0
7, 98, 0, 1, 0
7, 98, 0, 1, 0
7, 98, 0, 1, 0
7, 98, 0, 1, 0
7, 98, 0, 1, 0
7, 98, 0, 1, 0
7, 98, 0, 1, 0
7, 98, 0, 1, 0
7, 98, 0, 1, 0
7, 98, 0, 1, 0
7, 98, 0, 1, 0
7, 98, 0, 1, 0
7, 98, 0, 1, 0
7, 98, 0, 1, 0
7, 98, 0, 1, 0
7, 98, 0, 1, 0
7, 98, 0, 1, 0
7, 98, 0, 1, 0
7, 98, 0, 1, 0
7, 98, 0, 1, 0
7, 98, 0, 1, 0
7, 98, 0, 1, 0
7, 98, 0, 1, 0
7, 98, 0, 1, 0
7, 98, 0, 1, 0
7, 98, 63, 1, 0
7, 98, 63, 1, 0
7, 98, 76, 1, 0
7, 98, 75, 1, 0
89, 98, 78, 1, 7
89, 98, 78, 1, 7
90, 98, 80, 1, 7
90, 98, 77, 1, 3
90, 98, 77, 1, 3
90, 98, 77, 1, 3
94, 99, 83, 1, 2
95, 99, 86, 1, 2
95, 99, 84, 1, 2
96, 99, 94, 1, 1
96, 99, 96, 1, 1
96, 99, 97, 1, 1
96, 99, 97, 1, 1
96, 99, 97, 1, 1
95, 99, 97, 1, 1
95, 99, 97, 1, 1
94, 99, 97, 0, 1
94, 99, 97, 0, 1
94, 99, 97, 0, 1
93, 99, 97, 0, 1
93, 99, 97, 0, 1
92, 99, 97, 0, 1
92, 99, 97, 0, 1
92, 99, 97, 0, 1
92, 99, 97, 0, 1
92, 99, 97, 0, 1
92, 99, 97, 0, 1
92, 100, 97, 0, 1
92, 99, 97, 0, 1
92, 99, 97, 0, 1
90, 100, 97, 0, 1
90, 99, 98, 0, 1
89, 100, 98, 0, 1
89, 99, 98, 0, 1
88, 99, 98, 0, 1
87, 99, 98, 0, 2
86, 100, 98, 0, 2
86, 100, 98, 0, 2
85, 99, 98, 0, 2
84, 99, 98, 0, 2
84, 99, 98, 0, 2
84, 99, 98, 0, 2
84, 99, 98, 0, 2
83, 100, 98, 0, 2
83, 99, 98, 0, 2
83, 100, 98, 0, 2
82, 99, 98, 0, 2
82, 100, 98, 0, 2
82, 99, 98, 0, 3
82, 99, 98, 0, 3
80, 99, 98, 0, 3
80, 99, 98, 0, 3
80, 99, 98, 0, 3
80, 99, 98, 0, 3
79, 99, 98, 0, 3
77, 99, 97, 0, 4
77, 99, 97, 0, 4
77, 100, 97, 0, 4
21, 99, 96, 0, 4
21, 99, 96, 0, 4
18, 99, 95, 0, 4
16, 99, 94, 0, 5
7, 99, 92, 0, 5
5, 99, 91, 0, 5
3, 100, 88, 0, 6
3, 100, 88, 0, 7
3, 100, 88, 0, 7
2, 99, 86, 0, 7
1, 99, 85, 0, 7
1, 99, 85, 0, 7
0, 99, 81, 0, 8
0, 99, 81, 0, 8
0, 99, 82, 0, 8
0, 99, 82, 0, 8
0, 99, 81, 0, 8
0, 100, 80, 0, 9
0, 100, 77, 0, 9
0, 100, 76, 0, 9
0, 99, 74, 0, 29
0, 99, 73, 0, 31
0, 100, 72, 0, 35
0, 99, 75, 0, 36
0, 99, 77, 0, 37
0, 99, 74, 0, 41
0, 99, 74, 0, 45
0, 99, 75, 0, 48
0, 99, 75, 0, 51
0, 99, 73, 0, 53
0, 99, 68, 0, 80
0, 99, 68, 0, 81
0, 99, 67, 0, 82
0, 99, 67, 0, 85
0, 100, 67, 0, 85
0, 100, 68, 0, 87
1, 99, 64, 0, 88
7, 99, 63, 0, 89
0, 99, 63, 0, 92
0, 100, 63, 0, 93
0, 100, 63, 0, 93
0, 99, 61, 0, 94
0, 100, 60, 0, 94
0, 100, 60, 0, 94
0, 100, 57, 0, 95
0, 100, 56, 0, 95
0, 100, 57, 0, 96
0, 100, 59, 0, 96
0, 100, 59, 0, 96
0, 100, 55, 0, 97
0, 99, 54, 0, 96
0, 99, 53, 0, 97
0, 99, 53, 0, 97
0, 100, 53, 0, 97
0, 100, 53, 0, 98
0, 99, 52, 0, 99
0, 99, 50, 0, 99
0, 99, 50, 0, 99
0, 99, 50, 0, 99
0, 100, 50, 0, 99
0, 99, 50, 0, 99
1, 99, 50, 0, 99
3, 99, 49, 0, 99
3, 99, 49, 0, 99
3, 100, 47, 0, 99
4, 99, 46, 0, 99
4, 99, 46, 0, 99
4, 99, 0, 0, 99
5, 99, 0, 0, 99
5, 99, 0, 0, 99
8, 99, 0, 0, 99
27, 99, 1, 0, 99
27, 99, 1, 0, 99
27, 99, 1, 0, 99
7, 99, 0, 0, 99
7, 99, 0, 0, 99
7, 99, 0, 0, 99
7, 99, 0, 0, 99
6, 99, 0, 0, 99
7, 99, 0, 1, 99
7, 99, 0, 1, 99
7, 99, 0, 1, 99
7, 99, 0, 1, 99
7, 99, 0, 2, 99
7, 99, 0, 2, 98
7, 99, 0, 2, 98
7, 99, 0, 2, 96
7, 99, 0, 2, 95
6, 98, 0, 2, 86
6, 98, 0, 2, 86
6, 98, 0, 2, 86
6, 98, 0, 2, 86
6, 98, 0, 1, 86
6, 98, 0, 1, 85
5, 98, 0, 1, 0
6, 98, 0, 1, 0
6, 98, 0, 1, 0
6, 98, 0, 1, 0
6, 98, 0, 1, 0
6, 98, 0, 1, 0
6, 98, 0, 1, 0
6, 98, 0, 1, 0
6, 98, 0, 1, 0
6, 98, 0, 1, 0
6, 98, 0, 1, 0
6, 98, 0, 1, 0
6, 98, 0, 1, 0
6, 98, 0, 1, 0
5, 98, 0, 1, 0
5, 98, 0, 1, 0
5, 98, 0, 1, 0
6, 98, 0, 1, 0
5, 98, 0, 1, 0
5, 98, 0, 1, 0
6, 98, 0, 1, 0
6, 98, 0, 1, 0
5, 98, 0, 1, 0
6, 98, 0, 1, 0
6, 98, 0, 1, 0
6, 98, 0, 1, 0
6, 98, 0, 1, 0
6, 98, 0, 1, 0
5, 98, 0, 1, 0
5, 98, 0, 1, 0
5, 98, 0, 1, 0
5, 98, 0, 1, 0
5, 98, 0, 1, 0
5, 98, 0, 1, 0
5, 98, 0, 1, 0
5, 98, 0, 1, 0
5, 98, 0, 1, 0
5, 98, 0, 1, 0
5, 98, 0, 1, 0
5, 98, 0, 1, 0
5, 98, 0, 1, 0
5, 98, 0, 1, 0
5, 98, 0, 1, 0
5, 98, 0, 1, 0
6, 98, 0, 1, 0
5, 98, 0, 1, 0
5, 98, 0, 1, 0
5, 98, 0, 1, 0
6, 98, 0, 1, 0
6, 98, 0, 1, 0
6, 98, 0, 1, 0
6, 98, 0, 1, 0
6, 98, 0, 1, 0
6, 98, 0, 1, 0
5, 98, 0, 1, 0
6, 98, 0, 1, 0
6, 98, 0, 1, 0
6, 98, 0, 1, 0
6, 98, 0, 1, 0
6, 98, 0, 1, 0
5, 98, 0, 1, 0
5, 98, 0, 1, 0
5, 98, 0, 1, 0
6, 98, 0, 1, 0
6, 98, 0, 1, 0
6, 98, 0, 1, 0
5, 98, 0, 1, 0
5, 99, 0, 1, 0
5, 99, 0, 1, 0
5, 99, 0, 1, 0
5, 99, 0, 1, 0
5, 99, 0, 1, 0
5, 99, 0, 1, 0
5, 99, 0, 1, 0
5, 99, 0, 1, 0
5, 99, 0, 1, 0
5, 99, 0, 1, 0
5, 99, 0, 1, 0
5, 99, 0, 1, 0
5, 99, 0, 1, 0
5, 99, 0, 1, 0
5, 99, 0, 1, 0
5, 98, 73, 1, 0
5, 98, 73, 1, 0
6, 98, 74, 1, 0
6, 98, 75, 1, 11
89, 98, 79, 1, 4
95, 98, 71, 1, 2
95, 98, 71, 1, 2
95, 98, 72, 1, 2
95, 98, 71, 1, 2
97, 99, 83, 1, 1
97, 99, 83, 1, 1
98, 99, 89, 1, 1
99, 99, 93, 1, 1
99, 99, 97, 1, 1
99, 99, 97, 1, 1
99, 99, 97, 1, 1
99, 99, 97, 1, 1
99, 99, 97, 1, 1
99, 99, 97, 1, 1
99, 99, 97, 1, 1
7, 99, 0, 0, 99
7, 99, 0, 0, 99
7, 99, 0, 0, 99
7, 99, 0, 0, 99
7, 99, 0, 0, 99
7, 99, 0, 0, 99
7, 99, 0, 0, 99
7, 99, 0, 0, 99
7, 99, 0, 0, 99
7, 99, 0, 0, 99
7, 99, 0, 0, 99
7, 99, 0, 0, 99
7, 99, 0, 0, 99
7, 99, 0, 0, 99
7, 99, 0, 0, 99
7, 99, 0, 1, 99
7, 99, 0, 1, 99
7, 99, 0, 1, 99
7, 98, 0, 3, 99
7, 98, 0, 3, 99
7, 99, 0, 3, 99
7, 99, 0, 3, 99
7, 99, 0, 3, 99
7, 99, 0, 2, 99
7, 99, 0, 2, 98
7, 99, 0, 2, 98
7, 99, 0, 2, 97
7, 99, 0, 2, 97
7, 98, 0, 2, 96
7, 98, 0, 2, 96
6, 98, 0, 2, 87
6, 98, 0, 2, 87
6, 98, 0, 2, 86
6, 98, 0, 2, 85
6, 98, 0, 1, 85
5, 98, 0, 1, 0
6, 99, 0, 1, 0
6, 98, 0, 1, 0
6, 98, 0, 1, 0
6, 98, 0, 1, 0
6, 98, 0, 1, 0
6, 98, 0, 1, 0
6, 98, 0, 1, 0
6, 98, 0, 1, 0
6, 98, 0, 1, 0
6, 98, 0, 1, 0
6, 98, 0, 1, 0
5, 98, 0, 1, 0
5, 98, 0, 1, 0
6, 98, 0, 1, 0
6, 98, 0, 1, 0
6, 98, 0, 1, 0
6, 98, 0, 1, 0
6, 98, 0, 1, 0
5, 98, 0, 1, 0
5, 98, 0, 1, 0
6, 98, 0, 1, 0
5, 98, 0, 1, 0
5, 98, 0, 1, 0
5, 98, 0, 1, 0
6, 98, 0, 1, 0
6, 98, 0, 1, 0
5, 98, 0, 1, 0
6, 98, 0, 1, 0
6, 98, 0, 1, 0
6, 98, 0, 1, 0
6, 98, 0, 1, 0
6, 98, 0, 1, 0
5, 98, 0, 1, 0
5, 98, 0, 1, 0
5, 98, 0, 1, 0
5, 98, 0, 1, 0
5, 98, 0, 1, 0
6, 98, 0, 1, 0
5, 98, 0, 1, 0
5, 98, 0, 1, 0
6, 98, 0, 1, 0
5, 98, 0, 1, 0
5, 98, 0, 1, 0
5, 98, 0, 1, 0
5, 98, 0, 1, 0
5, 98, 0, 1, 0
5, 98, 0, 1, 0
5, 98, 0, 1, 0
6, 98, 0, 1, 0
6, 98, 0, 1, 0
6, 98, 0, 1, 0
6, 98, 0, 1, 0
6, 98, 0, 1, 0
5, 98, 0, 1, 0
6, 98, 0, 1, 0
6, 98, 0, 1, 0
6, 98, 0, 1, 0
5, 98, 0, 1, 0
5, 98, 0, 1, 0
5, 98, 0, 1, 0
5, 98, 0, 1, 0
6, 98, 0, 1, 0
5, 98, 0, 1, 0
5, 98, 0, 1, 0
6, 98, 0, 1, 0
5, 98, 0, 1, 0
5, 98, 0, 1, 0
5, 99, 0, 1, 0
5, 99, 0, 1, 0
5, 99, 0, 1, 0
5, 99, 0, 1, 0
5, 99, 0, 1, 0
5, 99, 0, 1, 0
6, 99, 0, 1, 0
6, 99, 0, 1, 0
5, 99, 0, 1, 0
5, 99, 0, 1, 0
5, 99, 0, 1, 0
5, 99, 73, 1, 0
5, 99, 74, 1, 7
6, 99, 76, 1, 7
6, 99, 76, 1, 7
89, 98, 78, 1, 6
92, 98, 75, 1, 3
92, 98, 75, 1, 3
92, 98, 75, 1, 2
95, 99, 84, 1, 2
96, 99, 96, 1, 1
96, 99, 96, 1, 1
96, 99, 96, 1, 1
96, 99, 97, 0, 1
96, 99, 97, 1, 1
96, 99, 97, 1, 1
96, 99, 98, 1, 1
96, 99, 98, 0, 1
96, 99, 98, 0, 1
94, 99, 98, 0, 1
94, 99, 98, 0, 1
94, 99, 98, 0, 1
93, 99, 99, 0, 1
92, 99, 99, 0, 1
92, 99, 99, 0, 1
92, 99, 99, 0, 1
92, 99, 99, 0, 1
88, 99, 99, 0, 1
87, 99, 99, 0, 1
87, 100, 99, 0, 1
83, 99, 99, 0, 1
82, 99, 99, 0, 1
80, 100, 99, 0, 2
80, 100, 99, 0, 2
78, 99, 99, 0, 2
0, 99, 72, 0, 52
0, 100, 72, 0, 56
0, 100, 72, 0, 56
0, 100, 68, 0, 64
0, 100, 67, 0, 71
0, 100, 68, 0, 71
0, 100, 69, 0, 86
0, 99, 68, 0, 87
0, 100, 66, 0, 89
0, 100, 66, 0, 92
0, 100, 66, 0, 93
0, 99, 60, 0, 97
0, 99, 60, 0, 97
0, 99, 55, 0, 97
0, 100, 54, 0, 98
0, 100, 54, 0, 98
0, 100, 54, 0, 98
0, 100, 54, 0, 98
0, 100, 53, 0, 98
0, 99, 52, 0, 98
0, 100, 51, 0, 98
0, 100, 51, 0, 98
1, 99, 51, 0, 98
1, 99, 51, 0, 98
1, 100, 50, 0, 98
2, 100, 45, 0, 99
2, 99, 0, 0, 99
3, 99, 0, 0, 99
3, 99, 0, 0, 99
3, 99, 0, 0, 99
3, 99, 0, 0, 99
3, 100, 0, 0, 99
3, 100, 0, 0, 99
4, 99, 0, 0, 99
4, 100, 0, 0, 99
5, 99, 0, 0, 99
5, 100, 0, 0, 99
5, 99, 0, 0, 99
7, 99, 0, 0, 99
7, 99, 0, 0, 99
7, 100, 0, 0, 99
99, 0, 0, 99, 9
27, 99, 1, 0, 99
27, 99, 1, 0, 99
26, 99, 0, 0, 99
26, 99, 1, 0, 99
26, 99, 1, 0, 99
26, 99, 1, 0, 99
26, 99, 0, 0, 99
26, 99, 1, 0, 99
26, 100, 1, 0, 99
7, 99, 0, 0, 99
7, 99, 0, 0, 99
7, 99, 0, 0, 99
7, 99, 0, 0, 99
7, 99, 0, 0, 99
7, 99, 0, 0, 99
7, 99, 0, 0, 99
7, 99, 0, 0, 100
7, 99, 0, 0, 99
7, 99, 0, 0, 99
7, 99, 0, 0, 99
7, 99, 0, 0, 99
7, 99, 0, 0, 99
7, 99, 0, 0, 99
7, 99, 0, 0, 99
6, 99, 0, 0, 99
7, 99, 0, 0, 99
7, 99, 0, 0, 99
7, 99, 0, 0, 99
7, 99, 0, 0, 99
7, 99, 0, 0, 99
7, 99, 0, 0, 99
6, 99, 0, 0, 98
7, 99, 0, 0, 98
7, 99, 0, 0, 98
6, 99, 0, 0, 97
6, 99, 0, 0, 97
6, 99, 0, 1, 97
6, 99, 0, 1, 97
7, 99, 0, 1, 96
6, 99, 0, 1, 86
6, 99, 0, 1, 85
5, 99, 0, 1, 0
5, 99, 0, 1, 0
5, 99, 0, 1, 0
6, 99, 0, 1, 0
5, 99, 0, 1, 0
6, 99, 0, 1, 0
5, 98, 0, 1, 0
5, 98, 0, 1, 0
7, 98, 0, 1, 0
7, 98, 0, 1, 0
7, 98, 0, 1, 0
7, 84, 0, 1, 0
7, 0, 0, 1, 0
7, 0, 0, 1, 0
7, 0, 0, 1, 0
7, 0, 0, 1, 0
7, 98, 0, 1, 0
7, 98, 0, 1, 0
7, 98, 0, 1, 0
7, 98, 0, 1, 0
7, 98, 0, 1, 0
7, 98, 0, 1, 0
7, 98, 0, 1, 0
7, 98, 0, 1, 0
7, 98, 0, 1, 0
7, 98, 0, 1, 0
7, 98, 0, 1, 0
7, 98, 0, 1, 0
7, 98, 0, 1, 0
7, 98, 0, 1, 0
7, 98, 0, 1, 0
7, 98, 0, 1, 0
7, 98, 0, 1, 0
7, 98, 0, 1, 0
7, 98, 0, 1, 0
7, 98, 0, 1, 0
7, 98, 0, 1, 0
7, 98, 0, 1, 0
7, 98, 0, 1, 0
7, 98, 0, 1, 0
7, 98, 0, 1, 0
7, 98, 0, 1, 0
7, 98, 0, 1, 0
7, 98, 0, 1, 0
7, 98, 0, 1, 0
7, 98, 0, 1, 0
7, 98, 0, 1, 0
7, 98, 0, 1, 0
7, 98, 0, 1, 0
7, 98, 0, 1, 0
7, 98, 0, 1, 0
7, 98, 0, 1, 0
7, 98, 0, 1, 0
7, 98, 0, 1, 0
7, 98, 0, 1, 0
7, 98, 0, 1, 0
7, 98, 0, 1, 0
7, 98, 0, 1, 0
7, 98, 0, 1, 0
7, 98, 0, 1, 0
7, 98, 0, 1, 0
7, 98, 0, 1, 0
7, 98, 0, 1, 0
7, 99, 0, 1, 0
7, 99, 0, 1, 0
7, 99, 0, 1, 0
7, 99, 0, 1, 0
7, 99, 0, 1, 0
7, 99, 0, 1, 0
7, 99, 0, 1, 0
7, 99, 0, 0, 0
7, 99, 0, 1, 0
7, 99, 0, 1, 0
7, 99, 0, 1, 0
7, 99, 0, 1, 0
7, 99, 71, 1, 0
7, 99, 71, 1, 0
7, 99, 72, 1, 11
88, 98, 79, 1, 8
88, 98, 79, 1, 5
95, 98, 68, 1, 2
95, 98, 68, 1, 2
95, 98, 68, 1, 2
97, 98, 75, 1, 2
97, 98, 76, 1, 2
97, 98, 76, 1, 2
99, 98, 82, 1, 1
99, 99, 84, 1, 0
99, 99, 85, 1, 0
99, 99, 85, 1, 0
99, 99, 88, 1, 0
99, 99, 89, 1, 0
99, 99, 94, 1, 0
99, 99, 96, 0, 0
99, 99, 98, 0, 0
99, 99, 98, 1, 0
99, 99, 98, 0, 0
99, 99, 98, 1, 0
99, 99, 98, 1, 0
99, 99, 98, 1, 0
99, 99, 98, 1, 0
99, 99, 98, 1, 0
99, 99, 98, 1, 0
99, 99, 98, 1, 0
99, 99, 98, 1, 0
99, 99, 98, 1, 0
99, 99, 98, 1, 0
99, 99, 98, 1, 0
99, 99, 98, 1, 0
99, 99, 99, 1, 0
99, 99, 99, 1, 0
99, 99, 99, 1, 0
99, 99, 98, 0, 1
99, 99, 98, 0, 1
99, 99, 98, 0, 1
96, 99, 98, 0, 1
96, 99, 98, 0, 1
96, 99, 98, 0, 1
92, 99, 98, 0, 1
90, 99, 98, 0, 1
86, 99, 97, 0, 2
86, 99, 97, 0, 2
86, 99, 97, 0, 2
82, 99, 97, 0, 2
82, 99, 97, 0, 2
78, 100, 97, 0, 3
78, 100, 97, 0, 3
77, 99, 97, 0, 3
18, 99, 97, 0, 4
8, 99, 97, 0, 4
2, 99, 90, 0, 6
2, 99, 90, 0, 6
1, 99, 84, 0, 7
1, 100, 82, 0, 7
0, 99, 87, 0, 8
0, 99, 85, 0, 8
0, 99, 81, 0, 9
0, 99, 78, 0, 9
0, 99, 79, 0, 10
0, 99, 74, 0, 31
0, 100, 72, 0, 36
0, 99, 72, 0, 43
0, 99, 71, 0, 54
0, 99, 71, 0, 57
0, 100, 67, 0, 64
0, 100, 69, 0, 81
0, 100, 69, 0, 81
0, 100, 68, 0, 91
0, 100, 68, 0, 92
0, 100, 66, 0, 92
0, 100, 64, 0, 93
0, 100, 63, 0, 94
0, 100, 59, 0, 98
0, 100, 55, 0, 98
0, 100, 55, 0, 98
0, 100, 54, 0, 98
0, 100, 54, 0, 98
0, 99, 54, 0, 98
0, 99, 53, 0, 98
0, 100, 51, 0, 98
0, 100, 51, 0, 98
0, 99, 51, 0, 98
0, 100, 51, 0, 98
0, 99, 50, 0, 98
1, 99, 46, 0, 98
1, 100, 2, 0, 98
2, 100, 0, 0, 98
2, 100, 0, 0, 98
3, 99, 0, 0, 99
3, 99, 0, 0, 99
3, 99, 0, 0, 99
4, 99, 0, 0, 99
4, 99, 0, 0, 99
5, 99, 0, 0, 99
5, 99, 0, 0, 99
6, 99, 0, 0, 99
7, 99, 0, 0, 99
8, 99, 0, 0, 99
8, 99, 0, 0, 99
8, 99, 0, 0, 99
8, 99, 0, 0, 99
8, 99, 0, 0, 99
8, 99, 0, 0, 99
8, 99, 0, 0, 99
8, 99, 0, 0, 99
8, 99, 0, 0, 99
8, 99, 0, 0, 99
8, 99, 0, 1, 99
8, 99, 0, 1, 99
8, 98, 0, 3, 99
8, 98, 0, 3, 99
8, 98, 0, 3, 99
8, 98, 0, 3, 99
8, 98, 0, 3, 99
8, 98, 0, 2, 99
8, 99, 0, 1, 99
8, 99, 0, 1, 99
8, 99, 0, 1, 99
8, 99, 0, 1, 99
8, 99, 0, 1, 99
8, 99, 0, 0, 99
8, 99, 0, 0, 98
8, 99, 0, 0, 98
8, 99, 0, 0, 97
8, 99, 0, 0, 97
8, 99, 0, 0, 96
8, 99, 0, 0, 96
8, 99, 0, 1, 96
8, 99, 0, 1, 85
8, 99, 0, 1, 5
8, 99, 0, 1, 0
7, 99, 0, 1, 0
7, 99, 0, 1, 0
7, 99, 0, 1, 0
7, 99, 0, 1, 0
7, 98, 0, 1, 0
7, 98, 0, 1, 0
7, 98, 0, 1, 0
7, 98, 0, 1, 0
7, 98, 0, 1, 0
7, 98, 0, 1, 0
7, 98, 0, 1, 0
7, 98, 0, 1, 0
7, 98, 0, 1, 0
7, 98, 0, 1, 0
7, 98, 0, 1, 0
7, 98, 0, 1, 0
7, 98, 0, 1, 0
7, 98, 0, 1, 0
7, 98, 0, 1, 0
7, 98, 0, 1, 0
7, 98, 0, 1, 0
7, 98, 0, 1, 0
7, 98, 0, 1, 0
7, 98, 0, 1, 0
7, 98, 0, 1, 0
7, 98, 0, 1, 0
7, 98, 0, 1, 0
7, 98, 0, 1, 0
7, 98, 0, 1, 0
7, 98, 0, 1, 0
7, 98, 0, 1, 0
7, 98, 0, 1, 0
7, 98, 0, 1, 0
7, 98, 0, 1, 0
7, 98, 0, 1, 0
7, 98, 0, 1, 0
7, 98, 0, 1, 0
7, 98, 0, 1, 0
7, 98, 0, 1, 0
7, 98, 0, 1, 0
7, 98, 0, 1, 0
7, 98, 0, 1, 0
7, 98, 0, 1, 0
7, 98, 0, 1, 0
7, 98, 0, 1, 0
7, 98, 0, 1, 0
7, 98, 0, 1, 0
7, 98, 0, 1, 0
7, 98, 0, 1, 0
7, 98, 0, 1, 0
7, 98, 0, 1, 0
7, 98, 0, 1, 0
7, 98, 0, 1, 0
7, 98, 0, 1, 0
7, 98, 0, 1, 0
7, 98, 0, 1, 0
7, 98, 0, 1, 0
7, 98, 0, 1, 0
7, 98, 0, 1, 0
7, 98, 0, 1, 0
7, 98, 0, 1, 0
7, 98, 0, 1, 0
7, 98, 0, 1, 0
7, 98, 0, 1, 0
7, 98, 0, 1, 0
7, 98, 0, 1, 0
7, 98, 0, 1, 0
7, 98, 0, 1, 0
7, 98, 0, 1, 0
7, 98, 0, 1, 0
7, 98, 0, 1, 0
7, 98, 0, 1, 0
7, 98, 0, 1, 0
7, 98, 0, 1, 0
7, 98, 0, 1, 0
7, 98, 0, 1, 0
7, 98, 0, 1, 0
7, 98, 0, 1, 0
7, 98, 0, 1, 0
7, 98, 0, 1, 0
7, 98, 0, 1, 0
7, 98, 0, 1, 0
7, 98, 0, 1, 0
7, 98, 0, 1, 0
7, 98, 0, 1, 0
7, 98, 0, 1, 0
7, 98, 0, 1, 0
7, 98, 0, 1, 0
7, 98, 0, 1, 0
7, 98, 0, 1, 0
7, 98, 0, 1, 0
7, 98, 0, 1, 0
8, 98, 62, 1, 0
8, 98, 62, 1, 0
98, 71, 1, 0, 9
98, 72, 1, 0, 9
89, 98, 73, 1, 11
89, 98, 73, 1, 11
89, 98, 74, 1, 9
90, 98, 76, 1, 7
90, 98, 77, 1, 6
94, 98, 78, 1, 4
94, 98, 74, 1, 3
95, 98, 68, 1, 3
97, 98, 64, 1, 3
98, 98, 73, 1, 2
98, 98, 73, 1, 2
99, 99, 89, 1, 2
99, 99, 91, 1, 2
99, 99, 94, 1, 2
99, 99, 94, 0, 2
99, 99, 94, 0, 2
97, 99, 94, 0, 2
96, 99, 95, 0, 2
96, 99, 95, 0, 2
92, 99, 96, 0, 2
91, 99, 96, 0, 2
88, 99, 96, 0, 2
86, 100, 96, 0, 2
86, 99, 96, 0, 3
83, 99, 96, 0, 3
81, 99, 96, 0, 3
81, 99, 96, 0, 3
64, 99, 96, 0, 3
34, 99, 96, 0, 3
18, 99, 96, 0, 4
8, 99, 95, 0, 5
5, 99, 94, 0, 5
4, 99, 93, 0, 20
4, 99, 92, 0, 24
4, 99, 92, 0, 25
3, 99, 91, 0, 28
3, 99, 89, 0, 30
1, 100, 82, 0, 36
1, 99, 82, 0, 36
1, 99, 80, 0, 37
0, 99, 76, 0, 40
0, 99, 75, 0, 41
0, 99, 74, 0, 47
0, 99, 74, 0, 47
0, 99, 74, 0, 47
0, 100, 74, 0, 82
0, 99, 73, 0, 83
0, 100, 72, 0, 84
0, 99, 65, 0, 89
0, 99, 65, 0, 90
0, 99, 65, 0, 91
0, 100, 68, 0, 92
0, 100, 68, 0, 92
0, 100, 68, 0, 97
0, 99, 68, 0, 97
0, 99, 68, 0, 97
0, 99, 66, 0, 97
0, 99, 65, 0, 97
0, 99, 63, 0, 98
0, 100, 61, 0, 98
0, 100, 61, 0, 98
0, 100, 56, 0, 98
0, 100, 56, 0, 98
0, 100, 56, 0, 98
0, 100, 56, 0, 98
0, 100, 56, 0, 98
0, 99, 55, 0, 98
0, 100, 57, 0, 98
0, 99, 55, 0, 99
0, 99, 0, 0, 99
0, 99, 0, 0, 99
0, 99, 0, 0, 99
1, 99, 0, 0, 99
1, 99, 0, 0, 99
2, 99, 0, 0, 99
2, 99, 0, 0, 99
2, 99, 0, 0, 99
2, 99, 0, 0, 99
2, 99, 0, 0, 99
2, 99, 0, 0, 99
3, 99, 0, 0, 99
3, 99, 0, 0, 99
3, 99, 0, 0, 99
2, 100, 0, 0, 99
2, 99, 0, 0, 99
3, 99, 0, 0, 99
3, 99, 0, 0, 99
3, 99, 0, 0, 99
3, 99, 0, 0, 99
3, 99, 0, 0, 99
3, 99, 0, 0, 99
3, 99, 0, 0, 99
3, 99, 0, 0, 99
3, 99, 0, 0, 99
3, 99, 0, 0, 100
3, 99, 0, 0, 100
3, 99, 0, 0, 99
3, 99, 0, 0, 99
3, 99, 0, 0, 99
3, 99, 0, 0, 100
3, 99, 0, 0, 99
6, 99, 0, 0, 99
6, 99, 0, 0, 99
6, 99, 0, 0, 99
6, 99, 0, 0, 99
6, 99, 0, 0, 99
7, 99, 0, 0, 99
6, 99, 0, 0, 99
7, 99, 0, 0, 99
6, 99, 0, 0, 99
7, 99, 0, 1, 99
7, 99, 0, 1, 99
7, 99, 0, 4, 99
6, 99, 0, 4, 99
6, 99, 0, 5, 99
6, 95, 0, 7, 99
6, 95, 0, 7, 99
6, 90, 0, 11, 99
6, 89, 0, 12, 99
6, 89, 0, 14, 99
6, 87, 0, 51, 99
6, 87, 0, 53, 99
6, 87, 0, 53, 99
6, 89, 0, 55, 99
6, 91, 0, 56, 99
6, 92, 0, 41, 98
6, 92, 0, 41, 98
6, 92, 0, 41, 97
7, 52, 0, 49, 97
6, 52, 0, 49, 97
6, 52, 0, 49, 97
6, 52, 0, 0, 96
6, 52, 0, 0, 96
6, 52, 0, 0, 85
6, 52, 0, 0, 85
6, 0, 0, 0, 85
5, 0, 0, 0, 0
5, 0, 0, 0, 0
5, 0, 0, 0, 0
5, 0, 0, 1, 0
5, 28, 0, 1, 0
5, 28, 0, 1, 0
5, 81, 0, 1, 0
5, 81, 0, 1, 0
5, 98, 0, 1, 0
5, 97, 0, 1, 0
6, 26, 0, 1, 0
5, 0, 0, 1, 0
5, 0, 0, 1, 0
5, 97, 0, 1, 0
5, 97, 0, 1, 0
5, 98, 0, 1, 0
5, 98, 0, 1, 0
5, 98, 0, 1, 0
5, 98, 0, 1, 0
5, 98, 0, 1, 0
5, 98, 0, 1, 0
5, 98, 0, 1, 0
5, 98, 0, 1, 0
5, 98, 0, 1, 0
5, 98, 0, 1, 0
5, 98, 0, 1, 0
5, 98, 0, 1, 0
5, 98, 0, 1, 0
5, 98, 0, 1, 0
5, 98, 0, 1, 0
5, 98, 0, 1, 0
5, 98, 0, 1, 0
5, 98, 0, 1, 0
5, 98, 0, 1, 0
5, 98, 0, 1, 0
5, 98, 0, 1, 0
5, 98, 0, 1, 0
5, 98, 0, 1, 0
5, 98, 0, 1, 0
6, 98, 0, 1, 0
5, 98, 0, 1, 0
5, 98, 0, 1, 0
5, 98, 0, 1, 0
5, 98, 0, 1, 0
5, 98, 0, 1, 0
5, 98, 0, 1, 0
5, 98, 0, 1, 0
5, 98, 0, 1, 0
5, 98, 0, 1, 0
5, 98, 0, 1, 0
5, 98, 0, 1, 0
5, 98, 0, 1, 0
5, 98, 0, 1, 0
5, 98, 0, 1, 0
5, 98, 0, 1, 0
5, 98, 0, 1, 0
5, 98, 0, 1, 0
5, 98, 0, 1, 0
5, 98, 0, 1, 0
5, 98, 0, 1, 0
5, 98, 0, 1, 0
6, 99, 0, 1, 0
5, 99, 0, 1, 0
6, 99, 0, 1, 0
5, 99, 0, 1, 0
5, 99, 0, 1, 0
5, 99, 0, 1, 0
5, 99, 0, 1, 0
6, 99, 0, 1, 0
5, 99, 0, 1, 0
5, 99, 0, 1, 0
5, 99, 0, 1, 0
5, 99, 0, 1, 0
5, 99, 0, 1, 0
5, 99, 0, 1, 0
5, 98, 0, 1, 0
5, 98, 0, 1, 0
5, 98, 0, 1, 0
5, 98, 0, 1, 0
5, 98, 0, 1, 0
5, 98, 0, 1, 0
5, 98, 0, 1, 0
5, 98, 0, 1, 0
5, 98, 72, 1, 10
6, 99, 73, 1, 10
91, 98, 79, 1, 4
93, 98, 73, 1, 3
95, 98, 81, 1, 2
95, 98, 81, 1, 2
96, 98, 82, 1, 2
97, 98, 82, 1, 2
99, 98, 80, 1, 1
99, 98, 78, 1, 1
99, 99, 81, 1, 0
99, 99, 81, 1, 0
99, 99, 79, 1, 0
99, 99, 94, 1, 0
99, 99, 94, 1, 0
99, 99, 95, 1, 0
99, 99, 97, 1, 0
99, 99, 98, 1, 0
99, 99, 98, 1, 0
99, 99, 98, 1, 0
99, 99, 98, 1, 0
99, 99, 98, 1, 0
99, 99, 98, 1, 0
99, 99, 98, 1, 0
99, 99, 98, 1, 0
99, 99, 98, 1, 0
99, 99, 98, 1, 0
99, 99, 99, 1, 0
99, 99, 99, 1, 0
99, 99, 99, 1, 0
99, 99, 99, 1, 0
99, 99, 99, 1, 1
96, 99, 99, 0, 1
95, 99, 99, 0, 1
91, 99, 99, 0, 1
91, 99, 99, 0, 1
91, 99, 99, 0, 1
89, 99, 99, 0, 1
89, 99, 99, 0, 1
84, 99, 99, 0, 1
83, 99, 99, 0, 1
80, 99, 99, 0, 1
77, 99, 99, 0, 2
76, 99, 99, 0, 2
76, 99, 99, 0, 2
73, 99, 98, 0, 2
72, 100, 98, 0, 2
72, 100, 98, 0, 2
10, 99, 98, 0, 3
5, 99, 98, 0, 3
1, 99, 97, 0, 5
1, 99, 97, 0, 5
1, 100, 97, 0, 5
0, 99, 92, 0, 7
0, 99, 91, 0, 7
0, 99, 91, 0, 7
0, 99, 75, 0, 8
0, 99, 81, 0, 9
0, 99, 81, 0, 9
0, 100, 81, 0, 10
0, 99, 76, 0, 33
0, 99, 70, 0, 46
0, 100, 73, 0, 52
0, 100, 73, 0, 61
0, 100, 71, 0, 82
0, 100, 68, 0, 84
0, 100, 65, 0, 92
0, 100, 65, 0, 93
0, 99, 68, 0, 93
0, 99, 64, 0, 95
0, 99, 63, 0, 95
0, 100, 62, 0, 96
0, 100, 61, 0, 96
0, 99, 55, 0, 98
0, 99, 55, 0, 98
0, 99, 55, 0, 98
0, 100, 55, 0, 98
0, 99, 54, 0, 99
0, 99, 54, 0, 99
0, 99, 54, 0, 99
0, 99, 53, 0, 99
0, 99, 53, 0, 99
0, 100, 52, 0, 99
0, 99, 52, 0, 99
2, 99, 0, 0, 99
2, 99, 0, 0, 99
2, 99, 0, 0, 99
2, 99, 0, 0, 99
2, 99, 0, 0, 99
2, 99, 0, 0, 99
3, 99, 0, 0, 99
3, 99, 0, 0, 99
3, 99, 0, 0, 99
3, 99, 0, 0, 99
3, 99, 0, 0, 99
3, 99, 0, 0, 99
4, 99, 0, 0, 99
4, 99, 0, 0, 99
4, 99, 0, 0, 99
4, 99, 0, 0, 99
4, 99, 0, 0, 99
4, 99, 0, 0, 100
4, 99, 0, 0, 99
5, 99, 0, 0, 100
5, 99, 0, 0, 99
5, 99, 0, 0, 99
6, 99, 0, 0, 99
6, 99, 0, 0, 99
6, 99, 0, 0, 99
4, 99, 0, 0, 99
4, 99, 0, 0, 99
4, 99, 0, 0, 99
8, 99, 0, 0, 99
8, 99, 0, 0, 99
8, 99, 0, 0, 99
8, 99, 0, 0, 99
8, 99, 0, 0, 99
8, 99, 0, 0, 99
8, 99, 0, 0, 99
8, 99, 0, 0, 99
8, 99, 0, 0, 99
8, 99, 0, 0, 99
8, 99, 0, 0, 99
8, 99, 0, 0, 99
8, 99, 0, 0, 99
8, 99, 0, 0, 99
8, 99, 0, 0, 99
8, 99, 0, 0, 99
8, 99, 0, 0, 99
8, 99, 0, 0, 99
8, 99, 0, 0, 99
8, 99, 0, 0, 98
8, 99, 0, 0, 98
8, 99, 0, 0, 97
8, 99, 0, 0, 97
8, 99, 0, 0, 97
8, 99, 0, 0, 96
8, 99, 0, 0, 96
8, 99, 0, 1, 86
8, 99, 0, 1, 86
8, 99, 0, 1, 86
7, 99, 0, 1, 0
7, 99, 0, 1, 0
7, 99, 0, 1, 0
7, 99, 0, 1, 0
7, 99, 0, 1, 0
7, 99, 0, 1, 0
7, 99, 0, 1, 0
7, 99, 0, 1, 0
7, 99, 0, 1, 0
7, 99, 0, 1, 0
7, 98, 0, 1, 0
7, 98, 0, 1, 0
7, 98, 0, 1, 0
7, 98, 0, 1, 0
7, 98, 0, 1, 0
7, 98, 0, 1, 0
7, 98, 0, 1, 0
7, 98, 0, 1, 0
7, 98, 0, 1, 0
8, 98, 0, 1, 0
8, 98, 0, 1, 0
8, 98, 0, 1, 0
8, 98, 0, 1, 0
8, 98, 0, 1, 0
8, 98, 0, 1, 0
8, 98, 0, 1, 0
8, 98, 0, 1, 0
8, 98, 0, 1, 0
8, 98, 0, 1, 0
8, 98, 0, 1, 0
8, 98, 0, 1, 0
8, 98, 0, 1, 0
8, 98, 0, 1, 0
8, 98, 0, 1, 0
8, 98, 0, 1, 0
8, 98, 0, 1, 0
8, 98, 0, 1, 0
8, 98, 0, 1, 0
8, 98, 0, 1, 0
8, 98, 0, 1, 0
8, 98, 0, 1, 0
8, 98, 0, 1, 0
8, 98, 0, 1, 0
8, 98, 0, 1, 0
8, 98, 0, 1, 0
8, 98, 0, 1, 0
8, 98, 0, 1, 0
8, 98, 0, 1, 0
8, 98, 0, 1, 0
8, 99, 0, 1, 0
8, 99, 0, 1, 0
8, 99, 0, 1, 0
8, 99, 0, 1, 0
8, 99, 0, 1, 0
7, 99, 0, 1, 0
8, 99, 0, 1, 0
8, 99, 0, 1, 0
8, 99, 0, 1, 0
8, 99, 0, 1, 0
8, 99, 0, 1, 0
8, 99, 0, 1, 0
8, 99, 0, 1, 0
7, 99, 0, 1, 0
8, 99, 0, 1, 0
8, 99, 0, 1, 0
8, 99, 0, 1, 0
8, 98, 0, 1, 0
8, 98, 0, 1, 0
8, 98, 0, 1, 0
8, 99, 0, 1, 0
7, 99, 0, 1, 0
8, 99, 0, 1, 0
8, 99, 0, 1, 0
8, 99, 0, 1, 0
8, 99, 0, 1, 0
8, 99, 0, 1, 0
8, 99, 0, 1, 0
8, 99, 0, 1, 0
8, 99, 0, 1, 0
8, 99, 0, 1, 0
7, 98, 0, 1, 0
8, 98, 0, 1, 0
8, 98, 0, 1, 0
7, 98, 73, 1, 0
7, 98, 79, 1, 7
89, 98, 79, 1, 7
89, 98, 77, 1, 7
90, 98, 75, 1, 4
92, 98, 79, 1, 2
95, 98, 78, 1, 2
97, 98, 82, 1, 2
97, 98, 82, 1, 2
97, 98, 80, 1, 2
99, 99, 80, 1, 1
99, 99, 80, 1, 1
99, 99, 80, 1, 1
99, 99, 86, 1, 1
99, 99, 88, 1, 1
99, 99, 90, 1, 1
99, 99, 92, 1, 0
99, 99, 93, 1, 0
99, 99, 95, 1, 0
99, 99, 96, 1, 0
99, 99, 96, 1, 0
99, 99, 97, 1, 0
99, 99, 98, 1, 0
99, 99, 98, 1, 0
99, 99, 98, 1, 0
99, 99, 98, 1, 0
99, 99, 98, 1, 0
99, 99, 98, 1, 0
99, 99, 98, 1, 0
99, 99, 98, 1, 0
99, 99, 98, 1, 0
99, 99, 98, 1, 0
99, 99, 98, 1, 0
99, 99, 98, 1, 0
99, 99, 98, 1, 0
99, 99, 99, 1, 0
99, 99, 98, 1, 0
99, 99, 99, 1, 1
99, 99, 99, 1, 0
99, 99, 99, 1, 1
99, 99, 99, 1, 1
99, 99, 99, 1, 1
99, 99, 98, 1, 1
99, 99, 98, 1, 1
99, 99, 98, 1, 1
93, 99, 98, 0, 1
93, 99, 98, 0, 1
92, 100, 98, 0, 1
91, 100, 98, 0, 1
89, 99, 98, 0, 1
84, 99, 98, 0, 2
84, 99, 98, 0, 2
84, 100, 98, 0, 2
80, 99, 97, 0, 2
80, 99, 97, 0, 3
80, 100, 97, 0, 3
76, 99, 97, 0, 4
76, 99, 97, 0, 4
76, 99, 95, 0, 5
76, 99, 95, 0, 5
76, 100, 93, 0, 6
5, 99, 87, 0, 7
4, 100, 83, 0, 7
1, 99, 82, 0, 8
1, 100, 79, 0, 29
1, 99, 81, 0, 30
1, 99, 79, 0, 34
0, 99, 75, 0, 40
0, 99, 76, 0, 42
0, 99, 74, 0, 45
0, 99, 75, 0, 51
0, 99, 69, 0, 84
0, 99, 69, 0, 84
0, 99, 70, 0, 85
0, 100, 71, 0, 92
0, 99, 69, 0, 93
0, 99, 65, 0, 94
0, 99, 65, 0, 94
0, 99, 65, 0, 94
0, 100, 67, 0, 95
0, 99, 64, 0, 96
0, 99, 62, 0, 96
0, 100, 60, 0, 98
0, 99, 60, 0, 98
0, 99, 59, 0, 98
0, 100, 57, 0, 98
0, 100, 57, 0, 99
0, 99, 56, 0, 99
0, 99, 55, 0, 99
0, 99, 55, 0, 99
0, 99, 55, 0, 99
0, 100, 55, 0, 99
0, 100, 55, 0, 99
0, 99, 52, 0, 99
0, 99, 49, 0, 99
0, 99, 49, 0, 99
0, 99, 47, 0, 99
0, 99, 0, 0, 99
2, 99, 0, 0, 99
2, 100, 0, 0, 99
2, 99, 0, 0, 99
2, 99, 0, 0, 99
2, 99, 0, 0, 99
2, 99, 0, 0, 99
3, 99, 0, 0, 99
3, 99, 0, 0, 99
3, 99, 0, 0, 99
4, 99, 0, 0, 99
4, 99, 0, 0, 99
4, 99, 0, 0, 99
5, 99, 0, 0, 100
5, 99, 0, 0, 99
5, 99, 0, 0, 99
4, 99, 0, 0, 99
4, 99, 0, 0, 99
8, 99, 0, 0, 99
8, 99, 0, 0, 99
8, 99, 0, 0, 99
8, 99, 0, 0, 99
8, 99, 0, 0, 99
8, 99, 0, 0, 99
8, 99, 0, 0, 99
8, 99, 0, 0, 99
8, 99, 0, 0, 99
8, 99, 0, 2, 99
8, 99, 0, 3, 99
8, 98, 0, 3, 99
8, 98, 0, 3, 99
8, 98, 0, 3, 99
8, 98, 0, 3, 99
8, 99, 0, 2, 99
8, 99, 0, 2, 99
8, 99, 0, 1, 99
8, 99, 0, 1, 98
8, 99, 0, 2, 97
8, 99, 0, 2, 97
8, 99, 0, 2, 97
8, 98, 0, 1, 96
8, 98, 0, 1, 94
8, 98, 0, 1, 91
8, 99, 0, 1, 86
8, 99, 0, 1, 85
8, 99, 0, 1, 85
8, 99, 0, 1, 0
7, 99, 0, 1, 0
7, 99, 0, 1, 0
7, 98, 0, 1, 0
7, 98, 0, 1, 0
7, 98, 0, 1, 0
7, 98, 0, 1, 0
7, 98, 0, 1, 0
7, 98, 0, 1, 0
7, 98, 0, 1, 0
7, 98, 0, 1, 0
7, 98, 0, 1, 0
7, 81, 0, 1, 0
7, 91, 0, 1, 0
7, 98, 0, 1, 0
7, 98, 0, 1, 0
7, 98, 0, 1, 0
7, 98, 0, 1, 0
7, 98, 0, 1, 0
7, 98, 0, 1, 0
7, 98, 0, 1, 0
7, 98, 0, 1, 0
7, 98, 0, 1, 0
7, 98, 0, 1, 0
7, 98, 0, 1, 0
7, 98, 0, 1, 0
7, 98, 0, 1, 0
7, 98, 0, 1, 0
7, 98, 0, 1, 0
7, 98, 0, 1, 0
7, 98, 0, 1, 0
7, 98, 0, 1, 0
7, 98, 0, 1, 0
7, 98, 0, 1, 0
7, 98, 0, 1, 0
7, 98, 0, 1, 0
7, 98, 0, 1, 0
7, 98, 0, 1, 0
7, 98, 0, 1, 0
7, 98, 0, 1, 0
7, 98, 0, 1, 0
7, 98, 0, 1, 0
7, 98, 0, 1, 0
7, 98, 0, 1, 0
7, 98, 0, 1, 0
7, 98, 0, 1, 0
7, 98, 0, 1, 0
7, 98, 0, 1, 0
7, 98, 0, 1, 0
7, 98, 0, 1, 0
7, 98, 0, 1, 0
7, 98, 0, 1, 0
7, 98, 0, 1, 0
7, 98, 0, 1, 0
7, 98, 0, 1, 0
7, 98, 0, 1, 0
7, 98, 0, 1, 0
7, 98, 0, 1, 0
7, 98, 0, 1, 0
7, 98, 0, 1, 0
7, 98, 0, 1, 0
7, 98, 0, 1, 0
7, 99, 0, 1, 0
7, 98, 0, 1, 0
7, 99, 0, 1, 0
7, 99, 0, 1, 0
7, 98, 0, 1, 0
7, 98, 0, 1, 0
7, 98, 0, 1, 0
7, 99, 0, 1, 0
7, 99, 0, 1, 0
7, 98, 0, 1, 0
7, 99, 0, 1, 0
7, 98, 0, 1, 0
7, 98, 0, 1, 0
7, 98, 0, 1, 0
7, 98, 0, 1, 0
7, 98, 0, 1, 0
7, 99, 0, 1, 0
7, 99, 0, 1, 0
7, 99, 0, 1, 0
7, 99, 0, 1, 0
7, 99, 0, 1, 0
7, 98, 69, 1, 0
7, 98, 69, 1, 0
7, 99, 73, 1, 0
89, 99, 80, 1, 8
89, 98, 78, 1, 7
88, 98, 77, 1, 5
92, 98, 71, 1, 3
92, 98, 72, 1, 2
95, 98, 80, 1, 2
95, 98, 80, 1, 2
96, 98, 83, 1, 1
96, 98, 83, 1, 1
96, 99, 82, 1, 1
96, 99, 82, 1, 1
97, 99, 84, 1, 1
98, 99, 89, 1, 1
98, 99, 89, 1, 1
99, 99, 92, 1, 1
99, 99, 93, 1, 1
99, 99, 96, 1, 0
99, 99, 96, 1, 0
99, 99, 96, 1, 0
99, 99, 96, 1, 0
99, 99, 96, 1, 0
99, 99, 98, 1, 0
99, 99, 98, 1, 0
99, 99, 98, 1, 0
99, 99, 98, 1, 0
99, 99, 98, 1, 0
99, 99, 98, 1, 0
99, 99, 98, 1, 0
99, 99, 98, 1, 0
99, 99, 98, 1, 0
99, 99, 98, 1, 0
99, 99, 98, 1, 0
99, 99, 98, 1, 0
99, 99, 99, 1, 0
99, 99, 98, 1, 0
99, 99, 98, 0, 0
99, 99, 98, 0, 0
99, 99, 99, 1, 0
99, 99, 99, 1, 0
99, 99, 99, 1, 0
99, 99, 99, 1, 1
98, 99, 99, 1, 1
96, 99, 99, 1, 1
95, 99, 98, 0, 1
94, 99, 98, 0, 1
90, 99, 98, 0, 1
89, 99, 98, 0, 1
88, 99, 98, 0, 1
84, 99, 97, 0, 2
84, 100, 97, 0, 2
84, 100, 97, 0, 2
78, 99, 97, 0, 2
32, 99, 97, 0, 3
32, 99, 97, 0, 3
22, 99, 97, 0, 3
22, 100, 97, 0, 4
8, 99, 96, 0, 5
8, 99, 96, 0, 5
2, 99, 94, 0, 8
1, 99, 81, 0, 8
0, 99, 81, 0, 9
0, 99, 81, 0, 9
0, 99, 77, 0, 30
0, 100, 82, 0, 32
0, 99, 74, 0, 42
0, 99, 76, 0, 46
0, 99, 76, 0, 46
0, 100, 72, 0, 81
0, 100, 70, 0, 83
0, 99, 74, 0, 91
0, 99, 73, 0, 92
0, 99, 73, 0, 92
0, 99, 71, 0, 94
0, 99, 69, 0, 94
0, 99, 69, 0, 95
0, 100, 65, 0, 96
0, 99, 62, 0, 97
0, 99, 62, 0, 97
0, 100, 60, 0, 98
0, 100, 56, 0, 98
0, 100, 56, 0, 98
0, 99, 55, 0, 99
0, 99, 55, 0, 99
0, 99, 55, 0, 99
0, 100, 54, 0, 99
0, 100, 54, 0, 99
0, 99, 53, 0, 99
0, 99, 53, 0, 99
1, 99, 51, 0, 99
1, 99, 51, 0, 99
1, 99, 51, 0, 99
2, 99, 0, 0, 99
3, 100, 0, 0, 99
3, 100, 0, 0, 99
3, 99, 0, 0, 99
3, 99, 0, 0, 99
3, 99, 0, 0, 99
4, 99, 0, 0, 99
4, 99, 0, 0, 99
4, 99, 0, 0, 99
4, 99, 0, 0, 99
5, 99, 0, 0, 99
5, 99, 0, 0, 99
5, 99, 0, 0, 99
6, 99, 0, 0, 99
6, 99, 0, 0, 99
6, 99, 0, 0, 99
3, 99, 0, 0, 99
3, 99, 0, 0, 99
8, 99, 0, 0, 99
8, 99, 0, 0, 99
8, 99, 0, 0, 99
8, 99, 0, 0, 99
8, 99, 0, 0, 99
8, 99, 0, 0, 99
8, 99, 0, 0, 99
8, 99, 0, 0, 99
8, 99, 0, 1, 99
8, 99, 0, 1, 99
8, 99, 0, 2, 99
8, 98, 0, 3, 99
8, 98, 0, 3, 99
8, 98, 0, 4, 99
8, 98, 0, 4, 99
8, 98, 0, 3, 99
8, 98, 0, 3, 99
8, 98, 0, 3, 99
8, 98, 0, 2, 99
8, 98, 0, 1, 99
8, 98, 0, 1, 99
8, 99, 0, 1, 99
8, 99, 0, 1, 99
8, 99, 0, 0, 99
8, 99, 0, 0, 99
8, 99, 0, 0, 99
8, 99, 0, 0, 99
8, 99, 0, 0, 99
8, 99, 0, 0, 98
8, 99, 0, 0, 98
8, 99, 0, 0, 97
8, 99, 0, 0, 97
8, 99, 0, 0, 96
8, 99, 0, 1, 96
8, 99, 0, 1, 86
8, 99, 0, 1, 86
8, 99, 0, 1, 85
8, 99, 0, 1, 85
7, 99, 0, 1, 0
7, 99, 0, 1, 0
7, 99, 0, 1, 0
7, 99, 0, 1, 0
7, 99, 0, 1, 0
7, 99, 0, 1, 0
7, 99, 0, 1, 0
7, 98, 0, 1, 0
7, 98, 0, 1, 0
7, 98, 0, 1, 0
7, 98, 0, 1, 0
7, 98, 0, 1, 0
7, 98, 0, 1, 0
7, 98, 0, 1, 0
7, 98, 0, 1, 0
7, 98, 0, 1, 0
7, 98, 0, 1, 0
7, 98, 0, 1, 0
7, 98, 0, 1, 0
7, 98, 0, 1, 0
7, 98, 0, 1, 0
7, 98, 0, 1, 0
8, 98, 0, 1, 0
8, 98, 0, 1, 0
8, 98, 0, 1, 0
8, 98, 0, 1, 0
8, 98, 0, 1, 0
8, 98, 0, 1, 0
8, 98, 0, 1, 0
8, 98, 0, 1, 0
8, 98, 0, 1, 0
8, 98, 0, 1, 0
8, 98, 0, 1, 0
8, 98, 0, 1, 0
8, 98, 0, 1, 0
8, 98, 0, 1, 0
8, 98, 0, 1, 0
8, 98, 0, 1, 0
8, 98, 0, 1, 0
8, 98, 0, 1, 0
8, 98, 0, 1, 0
8, 98, 0, 1, 0
8, 98, 0, 1, 0
8, 98, 0, 1, 0
8, 98, 0, 1, 0
8, 98, 0, 1, 0
8, 98, 0, 1, 0
8, 98, 0, 1, 0
8, 98, 0, 1, 0
8, 98, 0, 1, 0
8, 98, 0, 1, 0
8, 98, 0, 1, 0
8, 98, 0, 1, 0
8, 98, 0, 1, 0
8, 98, 0, 1, 0
8, 98, 0, 1, 0
8, 98, 0, 1, 0
8, 98, 0, 1, 0
8, 98, 0, 1, 0
8, 98, 0, 1, 0
8, 98, 0, 1, 0
8, 98, 0, 1, 0
8, 98, 0, 1, 0
8, 98, 0, 1, 0
8, 98, 0, 1, 0
8, 98, 0, 1, 0
8, 98, 0, 1, 0
8, 98, 0, 1, 0
8, 98, 0, 1, 0
8, 98, 0, 1, 0
8, 98, 0, 1, 0
8, 98, 0, 1, 0
8, 99, 0, 1, 0
8, 99, 0, 1, 0
8, 98, 0, 1, 0
8, 98, 0, 1, 0
8, 98, 0, 1, 0
8, 98, 0, 1, 0
8, 98, 0, 1, 0
8, 98, 0, 1, 0
8, 98, 0, 1, 0
8, 98, 0, 1, 0
8, 98, 0, 1, 0
8, 98, 0, 1, 0
8, 98, 0, 1, 0
8, 98, 0, 1, 0
8, 98, 0, 1, 0
8, 98, 0, 1, 0
7, 98, 73, 1, 0
7, 98, 74, 1, 0
7, 98, 72, 1, 0
7, 98, 72, 1, 0
7, 98, 72, 1, 0
89, 98, 75, 1, 11
89, 98, 75, 1, 12
89, 98, 75, 1, 10
89, 98, 76, 1, 8
89, 98, 75, 1, 9
89, 98, 76, 1, 8
89, 98, 77, 1, 7
89, 98, 78, 1, 8
90, 98, 79, 1, 7
91, 98, 80, 1, 7
91, 98, 80, 1, 6
93, 98, 76, 1, 4
93, 98, 76, 1, 4
95, 98, 80, 1, 3
95, 98, 80, 1, 3
95, 98, 80, 1, 2
97, 98, 82, 1, 2
97, 98, 84, 1, 2
97, 98, 85, 1, 2
99, 98, 88, 1, 2
99, 98, 91, 1, 1
99, 98, 91, 1, 1
99, 98, 92, 1, 2
99, 98, 93, 1, 1
99, 98, 94, 1, 1
99, 98, 94, 1, 1
99, 98, 95, 1, 1
99, 98, 96, 1, 1
99, 98, 96, 1, 1
99, 99, 97, 1, 0
99, 99, 97, 1, 0
99, 99, 97, 1, 0
99, 99, 98, 1, 0
99, 99, 98, 1, 0
99, 99, 98, 1, 0
99, 99, 98, 1, 0
99, 99, 98, 1, 0
99, 99, 98, 1, 0
99, 99, 98, 1, 0
99, 99, 98, 1, 0
99, 99, 98, 1, 0
99, 99, 98, 1, 0
99, 99, 98, 1, 0
99, 99, 98, 1, 0
99, 99, 98, 1, 0
99, 99, 98, 1, 1
99, 99, 98, 1, 1
99, 99, 98, 1, 0
99, 99, 98, 0, 1
99, 99, 98, 0, 1
99, 99, 98, 1, 1
99, 99, 98, 1, 1
99, 99, 98, 1, 1
96, 99, 98, 0, 1
94, 99, 98, 0, 1
94, 99, 98, 0, 1
98, 0, 5, 99, 9
97, 0, 5, 99, 9
96, 0, 5, 99, 9
96, 0, 5, 99, 9
94, 0, 6, 99, 9
93, 0, 6, 99, 9
93, 0, 7, 99, 9
92, 0, 7, 99, 9
92, 0, 7, 99, 9
92, 0, 8, 99, 9
90, 0, 10, 99, 9
89, 0, 10, 99, 9
88, 0, 11, 99, 9
88, 0, 13, 99, 9
88, 0, 13, 99, 9
86, 0, 13, 99, 9
86, 0, 13, 99, 9
86, 0, 13, 99, 9
86, 0, 11, 99, 9
86, 0, 11, 99, 9
88, 0, 10, 99, 9
88, 0, 10, 99, 9
90, 0, 7, 99, 9
90, 0, 7, 99, 9
92, 0, 6, 99, 9
96, 0, 5, 99, 9
96, 0, 5, 99, 9
98, 0, 3, 99, 9
98, 0, 3, 99, 9
99, 0, 2, 99, 9
99, 0, 2, 99, 9
99, 0, 2, 98, 9
99, 0, 2, 98, 9
99, 0, 2, 97, 9
99, 0, 2, 97, 9
99, 0, 2, 96, 9
99, 0, 1, 97, 9
99, 0, 1, 97, 9
99, 0, 1, 95, 9
99, 0, 1, 89, 9
99, 0, 1, 86, 9
99, 0, 1, 85, 9
8, 99, 0, 1, 0
8, 99, 0, 1, 0
8, 99, 0, 1, 0
8, 99, 0, 1, 0
8, 98, 0, 1, 0
8, 98, 0, 1, 0
8, 98, 0, 1, 0
8, 98, 0, 1, 0
8, 98, 0, 1, 0
8, 97, 0, 1, 0
8, 97, 0, 1, 0
8, 97, 0, 1, 0
8, 0, 0, 1, 0
8, 0, 0, 1, 0
8, 0, 0, 1, 0
8, 0, 0, 1, 0
8, 0, 0, 1, 0
8, 0, 0, 1, 0
8, 0, 0, 1, 0
8, 0, 0, 1, 0
8, 98, 0, 1, 0
8, 98, 0, 1, 0
8, 98, 0, 1, 0
8, 98, 0, 1, 0
8, 98, 0, 1, 0
8, 98, 0, 1, 0
8, 98, 0, 1, 0
8, 98, 0, 1, 0
8, 98, 0, 1, 0
8, 98, 0, 1, 0
8, 98, 0, 1, 0
8, 98, 0, 1, 0
8, 98, 0, 1, 0
8, 98, 0, 1, 0
8, 98, 0, 1, 0
8, 98, 0, 1, 0
8, 98, 0, 1, 0
8, 98, 0, 1, 0
8, 98, 0, 1, 0
8, 98, 0, 1, 0
8, 98, 0, 1, 0
8, 98, 0, 1, 0
8, 98, 0, 1, 0
8, 98, 0, 1, 0
8, 98, 0, 1, 0
8, 98, 0, 1, 0
8, 98, 0, 1, 0
8, 98, 0, 1, 0
8, 98, 0, 1, 0
8, 98, 0, 1, 0
8, 99, 0, 1, 0
8, 99, 0, 1, 0
8, 99, 0, 1, 0
8, 99, 0, 1, 0
8, 99, 0, 1, 0
8, 99, 0, 1, 0
8, 99, 0, 1, 0
8, 99, 0, 1, 0
8, 99, 0, 1, 0
8, 99, 0, 1, 0
8, 99, 0, 1, 0
8, 99, 0, 1, 0
8, 99, 0, 1, 0
8, 99, 0, 1, 0
8, 99, 0, 1, 0
8, 99, 0, 1, 0
8, 99, 0, 1, 0
8, 99, 0, 1, 0
8, 99, 0, 1, 0
8, 99, 0, 1, 0
8, 99, 0, 1, 0
8, 99, 0, 1, 0
8, 99, 0, 1, 0
8, 99, 0, 1, 0
8, 99, 0, 1, 0
8, 99, 0, 1, 0
8, 99, 0, 1, 0
8, 99, 0, 1, 0
8, 99, 0, 1, 0
8, 99, 0, 1, 0
8, 99, 0, 1, 0
8, 99, 0, 1, 0
8, 99, 0, 1, 0
8, 99, 0, 1, 0
8, 99, 0, 1, 0
8, 99, 0, 1, 0
8, 99, 0, 1, 0
8, 99, 0, 1, 0
8, 99, 0, 1, 0
8, 99, 0, 1, 0
8, 99, 0, 1, 0
8, 99, 0, 1, 0
8, 99, 0, 1, 0
8, 99, 0, 1, 0
8, 99, 66, 1, 0
8, 99, 66, 1, 0
8, 98, 68, 1, 0
89, 98, 74, 1, 10
89, 98, 76, 1, 8
89, 98, 76, 1, 8
90, 98, 79, 1, 5
92, 98, 80, 1, 5
92, 98, 80, 1, 4
95, 98, 75, 1, 3
97, 98, 83, 1, 2
97, 98, 83, 1, 2
97, 98, 83, 1, 2
97, 98, 83, 1, 2
99, 98, 83, 1, 2
99, 98, 84, 1, 2
99, 99, 84, 1, 2
99, 99, 88, 1, 1
99, 99, 88, 1, 1
99, 99, 90, 1, 1
99, 99, 91, 1, 1
99, 99, 93, 1, 1
99, 99, 97, 0, 1
99, 99, 97, 0, 1
99, 99, 97, 1, 1
99, 99, 97, 1, 0
99, 99, 97, 1, 0
99, 99, 98, 1, 0
89, 99, 98, 0, 1
89, 99, 98, 0, 1
89, 99, 98, 0, 1
84, 99, 97, 0, 2
83, 99, 97, 0, 2
83, 99, 97, 0, 2
81, 99, 97, 0, 2
80, 99, 97, 0, 2
80, 99, 97, 0, 2
78, 99, 97, 0, 2
78, 99, 97, 0, 2
76, 99, 97, 0, 2
75, 100, 97, 0, 3
12, 99, 97, 0, 3
12, 99, 97, 0, 3
12, 100, 97, 0, 3
4, 100, 97, 0, 4
4, 100, 97, 0, 4
4, 100, 97, 0, 4
1, 99, 97, 0, 5
1, 99, 97, 0, 5
1, 99, 97, 0, 5
1, 99, 95, 0, 6
1, 99, 93, 0, 6
1, 100, 93, 0, 7
0, 99, 91, 0, 8
0, 99, 91, 0, 8
0, 99, 87, 0, 8
0, 100, 88, 0, 8
0, 99, 81, 0, 9
0, 99, 81, 0, 9
0, 99, 82, 0, 9
0, 99, 77, 0, 9
0, 99, 72, 0, 11
0, 99, 72, 0, 11
0, 100, 75, 0, 48
0, 100, 75, 0, 51
0, 99, 72, 0, 54
0, 100, 74, 0, 56
0, 99, 74, 0, 57
0, 100, 69, 0, 59
0, 100, 68, 0, 68
0, 100, 70, 0, 70
0, 100, 70, 0, 73
0, 100, 70, 0, 73
0, 99, 70, 0, 73
0, 100, 69, 0, 81
0, 100, 68, 0, 88
0, 99, 68, 0, 93
0, 99, 68, 0, 93
0, 100, 68, 0, 96
0, 100, 66, 0, 97
0, 100, 64, 0, 97
0, 100, 64, 0, 97
0, 99, 59, 0, 97
0, 100, 58, 0, 97
0, 100, 58, 0, 97
0, 100, 57, 0, 98
0, 100, 57, 0, 98
0, 100, 57, 0, 98
0, 100, 57, 0, 98
0, 100, 57, 0, 98
0, 99, 56, 0, 98
0, 100, 57, 0, 98
0, 100, 53, 0, 99
0, 100, 53, 0, 99
0, 100, 53, 0, 99
2, 99, 0, 0, 99
2, 99, 0, 0, 99
2, 100, 0, 0, 99
2, 100, 0, 0, 99
2, 99, 0, 0, 99
2, 99, 0, 0, 99
3, 99, 0, 0, 99
3, 99, 0, 0, 99
4, 100, 0, 0, 99
4, 99, 0, 0, 99
4, 99, 0, 0, 99
5, 99, 0, 0, 99
5, 99, 0, 0, 99
5, 99, 0, 0, 99
5, 99, 0, 0, 99
5, 99, 0, 0, 99
4, 99, 0, 0, 99
4, 99, 0, 0, 99
4, 99, 0, 0, 99
4, 99, 0, 0, 99
4, 99, 0, 0, 99
8, 100, 0, 0, 99
8, 100, 0, 0, 99
8, 99, 0, 0, 99
8, 100, 0, 0, 99
8, 99, 0, 0, 100
8, 99, 0, 0, 99
8, 99, 0, 0, 99
8, 99, 0, 0, 99
8, 99, 0, 0, 99
8, 99, 0, 0, 99
8, 99, 0, 0, 99
8, 99, 0, 0, 99
8, 99, 0, 0, 99
8, 99, 0, 0, 99
8, 99, 0, 0, 99
8, 99, 0, 0, 99
8, 99, 0, 0, 99
8, 99, 0, 0, 99
8, 99, 0, 0, 99
8, 99, 0, 0, 99
8, 99, 0, 0, 99
8, 99, 0, 0, 98
8, 99, 0, 0, 98
8, 99, 0, 1, 98
8, 99, 0, 1, 98
8, 99, 0, 1, 97
8, 99, 0, 2, 97
8, 99, 0, 2, 96
8, 99, 0, 2, 96
8, 99, 0, 2, 96
8, 98, 0, 2, 91
8, 98, 0, 2, 91
8, 98, 0, 2, 91
8, 99, 0, 1, 86
7, 98, 0, 1, 0
7, 98, 0, 1, 0
7, 98, 0, 1, 0
7, 98, 0, 1, 0
7, 98, 0, 1, 0
7, 98, 0, 1, 0
7, 98, 0, 1, 0
7, 98, 0, 1, 0
7, 98, 0, 1, 0
7, 98, 0, 1, 0
7, 98, 0, 1, 0
7, 98, 0, 1, 0
7, 98, 0, 1, 0
7, 98, 0, 1, 0
7, 98, 0, 1, 0
7, 98, 0, 1, 0
7, 98, 0, 1, 0
7, 98, 0, 1, 0
7, 98, 0, 1, 0
7, 98, 0, 1, 0
7, 98, 0, 1, 0
7, 98, 0, 1, 0
7, 98, 0, 1, 0
7, 98, 0, 1, 0
7, 98, 0, 1, 0
7, 98, 0, 1, 0
7, 98, 0, 1, 0
7, 98, 0, 1, 0
7, 98, 0, 1, 0
7, 98, 0, 1, 0
7, 98, 0, 1, 0
7, 98, 0, 1, 0
7, 98, 0, 1, 0
7, 99, 0, 1, 0
7, 99, 0, 1, 0
7, 99, 0, 1, 0
7, 99, 0, 1, 0
7, 99, 0, 1, 0
7, 99, 0, 1, 0
7, 99, 0, 1, 0
7, 99, 0, 1, 0
7, 99, 0, 1, 0
7, 99, 0, 1, 0
7, 99, 0, 1, 0
7, 99, 0, 1, 0
7, 99, 0, 1, 0
7, 99, 0, 1, 0
7, 99, 0, 1, 0
7, 99, 0, 1, 0
7, 99, 0, 1, 0
7, 99, 0, 1, 0
7, 99, 0, 1, 0
7, 99, 0, 1, 0
7, 99, 0, 1, 0
7, 99, 0, 1, 0
7, 99, 0, 1, 0
7, 99, 0, 1, 0
7, 99, 0, 1, 0
7, 99, 0, 1, 0
7, 99, 0, 1, 0
7, 99, 0, 1, 0
7, 99, 0, 1, 0
7, 99, 0, 1, 0
7, 99, 0, 1, 0
7, 99, 0, 1, 0
7, 99, 0, 1, 0
7, 99, 0, 1, 0
7, 99, 0, 1, 0
7, 99, 0, 1, 0
7, 99, 0, 1, 0
7, 99, 0, 1, 0
7, 99, 0, 1, 0
7, 99, 0, 1, 0
7, 99, 0, 1, 0
7, 99, 0, 1, 0
7, 99, 0, 1, 0
7, 99, 0, 1, 0
7, 99, 0, 1, 0
7, 99, 0, 1, 0
7, 99, 0, 1, 0
7, 99, 0, 1, 0
7, 99, 0, 1, 0
7, 99, 0, 1, 0
7, 99, 0, 1, 0
7, 99, 0, 1, 0
7, 99, 0, 1, 0
7, 99, 0, 1, 0
7, 99, 0, 1, 0
7, 99, 0, 1, 0
7, 99, 65, 1, 0
7, 99, 68, 1, 0
7, 99, 69, 1, 0
7, 99, 71, 1, 11
7, 99, 71, 1, 11
89, 99, 75, 1, 8
88, 99, 79, 1, 7
90, 99, 78, 1, 5
94, 99, 72, 1, 3
94, 99, 72, 1, 3
95, 99, 82, 1, 2
96, 99, 84, 1, 2
96, 99, 84, 1, 2
96, 99, 85, 1, 2
96, 99, 85, 1, 2
96, 99, 85, 1, 2
96, 99, 88, 1, 2
96, 99, 88, 1, 2
96, 99, 88, 1, 2
96, 99, 86, 1, 2
96, 99, 91, 1, 2
96, 99, 92, 1, 2
96, 99, 95, 0, 2
96, 99, 95, 0, 2
95, 99, 97, 1, 2
95, 99, 97, 0, 2
94, 99, 97, 0, 2
93, 99, 97, 0, 2
91, 99, 97, 0, 2
91, 99, 97, 0, 2
89, 99, 97, 0, 2
89, 99, 97, 0, 2
81, 100, 97, 0, 2
79, 99, 97, 0, 2
78, 99, 97, 0, 2
75, 99, 97, 0, 3
74, 99, 97, 0, 3
73, 99, 97, 0, 3
21, 100, 97, 0, 4
8, 99, 97, 0, 4
5, 99, 96, 0, 5
4, 99, 94, 0, 5
1, 99, 92, 0, 7
1, 99, 92, 0, 7
1, 99, 92, 0, 8
0, 99, 83, 0, 8
0, 99, 83, 0, 8
0, 99, 80, 0, 9
0, 100, 80, 0, 27
0, 99, 82, 0, 35
0, 100, 81, 0, 37
0, 99, 73, 0, 47
0, 100, 76, 0, 56
0, 99, 75, 0, 57
0, 99, 68, 0, 63
0, 99, 68, 0, 73
0, 99, 67, 0, 73
0, 100, 67, 0, 83
0, 99, 66, 0, 88
0, 99, 68, 0, 92
0, 99, 65, 0, 96
0, 100, 65, 0, 97
0, 99, 64, 0, 97
0, 100, 63, 0, 97
0, 99, 61, 0, 97
0, 99, 56, 0, 97
0, 100, 56, 0, 97
0, 99, 56, 0, 98
0, 99, 56, 0, 98
0, 100, 56, 0, 98
0, 99, 56, 0, 98
0, 99, 56, 0, 98
1, 100, 55, 0, 98
2, 99, 55, 0, 98
2, 100, 56, 0, 98
2, 100, 0, 0, 98
2, 99, 0, 0, 98
2, 99, 0, 0, 98
3, 99, 0, 0, 98
3, 99, 0, 0, 98
3, 99, 0, 0, 99
4, 99, 0, 0, 99
2, 99, 0, 0, 99
3, 99, 0, 0, 99
3, 99, 0, 0, 99
3, 99, 0, 0, 99
3, 99, 0, 0, 99
6, 99, 0, 0, 99
6, 99, 0, 0, 99
6, 100, 0, 0, 99
7, 99, 0, 0, 99
6, 99, 0, 0, 99
6, 99, 0, 0, 99
6, 99, 0, 0, 99
6, 99, 0, 0, 99
6, 99, 0, 0, 99
6, 99, 0, 0, 99
7, 99, 0, 0, 99
6, 99, 0, 0, 99
7, 99, 0, 0, 99
6, 99, 0, 0, 99
6, 99, 0, 0, 99
7, 99, 0, 0, 99
6, 99, 0, 0, 99
7, 99, 0, 1, 99
7, 99, 0, 1, 99
6, 99, 0, 2, 99
7, 99, 0, 2, 99
7, 99, 0, 2, 99
7, 99, 0, 2, 99
6, 99, 0, 3, 99
6, 99, 0, 3, 99
6, 99, 0, 3, 99
6, 99, 0, 3, 99
6, 99, 0, 3, 99
6, 99, 0, 4, 99
6, 99, 0, 4, 99
6, 99, 0, 4, 99
6, 99, 0, 4, 99
6, 99, 0, 4, 99
7, 99, 0, 5, 99
7, 99, 0, 5, 99
7, 99, 0, 5, 99
6, 99, 0, 5, 99
6, 99, 0, 6, 99
6, 98, 0, 6, 99
6, 98, 0, 6, 99
6, 98, 0, 6, 99
6, 97, 0, 7, 99
6, 97, 0, 7, 99
6, 97, 0, 7, 99
6, 96, 0, 8, 99
6, 96, 0, 8, 99
6, 96, 0, 8, 99
6, 95, 0, 10, 99
6, 95, 0, 10, 99
6, 94, 0, 10, 99
6, 94, 0, 10, 99
6, 94, 0, 11, 99
6, 94, 0, 11, 99
6, 93, 0, 41, 99
6, 93, 0, 41, 99
6, 93, 0, 42, 99
6, 92, 0, 45, 99
6, 92, 0, 45, 99
6, 92, 0, 45, 99
6, 93, 0, 47, 99
6, 93, 0, 47, 99
6, 93, 0, 49, 99
6, 93, 0, 48, 99
6, 93, 0, 48, 99
6, 93, 0, 42, 99
6, 93, 0, 42, 99
6, 93, 0, 41, 99
6, 93, 0, 41, 98
6, 92, 0, 41, 98
6, 91, 0, 41, 98
6, 90, 0, 45, 97
6, 89, 0, 46, 97
6, 52, 0, 0, 96
6, 52, 0, 0, 96
6, 53, 0, 0, 91
6, 0, 0, 0, 85
6, 0, 0, 0, 85
5, 0, 0, 0, 0
5, 0, 0, 0, 0
5, 0, 0, 0, 0
5, 98, 0, 1, 0
5, 98, 0, 1, 0
5, 98, 0, 1, 0
5, 98, 0, 1, 0
5, 98, 0, 1, 0
5, 98, 0, 1, 0
5, 98, 0, 1, 0
5, 98, 0, 1, 0
5, 98, 0, 1, 0
5, 98, 0, 1, 0
5, 98, 0, 1, 0
5, 98, 0, 1, 0
5, 98, 0, 1, 0
5, 98, 0, 1, 0
5, 98, 0, 1, 0
5, 98, 0, 1, 0
5, 98, 0, 1, 0
5, 98, 0, 1, 0
5, 98, 0, 1, 0
5, 98, 0, 1, 0
5, 98, 0, 1, 0
5, 98, 0, 1, 0
5, 98, 0, 1, 0
5, 98, 0, 1, 0
5, 98, 0, 1, 0
6, 98, 0, 1, 0
6, 98, 0, 1, 0
8, 98, 0, 1, 0
8, 98, 0, 1, 0
8, 98, 0, 1, 0
8, 98, 0, 1, 0
8, 98, 0, 1, 0
8, 98, 0, 1, 0
8, 98, 0, 1, 0
8, 98, 0, 1, 0
8, 98, 0, 1, 0
8, 98, 0, 1, 0
8, 98, 0, 1, 0
8, 98, 0, 1, 0
8, 98, 0, 1, 0
8, 98, 0, 1, 0
8, 98, 0, 1, 0
8, 98, 0, 1, 0
8, 98, 0, 1, 0
8, 98, 0, 1, 0
8, 98, 0, 1, 0
8, 98, 0, 1, 0
8, 98, 0, 1, 0
8, 98, 0, 1, 0
8, 98, 0, 1, 0
8, 98, 0, 1, 0
8, 98, 0, 1, 0
8, 98, 0, 1, 0
8, 98, 0, 1, 0
8, 98, 0, 1, 0
8, 98, 0, 1, 0
8, 99, 0, 1, 0
8, 98, 0, 1, 0
8, 98, 0, 1, 0
8, 99, 0, 1, 0
8, 99, 0, 1, 0
8, 99, 0, 1, 0
8, 99, 0, 1, 0
8, 99, 0, 1, 0
8, 99, 0, 1, 0
8, 99, 62, 1, 0
8, 98, 71, 1, 0
8, 98, 71, 1, 0
8, 98, 71, 1, 0
8, 98, 71, 1, 0
98, 75, 1, 10, 9
89, 98, 78, 1, 7
89, 98, 78, 1, 7
88, 98, 77, 1, 7
88, 98, 80, 1, 5
88, 98, 81, 1, 5
88, 98, 81, 1, 5
88, 98, 80, 1, 5
88, 98, 75, 1, 5
88, 98, 80, 1, 4
88, 98, 80, 1, 4
88, 98, 80, 1, 4
89, 98, 80, 1, 4
89, 98, 79, 1, 4
89, 98, 79, 1, 4
89, 98, 76, 1, 4
89, 98, 83, 1, 4
88, 98, 86, 1, 4
88, 98, 86, 1, 4
88, 98, 86, 1, 4
88, 98, 89, 1, 4
88, 98, 89, 1, 4
88, 98, 89, 1, 4
87, 99, 91, 1, 4
87, 99, 91, 1, 4
87, 99, 92, 1, 4
87, 99, 92, 1, 4
87, 99, 93, 1, 4
87, 99, 94, 1, 4
87, 99, 94, 0, 4
87, 99, 94, 0, 4
87, 99, 96, 0, 3
86, 99, 95, 0, 4
86, 99, 95, 0, 4
86, 99, 95, 0, 4
85, 99, 94, 0, 4
85, 99, 94, 0, 4
86, 99, 94, 0, 4
86, 99, 94, 0, 4
85, 99, 93, 0, 5
75, 99, 93, 0, 5
26, 99, 91, 0, 6
26, 100, 91, 0, 6
26, 99, 91, 0, 6
4, 99, 90, 0, 7
3, 100, 90, 0, 7
3, 100, 89, 0, 7
2, 99, 88, 0, 7
0, 99, 86, 0, 7
0, 99, 81, 0, 8
0, 99, 80, 0, 8
0, 99, 79, 0, 8
0, 100, 74, 0, 9
0, 99, 67, 0, 9
0, 99, 78, 0, 10
0, 99, 76, 0, 10
0, 99, 71, 0, 15
0, 99, 71, 0, 15
0, 99, 77, 0, 17
0, 100, 76, 0, 21
0, 99, 72, 0, 23
0, 99, 72, 0, 30
0, 99, 73, 0, 30
0, 99, 68, 0, 30
0, 99, 68, 0, 30
0, 99, 67, 0, 34
0, 99, 67, 0, 34
0, 99, 66, 0, 0
0, 99, 65, 0, 0
0, 100, 64, 0, 0
0, 100, 64, 0, 0
0, 100, 54, 0, 0
0, 99, 54, 0, 0
0, 99, 53, 0, 0
0, 99, 53, 0, 0
0, 99, 53, 0, 85
1, 99, 55, 0, 85
1, 99, 55, 0, 85
1, 99, 55, 0, 85
2, 99, 55, 0, 85
2, 99, 55, 0, 85
2, 99, 49, 0, 85
2, 99, 50, 0, 85
3, 99, 0, 0, 85
3, 99, 0, 0, 85
3, 99, 0, 0, 85
3, 99, 0, 0, 85
3, 99, 0, 0, 85
4, 99, 0, 0, 85
4, 99, 0, 0, 85
4, 99, 0, 0, 85
5, 99, 0, 0, 85
5, 99, 0, 0, 85
5, 99, 0, 0, 85
5, 99, 0, 0, 85
3, 99, 0, 0, 85
