99, 99, 88, 1, 99
99, 99, 88, 1, 99
99, 99, 88, 1, 99
99, 99, 87, 1, 99
99, 99, 87, 1, 99
99, 99, 87, 1, 99
99, 99, 87, 1, 99
99, 99, 87, 1, 99
99, 99, 86, 1, 99
99, 99, 86, 1, 99
99, 99, 86, 1, 99
99, 99, 85, 1, 99
99, 99, 85, 1, 99
99, 99, 85, 1, 99
99, 99, 85, 1, 99
99, 99, 84, 1, 99
99, 99, 84, 1, 99
99, 98, 84, 1, 99
99, 98, 85, 1, 99
99, 98, 85, 1, 99
99, 98, 85, 1, 99
99, 98, 85, 1, 99
99, 98, 85, 1, 99
99, 98, 84, 1, 99
98, 98, 84, 1, 93
98, 98, 84, 1, 93
97, 98, 84, 1, 93
97, 98, 83, 1, 93
97, 98, 83, 1, 93
97, 98, 83, 1, 93
97, 98, 82, 1, 93
97, 98, 82, 1, 93
96, 98, 82, 1, 93
96, 98, 82, 1, 93
96, 98, 82, 1, 93
96, 98, 81, 1, 93
96, 98, 81, 1, 93
95, 98, 80, 1, 93
95, 98, 80, 1, 93
95, 97, 79, 1, 93
95, 97, 79, 1, 93
95, 97, 79, 1, 93
95, 2, 78, 1, 93
93, 2, 78, 1, 93
93, 2, 78, 1, 93
93, 2, 77, 1, 93
93, 2, 77, 2, 93
93, 2, 77, 2, 93
92, 2, 77, 2, 93
92, 2, 77, 2, 93
92, 2, 77, 2, 93
91, 2, 76, 2, 93
91, 2, 76, 2, 93
91, 2, 76, 2, 93
91, 2, 76, 2, 93
91, 2, 76, 2, 93
91, 2, 76, 2, 93
91, 2, 76, 2, 93
91, 2, 76, 2, 93
91, 2, 76, 1, 93
91, 2, 76, 2, 93
91, 2, 76, 2, 93
91, 2, 76, 2, 93
91, 2, 76, 2, 93
91, 2, 75, 2, 93
91, 2, 75, 1, 93
91, 2, 75, 1, 93
90, 2, 75, 1, 93
90, 2, 75, 2, 93
89, 2, 75, 1, 93
89, 2, 75, 1, 93
89, 2, 74, 2, 93
89, 2, 74, 2, 93
89, 2, 74, 2, 93
89, 2, 74, 2, 93
90, 2, 74, 2, 93
90, 2, 74, 1, 93
90, 2, 74, 2, 92
90, 2, 74, 1, 93
90, 2, 73, 2, 93
90, 2, 73, 2, 99
90, 2, 73, 2, 99
90, 2, 73, 2, 99
99, 2, 72, 2, 99
99, 2, 71, 2, 99
96, 2, 70, 1, 99
7, 0, 70, 0, 99
7, 0, 69, 0, 99
7, 0, 59, 0, 99
7, 0, 58, 0, 99
7, 0, 58, 0, 99
7, 7, 62, 0, 99
7, 55, 62, 0, 99
7, 55, 0, 0, 99
7, 55, 0, 0, 99
7, 55, 0, 0, 99
7, 0, 0, 0, 99
7, 0, 0, 0, 99
7, 0, 0, 0, 99
7, 0, 0, 0, 99
7, 0, 0, 0, 99
7, 0, 0, 0, 99
7, 0, 0, 0, 99
7, 0, 0, 0, 99
7, 0, 0, 0, 99
7, 0, 0, 0, 99
7, 0, 0, 0, 99
7, 0, 0, 0, 99
6, 0, 0, 0, 0
6, 0, 0, 0, 0
6, 0, 0, 0, 0
6, 0, 0, 0, 0
6, 0, 0, 0, 0
6, 0, 0, 0, 0
6, 0, 0, 0, 0
6, 0, 0, 0, 0
6, 0, 0, 0, 0
6, 0, 0, 0, 0
6, 0, 0, 0, 0
6, 0, 0, 0, 0
6, 0, 0, 0, 0
6, 0, 0, 0, 0
6, 0, 0, 0, 0
6, 0, 0, 0, 0
6, 0, 0, 0, 0
6, 0, 0, 0, 0
6, 0, 0, 0, 0
6, 0, 0, 0, 0
6, 0, 0, 0, 0
6, 0, 0, 0, 0
6, 0, 0, 0, 0
6, 0, 0, 0, 0
6, 0, 0, 0, 0
6, 0, 0, 0, 0
6, 0, 0, 0, 0
6, 0, 0, 0, 0
6, 0, 0, 0, 0
6, 0, 0, 0, 0
6, 0, 0, 0, 0
6, 0, 0, 0, 0
6, 0, 0, 0, 0
6, 0, 0, 0, 0
6, 0, 0, 0, 0
6, 0, 0, 0, 0
6, 0, 0, 0, 0
6, 0, 0, 0, 0
6, 0, 0, 0, 0
6, 0, 0, 0, 0
6, 0, 0, 0, 0
6, 0, 0, 0, 0
6, 0, 0, 0, 0
6, 0, 0, 0, 0
6, 0, 0, 0, 0
6, 0, 0, 0, 0
6, 0, 0, 0, 0
6, 0, 0, 0, 0
6, 0, 0, 0, 0
6, 0, 0, 0, 0
6, 0, 0, 0, 0
6, 0, 0, 0, 0
6, 0, 0, 0, 0
6, 0, 0, 0, 0
6, 0, 0, 0, 0
6, 0, 0, 0, 0
6, 0, 0, 0, 0
6, 0, 0, 0, 0
6, 0, 0, 0, 0
6, 0, 0, 0, 0
6, 0, 0, 0, 0
6, 0, 0, 0, 0
6, 0, 0, 0, 0
6, 0, 0, 0, 0
6, 0, 0, 0, 0
6, 0, 0, 0, 0
6, 0, 0, 0, 0
6, 0, 0, 0, 0
6, 0, 0, 0, 0
6, 0, 0, 0, 0
6, 0, 0, 0, 0
6, 0, 0, 0, 0
6, 0, 0, 0, 0
6, 0, 0, 0, 0
6, 0, 0, 0, 0
6, 0, 0, 0, 0
6, 0, 77, 0, 0
90, 2, 77, 1, 2
90, 2, 77, 1, 92
90, 2, 75, 2, 92
90, 2, 75, 2, 92
92, 2, 78, 2, 92
92, 2, 78, 2, 92
92, 2, 78, 2, 92
93, 2, 78, 2, 93
93, 2, 78, 2, 93
93, 2, 78, 2, 93
95, 2, 79, 2, 93
96, 2, 80, 2, 93
98, 2, 84, 2, 93
98, 2, 84, 2, 93
99, 2, 84, 1, 93
99, 2, 81, 1, 93
99, 2, 83, 1, 93
99, 2, 85, 1, 93
99, 2, 89, 1, 93
99, 2, 90, 1, 93
99, 98, 87, 1, 93
99, 98, 85, 1, 93
99, 98, 86, 1, 93
99, 98, 87, 1, 94
99, 98, 88, 1, 94
99, 98, 89, 1, 94
99, 99, 91, 1, 94
99, 99, 91, 1, 94
99, 99, 89, 1, 94
99, 99, 89, 1, 94
99, 99, 89, 1, 94
99, 99, 89, 1, 94
99, 99, 89, 1, 94
99, 99, 89, 1, 94
99, 99, 89, 1, 94
99, 99, 89, 0, 94
99, 99, 89, 0, 94
99, 99, 89, 0, 94
99, 99, 89, 0, 94
99, 99, 89, 0, 94
99, 99, 89, 0, 94
99, 99, 89, 0, 94
99, 99, 89, 0, 94
99, 99, 90, 0, 94
99, 99, 90, 0, 94
99, 99, 91, 0, 94
99, 99, 92, 0, 94
99, 99, 92, 0, 94
99, 99, 93, 0, 94
99, 99, 93, 0, 94
99, 99, 93, 1, 94
99, 99, 93, 1, 94
99, 99, 93, 1, 94
99, 99, 93, 1, 94
99, 99, 93, 1, 94
99, 99, 93, 1, 94
99, 99, 93, 1, 94
99, 99, 93, 1, 94
99, 99, 92, 1, 94
99, 99, 93, 1, 94
99, 99, 94, 1, 94
99, 99, 94, 1, 94
99, 99, 94, 1, 94
99, 99, 92, 1, 94
99, 99, 92, 1, 94
99, 99, 92, 1, 94
99, 99, 91, 1, 94
99, 99, 91, 1, 94
99, 99, 90, 1, 94
99, 99, 90, 1, 94
99, 99, 90, 1, 94
99, 99, 91, 1, 94
99, 99, 91, 1, 94
99, 99, 91, 1, 94
99, 99, 91, 1, 94
99, 99, 91, 1, 94
99, 99, 91, 1, 94
99, 99, 91, 0, 94
99, 99, 91, 0, 94
99, 99, 92, 0, 94
99, 99, 92, 0, 94
99, 99, 92, 0, 94
99, 99, 92, 0, 94
99, 99, 92, 0, 94
99, 99, 92, 0, 94
99, 99, 92, 0, 94
99, 99, 92, 0, 94
99, 99, 93, 0, 94
99, 99, 93, 0, 94
99, 99, 93, 0, 94
99, 99, 93, 0, 94
99, 99, 93, 0, 94
99, 99, 93, 0, 94
99, 99, 93, 0, 94
99, 99, 93, 0, 94
99, 99, 93, 0, 94
99, 99, 93, 0, 94
98, 99, 93, 0, 94
99, 99, 93, 0, 94
98, 99, 94, 0, 94
98, 99, 94, 0, 94
98, 99, 94, 0, 94
98, 99, 94, 0, 94
98, 100, 94, 0, 94
98, 100, 94, 0, 94
98, 99, 94, 0, 94
97, 99, 93, 0, 94
97, 99, 93, 0, 94
97, 99, 93, 0, 94
97, 99, 93, 0, 94
97, 99, 93, 0, 94
97, 99, 94, 0, 94
97, 99, 94, 0, 94
97, 99, 94, 0, 94
97, 99, 94, 0, 94
98, 100, 94, 0, 94
99, 99, 94, 0, 94
99, 99, 94, 0, 94
99, 99, 94, 0, 94
99, 99, 94, 0, 94
99, 100, 94, 0, 94
99, 100, 94, 0, 94
99, 99, 94, 0, 94
99, 99, 94, 0, 94
99, 100, 94, 0, 94
99, 99, 95, 0, 94
99, 99, 95, 0, 94
99, 99, 95, 0, 94
99, 99, 95, 0, 94
99, 99, 95, 0, 94
99, 99, 95, 0, 94
99, 99, 95, 0, 94
99, 99, 95, 0, 94
99, 99, 95, 0, 94
99, 99, 95, 0, 94
99, 99, 95, 0, 94
99, 99, 95, 0, 94
99, 99, 95, 0, 94
99, 100, 95, 0, 94
99, 100, 95, 0, 94
99, 99, 95, 0, 94
98, 100, 95, 0, 94
98, 99, 95, 0, 94
98, 100, 95, 0, 94
97, 99, 95, 0, 94
96, 99, 95, 0, 94
96, 99, 95, 0, 94
96, 99, 95, 0, 94
95, 99, 95, 0, 94
95, 99, 95, 0, 94
95, 99, 95, 0, 94
95, 100, 95, 0, 94
94, 100, 95, 0, 94
94, 100, 95, 0, 94
94, 99, 95, 0, 94
93, 99, 95, 0, 94
93, 99, 95, 0, 94
93, 99, 95, 0, 94
93, 99, 95, 0, 94
92, 99, 96, 0, 94
92, 99, 96, 0, 94
92, 100, 96, 0, 94
91, 100, 96, 0, 94
91, 100, 96, 0, 94
90, 100, 96, 0, 94
90, 100, 96, 0, 94
89, 99, 96, 0, 94
89, 100, 96, 0, 94
89, 100, 96, 0, 94
89, 100, 96, 0, 94
89, 99, 96, 0, 94
89, 100, 96, 0, 94
89, 99, 96, 0, 94
89, 100, 96, 0, 94
88, 100, 96, 0, 94
88, 99, 96, 0, 94
88, 100, 96, 0, 94
88, 99, 96, 0, 94
88, 100, 96, 0, 94
88, 100, 96, 0, 94
88, 100, 96, 0, 94
88, 100, 96, 0, 94
88, 99, 96, 0, 94
88, 100, 96, 0, 94
88, 100, 96, 0, 94
88, 99, 96, 0, 94
88, 99, 96, 0, 94
88, 99, 96, 0, 94
88, 99, 96, 0, 94
88, 100, 96, 0, 94
88, 99, 96, 0, 94
88, 99, 96, 0, 94
88, 100, 96, 0, 94
87, 99, 96, 0, 94
87, 100, 96, 0, 94
87, 100, 96, 0, 94
87, 100, 96, 0, 94
87, 99, 96, 0, 94
87, 99, 96, 0, 94
87, 100, 96, 0, 94
87, 99, 96, 0, 94
87, 100, 96, 0, 94
87, 99, 96, 0, 94
87, 99, 96, 0, 94
87, 100, 96, 0, 94
87, 100, 96, 0, 94
87, 100, 96, 0, 94
87, 99, 96, 0, 94
87, 99, 96, 0, 94
87, 99, 96, 0, 94
87, 99, 96, 0, 94
87, 99, 96, 0, 94
87, 99, 96, 0, 94
87, 99, 96, 0, 94
87, 99, 96, 0, 94
87, 99, 96, 0, 94
87, 100, 96, 0, 94
87, 100, 96, 0, 94
87, 100, 96, 0, 94
87, 100, 96, 0, 94
87, 99, 96, 0, 94
87, 100, 96, 0, 94
87, 99, 96, 0, 94
87, 99, 96, 0, 94
87, 100, 96, 0, 94
87, 100, 96, 0, 94
87, 99, 97, 0, 94
87, 100, 96, 0, 94
87, 100, 96, 0, 94
87, 99, 96, 0, 94
87, 100, 96, 0, 94
87, 99, 96, 0, 94
87, 99, 96, 0, 94
87, 99, 96, 0, 94
87, 100, 96, 0, 94
87, 100, 96, 0, 94
87, 100, 97, 0, 94
87, 99, 97, 0, 94
87, 99, 96, 0, 94
87, 99, 97, 0, 94
87, 99, 97, 0, 94
87, 99, 97, 0, 94
87, 100, 97, 0, 94
87, 100, 97, 0, 94
87, 100, 97, 0, 94
87, 100, 97, 0, 94
87, 100, 97, 0, 94
87, 100, 97, 0, 94
87, 99, 97, 0, 94
87, 100, 97, 0, 94
87, 99, 97, 0, 94
87, 99, 97, 0, 94
87, 100, 97, 0, 94
87, 100, 97, 0, 94
87, 100, 97, 0, 94
87, 100, 97, 0, 94
87, 100, 97, 0, 94
87, 100, 97, 0, 94
88, 100, 97, 0, 94
88, 100, 97, 0, 94
88, 99, 97, 0, 94
88, 99, 97, 0, 94
87, 99, 97, 0, 94
87, 99, 97, 0, 94
87, 100, 97, 0, 94
88, 100, 97, 0, 94
88, 99, 97, 0, 94
88, 99, 97, 0, 94
88, 99, 97, 0, 94
88, 99, 97, 0, 94
88, 100, 97, 0, 94
88, 99, 97, 0, 94
88, 100, 97, 0, 94
88, 100, 97, 0, 94
87, 99, 97, 0, 94
87, 100, 97, 0, 94
87, 99, 97, 0, 94
87, 99, 97, 0, 94
87, 99, 97, 0, 94
87, 100, 97, 0, 94
87, 99, 97, 0, 94
87, 100, 97, 0, 94
87, 100, 97, 0, 94
87, 100, 97, 0, 94
87, 100, 97, 0, 94
87, 100, 97, 0, 94
87, 100, 97, 0, 94
87, 100, 97, 0, 94
87, 99, 97, 0, 94
87, 99, 97, 0, 94
87, 100, 97, 0, 94
87, 100, 96, 0, 94
87, 100, 96, 0, 94
87, 100, 96, 0, 94
87, 99, 96, 0, 94
87, 100, 96, 0, 94
86, 99, 96, 0, 94
89, 99, 96, 0, 94
89, 99, 96, 0, 94
89, 99, 96, 0, 94
88, 100, 96, 0, 94
88, 99, 96, 0, 94
88, 100, 95, 0, 94
87, 100, 94, 0, 94
87, 100, 94, 0, 94
87, 100, 93, 0, 94
86, 100, 89, 0, 94
86, 99, 89, 0, 94
85, 99, 89, 0, 94
84, 99, 88, 0, 94
84, 100, 87, 0, 94
83, 100, 87, 0, 93
83, 100, 87, 0, 94
81, 99, 87, 0, 93
73, 99, 85, 0, 93
73, 100, 85, 0, 98
74, 99, 84, 0, 98
74, 99, 84, 0, 98
7, 99, 84, 0, 98
7, 99, 82, 0, 98
7, 99, 82, 0, 98
7, 99, 82, 0, 98
7, 99, 78, 0, 98
7, 99, 77, 0, 99
7, 99, 77, 0, 99
7, 99, 76, 0, 99
7, 99, 72, 0, 99
7, 99, 72, 0, 99
7, 99, 71, 0, 99
7, 99, 61, 1, 99
7, 99, 61, 1, 99
7, 99, 61, 1, 99
6, 98, 0, 1, 0
6, 98, 0, 1, 0
6, 98, 0, 1, 0
6, 98, 0, 1, 0
6, 98, 0, 1, 0
6, 98, 0, 1, 0
6, 98, 0, 1, 0
6, 98, 0, 1, 0
6, 97, 0, 1, 0
6, 97, 0, 1, 0
6, 0, 0, 1, 0
6, 0, 0, 1, 0
6, 0, 0, 1, 0
6, 0, 0, 0, 0
6, 0, 0, 0, 0
6, 0, 0, 0, 0
6, 0, 0, 0, 0
6, 0, 0, 0, 0
6, 0, 0, 0, 0
6, 0, 0, 0, 0
6, 0, 0, 0, 0
6, 0, 0, 0, 0
6, 0, 0, 1, 0
6, 0, 0, 1, 0
6, 0, 0, 1, 0
6, 0, 0, 1, 0
6, 0, 0, 1, 0
6, 0, 0, 1, 0
6, 0, 0, 1, 0
6, 0, 0, 1, 0
6, 0, 0, 1, 0
6, 0, 0, 1, 0
6, 0, 0, 1, 0
6, 0, 0, 1, 0
6, 0, 0, 1, 0
6, 0, 0, 1, 0
6, 0, 0, 1, 0
6, 0, 0, 1, 0
6, 0, 0, 1, 0
6, 0, 0, 1, 0
6, 0, 0, 1, 0
6, 0, 0, 1, 0
6, 0, 0, 1, 0
6, 0, 0, 1, 0
6, 0, 0, 1, 0
6, 0, 0, 1, 0
6, 0, 0, 1, 0
6, 0, 0, 1, 0
6, 0, 0, 0, 0
6, 0, 0, 0, 0
6, 0, 0, 0, 0
6, 0, 0, 0, 0
6, 0, 0, 0, 0
6, 0, 0, 0, 0
6, 0, 0, 0, 0
6, 0, 0, 0, 0
6, 0, 0, 0, 0
6, 0, 0, 0, 0
6, 0, 0, 0, 0
6, 0, 0, 0, 0
6, 0, 0, 0, 0
6, 0, 0, 0, 0
6, 0, 0, 0, 0
6, 0, 0, 0, 0
6, 0, 0, 0, 0
6, 0, 0, 0, 0
6, 0, 0, 0, 0
6, 0, 0, 0, 0
6, 0, 0, 0, 0
6, 0, 0, 0, 0
6, 0, 77, 0, 0
6, 0, 78, 0, 0
91, 2, 75, 2, 92
91, 2, 75, 2, 92
90, 2, 76, 2, 92
91, 2, 78, 1, 93
91, 2, 79, 1, 93
91, 2, 79, 1, 93
92, 2, 82, 2, 93
92, 2, 82, 2, 93
91, 2, 83, 2, 93
91, 2, 83, 2, 93
91, 2, 83, 2, 93
90, 2, 83, 1, 93
90, 2, 84, 1, 93
90, 2, 84, 1, 93
90, 2, 84, 1, 93
90, 2, 84, 1, 93
90, 2, 85, 1, 93
90, 2, 85, 1, 93
90, 2, 85, 1, 93
90, 2, 86, 1, 93
90, 2, 86, 1, 93
90, 2, 86, 1, 93
89, 2, 87, 1, 93
89, 2, 87, 1, 93
89, 98, 87, 1, 93
89, 98, 87, 1, 93
89, 98, 87, 1, 93
89, 98, 88, 1, 93
89, 98, 88, 1, 93
89, 98, 88, 1, 93
89, 98, 88, 1, 93
89, 98, 88, 1, 93
90, 99, 89, 1, 93
90, 99, 89, 1, 94
90, 99, 89, 1, 94
90, 99, 89, 1, 93
90, 99, 89, 1, 94
90, 99, 89, 1, 94
90, 99, 89, 1, 94
90, 99, 89, 1, 94
90, 99, 89, 1, 94
90, 99, 89, 1, 94
90, 99, 89, 1, 94
90, 99, 90, 1, 94
90, 99, 90, 1, 94
90, 99, 90, 1, 94
90, 99, 90, 1, 94
90, 99, 90, 1, 94
90, 99, 90, 0, 94
90, 99, 90, 0, 94
90, 99, 90, 0, 94
91, 99, 91, 0, 94
91, 99, 91, 0, 94
91, 99, 91, 0, 94
91, 99, 91, 0, 94
91, 99, 91, 0, 94
91, 99, 91, 0, 94
91, 99, 91, 0, 94
91, 99, 91, 0, 94
91, 99, 91, 0, 94
91, 99, 91, 0, 94
91, 99, 91, 0, 94
91, 99, 91, 0, 94
91, 99, 91, 0, 94
91, 99, 91, 0, 94
91, 99, 91, 0, 94
91, 99, 91, 0, 94
91, 99, 91, 0, 94
91, 99, 91, 0, 94
91, 99, 91, 0, 94
91, 99, 91, 0, 94
91, 99, 91, 0, 94
91, 99, 91, 0, 94
91, 99, 91, 0, 94
91, 99, 91, 0, 94
91, 99, 91, 0, 94
91, 99, 91, 0, 94
91, 99, 91, 0, 94
91, 99, 91, 0, 94
91, 100, 91, 0, 94
91, 99, 91, 0, 94
91, 99, 91, 0, 94
91, 99, 91, 0, 94
92, 99, 91, 0, 94
92, 99, 91, 0, 94
92, 99, 90, 0, 94
92, 100, 90, 0, 94
92, 99, 90, 0, 94
92, 100, 89, 0, 94
92, 99, 89, 0, 94
92, 99, 89, 0, 94
92, 99, 89, 0, 94
92, 100, 89, 0, 94
92, 99, 89, 0, 94
92, 99, 89, 0, 94
93, 100, 89, 0, 94
94, 99, 90, 0, 94
94, 99, 90, 0, 94
94, 100, 91, 0, 94
94, 100, 91, 0, 94
94, 100, 91, 0, 94
95, 99, 91, 0, 94
95, 99, 91, 0, 94
95, 99, 91, 0, 94
95, 100, 91, 0, 94
96, 99, 92, 0, 94
96, 99, 92, 0, 94
96, 99, 92, 0, 94
96, 99, 91, 0, 94
96, 99, 91, 0, 94
96, 99, 93, 0, 94
96, 99, 93, 0, 94
96, 99, 93, 0, 94
97, 99, 93, 0, 94
97, 99, 93, 0, 94
97, 99, 92, 0, 94
97, 99, 92, 0, 94
97, 99, 93, 0, 94
98, 99, 92, 0, 94
98, 99, 92, 0, 94
98, 99, 92, 0, 94
98, 99, 92, 0, 94
98, 99, 92, 0, 94
99, 99, 92, 0, 94
99, 99, 92, 0, 94
99, 99, 91, 0, 94
99, 99, 92, 0, 94
99, 99, 92, 0, 94
99, 99, 92, 0, 94
99, 99, 91, 0, 94
99, 99, 92, 0, 94
99, 99, 96, 0, 94
99, 99, 96, 0, 94
99, 99, 96, 0, 94
99, 99, 95, 0, 94
99, 99, 95, 0, 94
99, 99, 95, 0, 94
99, 100, 95, 0, 94
99, 99, 95, 0, 94
99, 99, 95, 0, 94
99, 99, 95, 0, 94
99, 99, 95, 0, 94
99, 99, 96, 0, 94
99, 99, 96, 0, 94
99, 99, 96, 0, 94
99, 99, 96, 0, 94
99, 99, 96, 0, 94
99, 99, 96, 0, 94
99, 100, 96, 0, 94
99, 99, 96, 0, 94
99, 100, 96, 0, 94
99, 99, 96, 0, 94
99, 99, 96, 0, 94
99, 99, 96, 0, 94
99, 99, 96, 0, 94
99, 99, 96, 0, 94
99, 99, 96, 0, 94
99, 99, 96, 0, 94
99, 99, 96, 0, 94
99, 99, 96, 0, 94
99, 100, 96, 0, 94
99, 100, 96, 0, 94
99, 99, 96, 0, 94
99, 99, 96, 0, 94
99, 99, 96, 0, 94
99, 99, 96, 0, 94
99, 99, 96, 0, 94
99, 99, 96, 0, 94
99, 100, 96, 0, 94
99, 99, 96, 0, 94
99, 100, 96, 0, 94
99, 100, 96, 0, 94
99, 100, 96, 0, 94
99, 99, 96, 0, 94
99, 99, 96, 0, 94
99, 99, 96, 0, 94
99, 100, 96, 0, 94
99, 99, 96, 0, 94
99, 100, 96, 0, 94
99, 99, 96, 0, 94
99, 99, 96, 0, 94
99, 99, 96, 0, 94
99, 99, 96, 0, 94
99, 100, 96, 0, 94
99, 99, 96, 0, 94
99, 99, 96, 0, 94
99, 99, 96, 0, 94
99, 99, 96, 0, 94
99, 99, 96, 0, 94
99, 99, 96, 0, 94
99, 100, 96, 0, 94
99, 99, 96, 0, 94
99, 100, 96, 0, 94
99, 99, 96, 0, 94
99, 100, 96, 0, 94
99, 100, 96, 0, 94
99, 99, 96, 0, 94
99, 99, 96, 0, 94
99, 99, 96, 0, 94
99, 99, 96, 0, 94
99, 99, 96, 0, 94
99, 100, 96, 0, 94
99, 99, 96, 0, 94
99, 99, 96, 0, 94
99, 99, 96, 0, 94
99, 99, 96, 0, 94
99, 100, 96, 0, 94
99, 100, 96, 0, 94
99, 99, 96, 0, 94
99, 100, 96, 0, 94
99, 100, 96, 0, 94
99, 100, 96, 0, 94
99, 100, 96, 0, 94
99, 100, 96, 0, 94
99, 99, 96, 0, 94
99, 99, 96, 0, 94
99, 99, 96, 0, 94
99, 99, 96, 0, 94
99, 99, 96, 0, 94
99, 100, 96, 0, 94
99, 99, 96, 0, 94
99, 99, 96, 0, 94
99, 99, 96, 0, 94
99, 100, 96, 0, 94
99, 99, 96, 0, 94
99, 100, 96, 0, 94
99, 99, 96, 0, 94
99, 99, 96, 0, 94
99, 99, 96, 0, 94
99, 100, 96, 0, 94
99, 99, 96, 0, 94
99, 99, 96, 0, 94
99, 99, 97, 0, 94
99, 99, 97, 0, 94
99, 99, 97, 0, 94
99, 99, 96, 0, 94
99, 99, 97, 0, 94
99, 99, 97, 0, 94
99, 100, 97, 0, 94
99, 99, 97, 0, 94
99, 99, 97, 0, 94
99, 99, 97, 0, 94
99, 99, 97, 0, 94
99, 99, 97, 0, 94
99, 100, 97, 0, 94
99, 99, 97, 0, 94
99, 99, 97, 0, 94
99, 99, 97, 0, 94
99, 100, 97, 0, 94
99, 99, 97, 0, 94
99, 99, 97, 0, 94
99, 99, 97, 0, 94
99, 99, 97, 0, 94
99, 99, 97, 0, 94
99, 99, 97, 0, 94
99, 99, 97, 0, 94
99, 99, 97, 0, 94
99, 99, 97, 0, 94
99, 100, 97, 0, 94
99, 99, 97, 0, 94
99, 99, 97, 0, 94
99, 99, 97, 0, 94
99, 99, 97, 0, 94
99, 99, 97, 0, 94
99, 99, 97, 0, 94
99, 99, 97, 0, 94
99, 100, 97, 0, 94
99, 100, 97, 0, 94
99, 100, 97, 0, 94
99, 99, 97, 0, 94
99, 99, 97, 0, 94
99, 99, 97, 0, 94
99, 100, 97, 0, 94
99, 99, 97, 0, 94
99, 99, 97, 0, 94
99, 99, 97, 0, 94
99, 99, 97, 0, 94
99, 99, 97, 0, 94
99, 100, 97, 0, 94
99, 99, 97, 0, 94
99, 99, 97, 0, 94
99, 99, 97, 0, 94
99, 100, 97, 0, 94
99, 100, 97, 0, 94
99, 99, 97, 0, 94
99, 99, 97, 0, 94
99, 100, 97, 0, 94
99, 99, 97, 0, 94
99, 100, 97, 0, 94
99, 99, 97, 0, 94
99, 100, 97, 0, 94
99, 100, 97, 0, 94
99, 100, 97, 0, 94
99, 99, 97, 0, 94
99, 99, 97, 0, 94
99, 99, 97, 0, 94
99, 100, 97, 0, 94
99, 99, 97, 0, 94
99, 100, 97, 0, 94
99, 99, 97, 0, 94
99, 99, 97, 0, 94
99, 100, 97, 0, 94
99, 100, 97, 0, 94
99, 99, 97, 0, 94
99, 100, 97, 0, 94
99, 99, 97, 0, 94
99, 100, 97, 0, 94
99, 99, 97, 0, 94
99, 99, 97, 0, 94
99, 100, 97, 0, 94
99, 100, 97, 0, 94
99, 100, 97, 0, 94
99, 99, 97, 0, 94
99, 100, 97, 0, 94
99, 99, 97, 0, 94
99, 100, 97, 0, 94
99, 99, 97, 0, 94
99, 99, 97, 0, 94
99, 100, 97, 0, 94
99, 99, 97, 0, 94
99, 100, 97, 0, 94
99, 100, 97, 0, 94
99, 100, 97, 0, 94
99, 100, 97, 0, 94
99, 99, 97, 0, 94
99, 100, 97, 0, 94
99, 99, 97, 0, 94
99, 100, 97, 0, 94
99, 100, 97, 0, 94
99, 100, 97, 0, 94
99, 99, 97, 0, 94
99, 99, 97, 0, 94
99, 99, 97, 0, 94
99, 99, 97, 0, 94
99, 100, 97, 0, 94
99, 99, 97, 0, 94
99, 99, 97, 0, 94
99, 100, 97, 0, 94
99, 100, 97, 0, 94
99, 99, 97, 0, 94
99, 100, 97, 0, 94
99, 100, 97, 0, 94
99, 100, 97, 0, 94
99, 99, 97, 0, 94
99, 99, 97, 0, 94
99, 99, 97, 0, 94
99, 100, 97, 0, 94
99, 99, 97, 0, 94
99, 99, 97, 0, 94
99, 99, 97, 0, 94
99, 99, 97, 0, 94
99, 100, 97, 0, 94
99, 100, 97, 0, 94
99, 100, 97, 0, 94
99, 100, 97, 0, 94
99, 99, 97, 0, 94
99, 100, 97, 0, 94
99, 100, 97, 0, 94
99, 100, 97, 0, 94
99, 100, 97, 0, 94
99, 100, 97, 0, 94
99, 100, 97, 0, 94
99, 99, 97, 0, 94
99, 100, 97, 0, 94
99, 100, 97, 0, 94
99, 100, 97, 0, 94
99, 100, 97, 0, 94
99, 100, 97, 0, 94
99, 100, 97, 0, 94
99, 100, 97, 0, 94
99, 100, 97, 0, 94
99, 100, 97, 0, 94
99, 100, 97, 0, 94
99, 100, 97, 0, 94
99, 100, 97, 0, 94
99, 100, 97, 0, 94
99, 100, 97, 0, 94
99, 99, 97, 0, 94
99, 100, 97, 0, 94
99, 100, 97, 0, 94
99, 100, 97, 0, 94
99, 100, 97, 0, 94
99, 100, 97, 0, 94
99, 99, 97, 0, 94
99, 99, 97, 0, 94
99, 99, 97, 0, 94
99, 99, 97, 0, 94
99, 99, 97, 0, 94
99, 100, 97, 0, 94
99, 99, 97, 0, 94
99, 100, 97, 0, 94
99, 99, 97, 0, 94
99, 100, 97, 0, 94
99, 99, 97, 0, 94
99, 100, 97, 0, 94
99, 99, 97, 0, 94
99, 100, 97, 0, 94
99, 100, 97, 0, 94
99, 99, 97, 0, 94
99, 100, 97, 0, 94
99, 100, 97, 0, 94
99, 100, 97, 0, 94
99, 99, 97, 0, 94
99, 100, 97, 0, 94
99, 100, 97, 0, 94
99, 100, 97, 0, 94
99, 99, 97, 0, 94
99, 99, 97, 0, 94
99, 99, 97, 0, 94
99, 100, 97, 0, 94
99, 100, 97, 0, 94
99, 100, 97, 0, 94
99, 100, 97, 0, 94
99, 99, 97, 0, 94
99, 100, 97, 0, 94
99, 100, 97, 0, 94
99, 100, 97, 0, 94
99, 100, 97, 0, 94
99, 100, 97, 0, 94
99, 99, 97, 0, 94
99, 100, 97, 0, 94
99, 99, 97, 0, 94
99, 100, 97, 0, 94
99, 100, 97, 0, 94
99, 100, 97, 0, 94
99, 100, 97, 0, 94
99, 99, 97, 0, 94
99, 99, 97, 0, 94
99, 99, 97, 0, 94
99, 99, 97, 0, 94
99, 99, 97, 0, 94
99, 99, 97, 0, 94
99, 100, 97, 0, 94
99, 99, 97, 0, 94
99, 100, 97, 0, 94
99, 99, 97, 0, 94
99, 99, 97, 0, 94
99, 99, 97, 0, 94
99, 99, 97, 0, 94
99, 99, 97, 0, 94
99, 99, 96, 0, 94
99, 99, 96, 0, 94
99, 99, 96, 0, 94
99, 99, 96, 0, 94
99, 99, 96, 0, 94
99, 100, 96, 0, 94
99, 99, 95, 0, 94
99, 99, 96, 0, 94
99, 99, 96, 0, 94
99, 99, 96, 0, 94
99, 99, 96, 0, 94
99, 99, 96, 0, 94
99, 99, 96, 0, 94
99, 99, 96, 0, 94
99, 99, 96, 0, 94
99, 99, 96, 0, 94
99, 99, 96, 0, 94
99, 99, 96, 0, 94
99, 99, 96, 0, 94
99, 99, 96, 0, 94
99, 99, 96, 0, 94
99, 99, 96, 0, 94
99, 99, 96, 0, 94
99, 99, 96, 0, 94
99, 99, 96, 0, 94
99, 99, 96, 0, 94
99, 99, 96, 0, 94
99, 99, 96, 0, 94
99, 99, 96, 0, 94
99, 99, 96, 0, 94
99, 99, 96, 0, 94
99, 99, 96, 0, 94
99, 99, 96, 0, 94
99, 99, 96, 0, 94
99, 99, 96, 0, 94
99, 99, 96, 0, 94
99, 99, 96, 0, 94
99, 99, 96, 0, 94
99, 99, 96, 0, 94
99, 99, 96, 0, 94
99, 99, 96, 0, 94
99, 99, 96, 0, 94
99, 99, 96, 0, 94
99, 99, 96, 0, 94
99, 99, 96, 0, 94
99, 100, 96, 0, 94
99, 99, 96, 0, 94
99, 99, 96, 0, 94
99, 99, 96, 0, 94
99, 99, 96, 0, 94
99, 99, 96, 0, 94
99, 99, 96, 0, 94
99, 99, 96, 0, 94
99, 99, 96, 0, 94
99, 99, 96, 0, 94
99, 99, 96, 0, 94
99, 99, 96, 0, 94
99, 99, 96, 0, 94
99, 99, 96, 0, 94
99, 99, 96, 0, 94
99, 99, 96, 0, 94
99, 99, 96, 0, 94
99, 99, 96, 0, 94
99, 99, 96, 0, 94
99, 99, 96, 0, 94
99, 99, 96, 0, 94
99, 99, 96, 0, 94
99, 99, 96, 0, 94
99, 99, 96, 0, 94
99, 99, 96, 0, 94
99, 99, 96, 0, 94
99, 100, 96, 0, 94
99, 99, 96, 0, 94
99, 99, 96, 0, 94
99, 99, 96, 0, 94
99, 100, 96, 0, 94
99, 99, 96, 0, 94
99, 99, 96, 0, 94
99, 99, 96, 0, 94
99, 99, 96, 0, 94
99, 99, 96, 0, 94
99, 99, 96, 0, 94
99, 100, 96, 0, 94
99, 99, 96, 0, 94
99, 99, 96, 0, 94
99, 99, 96, 0, 94
99, 100, 96, 0, 94
99, 99, 96, 0, 94
99, 99, 96, 0, 94
99, 99, 96, 0, 94
99, 99, 96, 0, 94
99, 99, 96, 0, 94
99, 99, 96, 0, 94
99, 99, 96, 0, 94
99, 100, 96, 0, 94
99, 99, 96, 0, 94
99, 99, 96, 0, 94
99, 99, 96, 0, 94
99, 100, 96, 0, 94
99, 100, 96, 0, 94
99, 100, 96, 0, 94
99, 99, 96, 0, 94
99, 99, 96, 0, 94
99, 99, 96, 0, 94
99, 99, 97, 0, 94
99, 99, 96, 0, 94
99, 99, 97, 0, 94
99, 99, 97, 0, 94
99, 99, 97, 0, 94
99, 99, 97, 0, 94
99, 99, 97, 0, 94
99, 99, 97, 0, 94
99, 99, 97, 0, 94
99, 99, 97, 0, 94
99, 99, 97, 0, 94
99, 99, 97, 0, 94
99, 99, 97, 0, 94
99, 99, 97, 0, 94
99, 99, 97, 0, 94
99, 99, 97, 0, 94
99, 99, 97, 0, 94
99, 99, 97, 0, 94
99, 99, 97, 0, 94
99, 99, 97, 0, 94
99, 99, 97, 0, 94
99, 99, 97, 0, 94
99, 99, 97, 0, 94
99, 99, 97, 0, 94
99, 99, 97, 0, 94
99, 99, 97, 0, 94
99, 99, 97, 0, 94
99, 99, 97, 0, 94
99, 99, 97, 0, 94
99, 99, 97, 0, 94
99, 99, 97, 0, 94
99, 99, 97, 0, 94
6, 0, 0, 1, 0
6, 0, 0, 1, 0
6, 0, 0, 1, 0
6, 0, 0, 1, 0
6, 0, 0, 1, 0
6, 0, 0, 1, 0
6, 0, 0, 1, 0
6, 0, 0, 1, 0
6, 0, 0, 1, 0
6, 0, 0, 1, 0
6, 0, 0, 1, 0
6, 0, 0, 1, 0
6, 0, 0, 1, 0
6, 0, 0, 1, 0
6, 0, 0, 1, 0
6, 0, 0, 1, 0
6, 0, 0, 1, 0
6, 0, 0, 1, 0
6, 0, 0, 1, 0
6, 0, 0, 1, 0
6, 0, 0, 1, 0
6, 0, 0, 1, 0
6, 0, 0, 1, 0
6, 0, 0, 1, 0
6, 0, 0, 1, 0
6, 0, 0, 1, 0
6, 0, 0, 1, 0
6, 0, 0, 1, 0
6, 0, 0, 1, 0
6, 0, 0, 1, 0
6, 0, 0, 1, 0
6, 0, 0, 1, 0
6, 0, 0, 1, 0
