90, 2, 95, 2, 93
90, 2, 95, 2, 93
90, 2, 95, 1, 93
90, 2, 95, 2, 93
90, 2, 95, 1, 93
90, 2, 95, 1, 93
90, 2, 95, 1, 93
90, 2, 95, 1, 93
90, 2, 95, 1, 93
90, 2, 95, 2, 93
90, 2, 95, 2, 93
90, 2, 95, 1, 93
90, 2, 95, 1, 93
90, 2, 95, 1, 93
90, 2, 96, 1, 93
90, 2, 95, 1, 93
90, 2, 96, 1, 93
90, 2, 96, 1, 93
90, 2, 96, 1, 93
90, 2, 96, 1, 93
90, 2, 96, 1, 93
90, 2, 96, 1, 93
90, 2, 96, 1, 93
90, 2, 96, 1, 93
90, 2, 96, 1, 93
90, 2, 96, 1, 93
90, 2, 96, 1, 93
90, 2, 96, 2, 93
90, 2, 96, 1, 93
90, 2, 96, 1, 93
90, 2, 96, 1, 93
90, 2, 96, 1, 93
90, 2, 96, 1, 93
89, 2, 96, 1, 93
89, 2, 96, 1, 93
89, 2, 96, 1, 93
89, 2, 96, 1, 93
89, 2, 96, 1, 93
89, 2, 96, 1, 93
89, 2, 96, 1, 93
89, 2, 96, 1, 93
89, 2, 96, 1, 93
89, 2, 96, 1, 93
88, 2, 96, 1, 93
88, 2, 96, 1, 93
88, 2, 96, 1, 93
88, 2, 96, 1, 93
88, 2, 96, 1, 93
88, 2, 96, 1, 93
88, 2, 96, 1, 93
88, 2, 96, 1, 93
88, 2, 96, 1, 93
88, 2, 96, 1, 93
88, 2, 96, 1, 93
88, 2, 96, 1, 93
88, 2, 96, 1, 93
88, 2, 96, 1, 93
88, 2, 96, 1, 93
88, 2, 96, 1, 93
88, 2, 96, 1, 93
88, 2, 96, 1, 93
87, 2, 96, 1, 93
87, 2, 96, 1, 93
87, 2, 96, 1, 93
86, 2, 96, 1, 93
86, 2, 96, 1, 93
86, 2, 96, 1, 93
85, 2, 96, 1, 93
85, 2, 96, 1, 93
85, 2, 96, 1, 93
85, 2, 96, 1, 93
85, 2, 96, 1, 93
85, 2, 96, 1, 93
85, 2, 96, 1, 93
85, 2, 96, 1, 93
85, 2, 96, 1, 93
85, 2, 96, 1, 93
85, 2, 96, 1, 93
85, 2, 96, 1, 93
85, 2, 96, 1, 93
84, 2, 96, 1, 93
84, 2, 96, 1, 93
84, 2, 96, 1, 93
84, 2, 96, 1, 93
84, 2, 96, 1, 93
84, 2, 96, 1, 93
84, 2, 96, 1, 93
84, 2, 96, 1, 93
84, 2, 96, 1, 93
84, 2, 96, 1, 93
84, 2, 96, 1, 93
84, 2, 96, 1, 93
84, 2, 96, 1, 93
84, 2, 96, 1, 93
84, 2, 96, 1, 93
84, 2, 96, 1, 93
84, 2, 96, 1, 93
84, 2, 96, 1, 93
84, 2, 96, 1, 93
84, 2, 96, 1, 93
84, 2, 96, 1, 93
84, 2, 96, 1, 93
84, 2, 96, 1, 93
84, 2, 96, 1, 93
84, 2, 96, 1, 93
84, 2, 96, 1, 93
84, 2, 96, 1, 93
84, 2, 96, 1, 93
84, 2, 96, 1, 93
84, 2, 96, 1, 93
84, 2, 96, 1, 93
84, 2, 96, 1, 93
84, 2, 96, 1, 93
84, 2, 96, 1, 93
84, 2, 96, 1, 93
84, 2, 96, 1, 93
84, 2, 96, 1, 93
84, 2, 96, 1, 93
84, 2, 96, 1, 93
84, 2, 96, 1, 93
84, 2, 96, 1, 93
84, 2, 96, 1, 93
84, 2, 96, 1, 93
84, 2, 96, 1, 93
84, 2, 96, 1, 93
84, 2, 96, 1, 93
84, 2, 97, 1, 93
84, 2, 97, 1, 93
83, 2, 97, 1, 93
84, 2, 98, 1, 93
84, 2, 98, 1, 93
84, 2, 98, 1, 93
83, 2, 98, 1, 93
83, 2, 98, 1, 93
83, 2, 98, 1, 93
83, 2, 98, 1, 93
83, 2, 98, 1, 93
83, 2, 98, 1, 93
83, 2, 98, 1, 93
83, 2, 98, 1, 93
83, 2, 98, 1, 93
83, 2, 98, 1, 93
83, 2, 98, 1, 93
83, 2, 98, 1, 93
83, 2, 98, 1, 93
83, 2, 99, 1, 93
83, 2, 99, 1, 93
83, 2, 99, 1, 93
83, 2, 99, 1, 93
83, 2, 99, 1, 93
83, 2, 99, 1, 93
83, 2, 99, 1, 93
83, 2, 99, 1, 93
83, 2, 99, 1, 93
83, 2, 99, 1, 93
83, 2, 99, 1, 93
83, 2, 99, 1, 93
83, 2, 99, 1, 93
83, 2, 99, 1, 93
83, 2, 99, 1, 93
83, 2, 99, 1, 93
83, 2, 99, 1, 93
83, 2, 99, 1, 93
83, 2, 99, 1, 93
83, 2, 99, 1, 93
83, 2, 99, 1, 93
83, 2, 99, 1, 93
83, 2, 99, 1, 93
83, 2, 99, 1, 93
83, 2, 99, 1, 93
83, 2, 99, 1, 93
83, 2, 99, 1, 93
83, 2, 99, 1, 93
83, 2, 99, 1, 93
83, 2, 99, 1, 93
83, 2, 99, 1, 93
83, 2, 99, 1, 93
83, 2, 99, 1, 93
83, 2, 99, 1, 93
83, 2, 98, 1, 93
83, 2, 98, 1, 93
83, 2, 98, 1, 93
83, 2, 98, 1, 93
83, 2, 98, 1, 93
83, 2, 98, 1, 93
83, 2, 98, 1, 93
83, 2, 98, 1, 93
83, 2, 99, 1, 93
83, 2, 99, 1, 93
83, 2, 99, 1, 93
83, 2, 99, 1, 93
83, 2, 99, 1, 93
83, 2, 99, 1, 93
83, 2, 99, 1, 93
83, 2, 99, 1, 93
83, 2, 99, 1, 93
83, 2, 99, 1, 93
83, 2, 99, 1, 93
83, 2, 99, 1, 93
83, 2, 99, 1, 93
83, 2, 99, 1, 93
83, 2, 99, 1, 93
83, 2, 99, 1, 93
83, 2, 99, 1, 93
83, 2, 99, 2, 93
83, 2, 99, 2, 93
83, 2, 99, 1, 93
83, 2, 99, 1, 93
83, 2, 99, 1, 93
83, 2, 99, 1, 93
83, 2, 99, 1, 93
83, 2, 99, 1, 93
83, 2, 99, 1, 93
83, 2, 99, 1, 93
83, 2, 99, 1, 93
83, 2, 99, 1, 93
83, 2, 99, 1, 93
83, 2, 99, 1, 93
83, 2, 99, 1, 93
83, 2, 99, 1, 93
83, 2, 99, 1, 93
83, 2, 99, 1, 93
83, 2, 99, 1, 93
83, 2, 99, 1, 93
83, 2, 99, 1, 93
83, 2, 99, 1, 93
83, 2, 99, 1, 93
83, 2, 99, 1, 93
83, 2, 99, 1, 93
83, 2, 99, 1, 93
83, 2, 99, 1, 93
83, 2, 99, 1, 93
83, 2, 99, 1, 93
83, 2, 99, 1, 93
83, 2, 99, 1, 93
83, 2, 99, 1, 93
83, 2, 99, 1, 93
83, 2, 99, 1, 93
83, 2, 99, 1, 93
83, 2, 99, 1, 93
83, 2, 99, 1, 93
83, 2, 99, 1, 93
83, 2, 99, 1, 93
83, 2, 99, 1, 93
83, 2, 99, 1, 93
83, 2, 99, 1, 93
83, 2, 99, 1, 93
83, 2, 99, 1, 93
83, 2, 99, 1, 93
83, 2, 99, 1, 93
83, 2, 99, 1, 93
83, 2, 99, 1, 93
83, 2, 99, 1, 93
83, 2, 99, 1, 93
83, 2, 99, 1, 93
83, 2, 99, 1, 93
83, 2, 99, 1, 93
82, 2, 99, 1, 93
82, 2, 99, 1, 93
82, 2, 99, 1, 93
82, 2, 99, 1, 93
82, 2, 99, 1, 93
82, 2, 99, 1, 93
82, 2, 99, 1, 93
82, 2, 99, 1, 93
82, 2, 99, 1, 93
82, 2, 99, 1, 93
82, 2, 99, 1, 93
81, 2, 99, 1, 93
81, 2, 99, 1, 93
81, 2, 99, 1, 93
81, 2, 99, 1, 93
81, 2, 99, 1, 93
81, 2, 99, 1, 93
81, 2, 99, 1, 93
81, 2, 99, 1, 93
81, 2, 99, 1, 93
81, 2, 99, 1, 93
81, 2, 99, 1, 93
81, 2, 99, 1, 93
81, 2, 99, 1, 93
81, 2, 99, 1, 93
81, 2, 99, 1, 93
81, 2, 99, 1, 93
81, 2, 99, 1, 93
81, 2, 99, 1, 93
81, 2, 99, 1, 93
81, 2, 99, 1, 93
81, 2, 99, 1, 93
80, 2, 99, 1, 93
80, 2, 99, 1, 93
80, 2, 99, 1, 93
80, 2, 99, 1, 93
80, 2, 99, 1, 93
79, 2, 99, 1, 93
79, 2, 99, 1, 93
79, 2, 99, 1, 93
79, 2, 99, 1, 93
79, 2, 99, 1, 93
79, 2, 99, 1, 93
79, 2, 99, 1, 93
79, 2, 99, 1, 93
78, 2, 99, 1, 93
78, 2, 99, 1, 93
78, 2, 99, 1, 93
78, 2, 99, 1, 93
78, 2, 99, 1, 93
78, 2, 99, 1, 93
78, 2, 99, 1, 93
78, 2, 99, 1, 93
78, 2, 99, 1, 93
78, 2, 99, 1, 93
77, 2, 99, 1, 93
77, 2, 99, 1, 93
76, 2, 99, 1, 93
73, 2, 99, 1, 93
72, 2, 99, 1, 93
72, 2, 99, 1, 93
72, 2, 99, 1, 93
72, 2, 99, 1, 93
72, 2, 99, 1, 93
72, 2, 99, 1, 93
72, 2, 99, 1, 93
72, 1, 99, 1, 93
72, 2, 99, 1, 93
74, 2, 99, 1, 93
76, 2, 99, 1, 93
76, 2, 99, 1, 93
77, 2, 99, 1, 93
77, 2, 99, 1, 93
77, 2, 99, 1, 93
77, 2, 99, 1, 93
77, 2, 99, 1, 93
77, 2, 99, 1, 93
77, 2, 99, 1, 93
77, 2, 99, 1, 93
77, 2, 99, 1, 93
75, 2, 99, 1, 93
72, 2, 99, 1, 93
72, 2, 99, 1, 93
72, 2, 99, 1, 93
72, 2, 99, 1, 93
72, 2, 99, 1, 93
72, 2, 99, 1, 93
72, 2, 99, 1, 93
72, 2, 99, 1, 93
72, 2, 99, 1, 93
72, 2, 99, 1, 93
72, 2, 99, 1, 93
72, 2, 99, 1, 93
72, 2, 99, 1, 93
72, 2, 99, 1, 93
72, 2, 99, 1, 93
72, 1, 99, 1, 93
72, 1, 99, 1, 93
72, 1, 99, 1, 93
72, 1, 99, 1, 93
72, 2, 99, 1, 93
72, 1, 99, 1, 93
72, 1, 99, 1, 93
72, 2, 99, 1, 93
72, 2, 99, 1, 93
72, 1, 99, 1, 93
72, 1, 99, 1, 93
72, 2, 99, 1, 93
72, 2, 99, 1, 93
72, 1, 99, 1, 93
72, 2, 99, 1, 93
72, 2, 99, 1, 93
72, 2, 99, 1, 93
72, 2, 99, 1, 93
72, 2, 99, 1, 93
72, 2, 99, 1, 93
72, 2, 99, 1, 93
72, 2, 99, 1, 93
72, 2, 99, 1, 93
72, 1, 99, 1, 93
72, 1, 99, 1, 93
72, 2, 99, 1, 93
72, 2, 99, 1, 93
72, 2, 99, 1, 93
72, 2, 99, 1, 93
72, 2, 99, 1, 93
72, 2, 99, 1, 93
72, 2, 99, 1, 93
72, 1, 99, 1, 93
72, 1, 99, 1, 93
77, 2, 99, 1, 93
77, 2, 99, 1, 93
77, 2, 99, 1, 93
77, 2, 99, 1, 93
77, 2, 99, 1, 93
77, 2, 99, 1, 93
78, 2, 99, 1, 93
78, 2, 99, 1, 93
78, 2, 99, 1, 93
78, 2, 99, 1, 93
78, 2, 99, 1, 93
78, 2, 99, 1, 93
78, 2, 99, 1, 93
79, 2, 99, 1, 93
79, 2, 99, 1, 93
79, 2, 99, 1, 93
79, 2, 99, 1, 93
79, 2, 99, 1, 93
79, 2, 99, 1, 93
79, 2, 99, 1, 93
79, 2, 99, 1, 93
79, 2, 99, 1, 93
79, 2, 99, 1, 93
79, 2, 99, 1, 93
79, 2, 99, 1, 93
79, 2, 99, 1, 93
79, 2, 99, 1, 93
79, 2, 99, 1, 93
79, 2, 99, 1, 93
79, 2, 99, 1, 93
79, 2, 99, 1, 93
79, 2, 99, 1, 93
79, 2, 99, 1, 93
79, 2, 99, 1, 93
79, 2, 99, 1, 93
79, 2, 99, 1, 93
79, 2, 99, 1, 93
79, 2, 99, 1, 93
79, 2, 99, 1, 93
79, 2, 99, 1, 93
79, 2, 99, 1, 93
79, 2, 99, 1, 93
79, 2, 99, 1, 93
79, 2, 99, 1, 93
79, 2, 99, 1, 93
79, 2, 99, 1, 93
79, 2, 99, 1, 93
79, 2, 99, 1, 93
79, 2, 99, 1, 93
79, 2, 99, 1, 93
79, 2, 99, 1, 93
80, 2, 99, 1, 93
80, 2, 99, 1, 93
80, 2, 99, 1, 93
80, 2, 99, 1, 93
80, 2, 99, 1, 93
80, 2, 99, 1, 93
80, 2, 99, 1, 93
80, 2, 99, 1, 93
81, 2, 99, 1, 93
81, 2, 99, 1, 93
81, 2, 99, 1, 93
81, 2, 99, 1, 93
81, 2, 99, 1, 93
81, 2, 99, 1, 93
81, 2, 99, 1, 93
81, 2, 99, 1, 93
81, 2, 99, 1, 93
81, 2, 99, 1, 93
81, 2, 99, 1, 93
81, 2, 99, 1, 93
81, 2, 99, 1, 93
81, 2, 99, 1, 93
81, 2, 99, 1, 93
81, 2, 99, 1, 93
81, 2, 99, 1, 93
81, 2, 99, 1, 93
81, 2, 99, 1, 93
81, 2, 99, 1, 93
81, 2, 99, 1, 93
81, 2, 99, 1, 93
81, 2, 99, 1, 93
81, 2, 99, 1, 93
81, 2, 99, 1, 93
81, 2, 99, 1, 93
81, 2, 99, 1, 93
80, 2, 99, 1, 93
80, 2, 99, 1, 93
80, 2, 99, 1, 93
80, 2, 99, 1, 93
80, 2, 99, 1, 93
80, 2, 99, 1, 93
80, 2, 99, 1, 93
80, 2, 99, 1, 93
80, 2, 99, 1, 93
80, 2, 99, 1, 93
80, 2, 99, 1, 93
80, 2, 99, 1, 93
80, 2, 99, 1, 93
80, 2, 99, 1, 93
80, 2, 99, 1, 93
80, 2, 99, 1, 93
80, 2, 99, 1, 93
80, 2, 99, 1, 93
80, 2, 99, 1, 93
80, 2, 99, 1, 93
80, 2, 99, 1, 93
80, 2, 99, 1, 93
80, 2, 99, 1, 93
80, 2, 99, 1, 93
80, 2, 99, 1, 93
80, 2, 99, 1, 93
80, 2, 99, 1, 93
80, 2, 99, 1, 93
80, 2, 99, 1, 93
80, 2, 99, 1, 93
80, 2, 99, 1, 93
80, 2, 99, 1, 93
80, 2, 99, 1, 93
80, 2, 99, 1, 93
80, 2, 99, 1, 93
80, 2, 99, 1, 93
80, 2, 99, 1, 93
80, 2, 99, 1, 93
80, 2, 99, 1, 93
80, 2, 99, 1, 93
80, 2, 99, 1, 93
80, 2, 99, 1, 93
80, 2, 99, 1, 93
80, 2, 99, 1, 93
80, 2, 99, 1, 93
80, 2, 99, 1, 93
80, 2, 99, 1, 93
80, 2, 99, 1, 93
80, 2, 99, 1, 93
80, 2, 99, 1, 93
80, 2, 99, 1, 93
80, 2, 99, 1, 93
80, 2, 99, 1, 93
80, 2, 99, 1, 93
80, 2, 99, 1, 93
80, 2, 99, 1, 93
80, 2, 99, 1, 93
80, 2, 99, 1, 93
80, 2, 99, 1, 93
80, 2, 99, 1, 93
80, 2, 99, 1, 93
80, 2, 99, 1, 93
80, 2, 99, 1, 93
80, 2, 99, 1, 93
80, 2, 99, 1, 93
80, 2, 99, 1, 93
80, 2, 99, 1, 93
80, 2, 99, 1, 93
80, 2, 99, 1, 93
80, 2, 99, 1, 93
80, 2, 99, 1, 93
80, 2, 99, 1, 93
80, 2, 99, 1, 93
80, 2, 99, 1, 93
80, 2, 99, 1, 93
80, 2, 99, 1, 93
80, 2, 99, 1, 93
80, 2, 99, 1, 93
80, 2, 99, 1, 93
80, 2, 99, 1, 93
80, 2, 99, 1, 93
80, 2, 99, 1, 93
80, 2, 99, 1, 93
80, 2, 99, 1, 93
80, 2, 99, 1, 93
80, 2, 99, 1, 93
80, 2, 99, 1, 93
80, 2, 99, 1, 93
80, 2, 99, 1, 93
80, 2, 99, 1, 93
80, 2, 99, 1, 93
80, 2, 99, 1, 93
79, 2, 99, 1, 93
79, 2, 99, 1, 93
79, 2, 99, 1, 93
79, 2, 99, 1, 93
79, 2, 99, 1, 93
79, 2, 99, 1, 93
79, 2, 99, 1, 93
79, 2, 99, 1, 93
79, 2, 99, 1, 93
79, 2, 99, 1, 93
79, 2, 99, 1, 93
79, 2, 99, 1, 93
79, 2, 99, 1, 93
79, 2, 99, 1, 93
79, 2, 99, 1, 93
79, 2, 99, 1, 93
79, 2, 99, 1, 93
79, 2, 99, 1, 93
79, 2, 99, 1, 93
79, 2, 99, 1, 93
79, 2, 99, 1, 93
79, 2, 99, 1, 93
79, 2, 99, 1, 93
79, 2, 99, 1, 93
79, 2, 99, 1, 93
79, 2, 99, 1, 93
79, 2, 99, 1, 93
79, 2, 99, 1, 93
79, 2, 99, 1, 93
79, 2, 99, 1, 93
79, 2, 99, 1, 93
79, 2, 99, 1, 93
79, 2, 99, 1, 93
79, 2, 99, 1, 93
79, 2, 99, 1, 93
79, 2, 99, 1, 93
79, 2, 99, 1, 93
79, 2, 99, 1, 93
79, 2, 99, 1, 93
79, 2, 99, 1, 93
79, 2, 99, 1, 93
79, 2, 99, 1, 93
79, 2, 99, 1, 93
79, 2, 99, 1, 93
79, 2, 99, 1, 93
78, 2, 99, 1, 93
78, 2, 99, 1, 93
78, 2, 99, 1, 93
72, 1, 99, 1, 93
72, 1, 99, 1, 93
72, 1, 99, 1, 93
72, 2, 99, 1, 93
72, 1, 99, 1, 93
72, 2, 99, 1, 93
72, 2, 99, 1, 93
72, 1, 99, 1, 93
72, 2, 99, 1, 93
72, 2, 99, 1, 93
72, 2, 99, 1, 93
72, 2, 99, 1, 93
72, 2, 99, 1, 93
72, 2, 99, 1, 93
72, 2, 99, 1, 93
72, 2, 99, 1, 93
72, 2, 99, 1, 93
72, 2, 99, 1, 93
72, 2, 99, 1, 93
72, 2, 99, 1, 93
72, 2, 99, 1, 93
72, 1, 99, 1, 93
77, 2, 99, 1, 93
77, 2, 99, 1, 93
78, 2, 99, 1, 93
79, 2, 99, 1, 93
79, 2, 99, 1, 93
79, 2, 99, 1, 93
79, 2, 99, 1, 93
80, 2, 99, 1, 93
80, 2, 99, 1, 93
80, 2, 99, 1, 93
80, 2, 99, 1, 93
80, 2, 99, 1, 93
80, 2, 99, 1, 93
81, 2, 99, 1, 93
81, 2, 99, 1, 93
81, 2, 99, 1, 93
81, 2, 99, 1, 93
81, 2, 99, 1, 93
81, 2, 99, 1, 93
81, 2, 99, 1, 93
81, 2, 99, 1, 93
81, 2, 99, 1, 93
81, 2, 99, 1, 93
81, 2, 99, 1, 93
81, 2, 99, 1, 93
81, 2, 99, 1, 93
81, 2, 99, 1, 93
81, 2, 99, 1, 93
81, 2, 99, 1, 93
81, 2, 99, 1, 93
81, 2, 99, 1, 93
81, 2, 99, 1, 93
81, 2, 99, 1, 93
81, 2, 99, 1, 93
81, 2, 99, 1, 93
81, 2, 99, 1, 93
81, 2, 99, 1, 93
81, 2, 99, 1, 93
81, 2, 99, 1, 93
82, 2, 99, 1, 93
82, 2, 99, 1, 93
82, 2, 99, 1, 93
82, 2, 99, 1, 93
82, 2, 99, 1, 93
82, 2, 99, 1, 93
82, 2, 99, 1, 93
82, 2, 99, 1, 93
82, 2, 99, 1, 93
82, 2, 99, 1, 93
82, 2, 99, 1, 93
82, 2, 99, 1, 93
82, 2, 99, 1, 93
82, 2, 99, 1, 93
82, 2, 99, 1, 93
82, 2, 99, 1, 93
82, 2, 99, 1, 93
82, 2, 99, 1, 93
82, 2, 99, 1, 93
82, 2, 99, 1, 93
82, 2, 99, 1, 93
82, 2, 99, 1, 93
82, 2, 99, 1, 93
82, 2, 99, 1, 93
82, 2, 99, 1, 93
82, 2, 99, 1, 93
82, 2, 99, 1, 93
82, 2, 99, 1, 93
82, 2, 99, 1, 93
82, 2, 99, 1, 93
82, 2, 99, 1, 93
82, 2, 99, 1, 93
82, 2, 99, 1, 93
82, 2, 99, 1, 93
82, 2, 99, 1, 93
82, 2, 99, 1, 93
82, 2, 99, 1, 93
82, 2, 99, 1, 93
82, 2, 99, 1, 93
82, 2, 99, 1, 93
82, 2, 99, 1, 93
82, 2, 99, 1, 93
82, 2, 99, 1, 93
82, 2, 99, 1, 93
82, 2, 99, 1, 93
82, 2, 99, 1, 93
82, 2, 99, 1, 93
82, 2, 99, 1, 93
82, 2, 99, 1, 93
82, 2, 99, 1, 93
82, 2, 99, 1, 93
82, 2, 99, 1, 93
82, 2, 99, 1, 93
82, 2, 99, 1, 93
82, 2, 99, 1, 93
82, 2, 99, 1, 93
82, 2, 99, 1, 93
82, 2, 99, 1, 93
82, 2, 99, 1, 93
82, 2, 99, 1, 93
82, 2, 99, 1, 93
82, 2, 99, 1, 93
82, 2, 99, 1, 93
82, 2, 99, 1, 93
82, 2, 99, 1, 93
82, 2, 99, 1, 93
82, 2, 99, 1, 93
82, 2, 99, 1, 93
82, 2, 99, 1, 93
82, 2, 99, 1, 93
82, 2, 99, 1, 93
82, 2, 99, 1, 93
82, 2, 99, 1, 93
82, 2, 99, 1, 93
81, 2, 99, 1, 93
81, 2, 99, 1, 93
81, 2, 99, 1, 93
81, 2, 99, 1, 93
81, 2, 99, 1, 93
80, 2, 99, 1, 93
80, 2, 99, 1, 93
80, 2, 99, 1, 93
80, 2, 99, 1, 93
80, 2, 99, 1, 93
80, 2, 99, 1, 93
80, 2, 99, 1, 93
80, 2, 99, 1, 93
80, 2, 99, 1, 93
80, 2, 99, 1, 93
80, 2, 99, 1, 93
80, 2, 99, 1, 93
80, 2, 99, 1, 93
80, 2, 99, 1, 93
80, 2, 99, 1, 93
79, 2, 99, 1, 93
79, 2, 99, 1, 93
79, 2, 99, 1, 93
79, 2, 99, 1, 93
79, 2, 99, 1, 93
79, 2, 99, 1, 93
79, 2, 99, 1, 93
79, 2, 99, 1, 93
79, 2, 99, 1, 93
79, 2, 99, 1, 93
79, 2, 99, 1, 93
79, 2, 99, 1, 93
79, 2, 99, 1, 93
79, 2, 99, 1, 93
79, 2, 99, 1, 93
79, 2, 99, 1, 93
79, 2, 99, 1, 93
79, 2, 99, 1, 93
79, 2, 99, 1, 93
79, 2, 99, 1, 93
79, 2, 99, 1, 93
79, 2, 99, 1, 93
79, 2, 99, 1, 93
79, 2, 99, 1, 93
79, 2, 99, 1, 93
79, 2, 99, 1, 93
79, 2, 99, 1, 93
79, 2, 99, 1, 93
79, 2, 99, 1, 93
79, 2, 99, 1, 93
79, 2, 99, 1, 93
79, 2, 99, 1, 93
79, 2, 99, 1, 93
79, 2, 99, 1, 93
79, 2, 99, 1, 93
79, 2, 99, 1, 93
79, 2, 99, 1, 93
79, 2, 99, 1, 93
79, 2, 99, 1, 93
79, 2, 99, 1, 93
79, 2, 99, 1, 93
79, 2, 99, 1, 93
79, 2, 99, 1, 93
79, 2, 99, 1, 93
79, 2, 99, 1, 93
79, 2, 99, 1, 93
79, 2, 99, 1, 93
79, 2, 99, 1, 93
79, 2, 99, 1, 93
79, 2, 99, 1, 93
79, 2, 99, 1, 93
79, 2, 99, 1, 93
79, 2, 99, 1, 93
79, 2, 99, 1, 93
79, 2, 99, 1, 93
79, 2, 99, 1, 93
79, 2, 99, 1, 93
79, 2, 99, 1, 93
79, 2, 99, 1, 93
79, 2, 99, 1, 93
79, 2, 99, 1, 93
79, 2, 99, 1, 93
79, 2, 99, 1, 93
79, 2, 99, 1, 93
79, 2, 99, 1, 93
79, 2, 99, 1, 93
79, 2, 99, 1, 93
79, 2, 99, 1, 93
79, 2, 99, 1, 93
79, 2, 99, 1, 93
79, 2, 99, 1, 93
79, 2, 99, 1, 93
79, 2, 99, 1, 93
79, 2, 99, 1, 93
79, 2, 99, 1, 93
79, 2, 99, 1, 93
79, 2, 99, 1, 93
79, 2, 99, 1, 93
79, 2, 99, 1, 93
78, 2, 99, 1, 93
78, 2, 99, 1, 93
78, 2, 99, 1, 93
78, 2, 99, 1, 93
78, 2, 99, 1, 93
78, 2, 99, 1, 93
79, 2, 99, 1, 93
79, 2, 99, 1, 93
79, 2, 99, 1, 93
79, 2, 99, 1, 93
79, 2, 99, 1, 93
79, 2, 99, 1, 93
79, 2, 99, 1, 93
79, 2, 99, 1, 93
79, 2, 99, 1, 93
79, 2, 99, 1, 93
79, 2, 99, 1, 93
79, 2, 99, 1, 93
79, 2, 99, 1, 93
79, 2, 99, 1, 93
80, 2, 99, 1, 93
80, 2, 99, 1, 93
80, 2, 99, 1, 93
80, 2, 99, 1, 93
80, 2, 99, 1, 93
80, 2, 99, 1, 93
80, 2, 99, 1, 93
80, 2, 99, 1, 93
80, 2, 99, 1, 93
80, 2, 99, 1, 93
80, 2, 99, 1, 93
80, 2, 99, 1, 93
80, 2, 99, 1, 93
80, 2, 99, 1, 93
80, 2, 99, 1, 93
80, 2, 99, 1, 93
80, 2, 99, 1, 93
80, 2, 99, 1, 93
80, 2, 99, 1, 93
80, 2, 99, 1, 93
80, 2, 99, 1, 93
80, 2, 99, 1, 93
80, 2, 99, 1, 93
80, 2, 99, 1, 93
80, 2, 99, 1, 93
80, 2, 99, 1, 93
80, 2, 99, 1, 93
80, 2, 99, 1, 93
80, 2, 99, 1, 93
80, 2, 99, 1, 93
80, 2, 99, 1, 93
80, 2, 99, 1, 93
80, 2, 99, 1, 93
80, 2, 99, 1, 93
80, 2, 99, 1, 93
80, 2, 99, 1, 93
80, 2, 99, 1, 93
80, 2, 99, 1, 93
80, 2, 99, 1, 93
80, 2, 99, 1, 93
80, 2, 99, 1, 93
80, 2, 99, 1, 93
80, 2, 99, 1, 93
80, 2, 99, 1, 93
80, 2, 99, 1, 93
80, 2, 99, 1, 93
80, 2, 99, 1, 93
80, 2, 99, 1, 93
80, 2, 99, 1, 93
80, 2, 99, 1, 93
80, 2, 99, 1, 93
80, 2, 99, 1, 93
80, 2, 99, 1, 93
80, 2, 99, 1, 93
80, 2, 99, 1, 93
80, 2, 99, 1, 93
80, 2, 99, 1, 93
80, 2, 99, 1, 93
80, 2, 99, 1, 93
80, 2, 99, 1, 93
80, 2, 99, 1, 93
80, 2, 99, 1, 93
80, 2, 99, 1, 93
80, 2, 99, 1, 93
80, 2, 99, 1, 93
80, 2, 99, 1, 93
80, 2, 99, 1, 93
80, 2, 99, 1, 93
80, 2, 99, 1, 93
80, 2, 99, 1, 93
79, 2, 99, 1, 93
79, 2, 99, 1, 93
79, 2, 99, 1, 93
79, 2, 99, 1, 93
79, 2, 99, 1, 93
79, 2, 99, 1, 93
79, 2, 99, 1, 93
79, 2, 99, 1, 93
79, 2, 99, 1, 93
79, 2, 99, 1, 93
79, 2, 99, 1, 93
79, 2, 99, 1, 93
79, 2, 99, 1, 93
79, 2, 99, 1, 93
79, 2, 99, 1, 93
79, 2, 99, 1, 93
79, 2, 99, 1, 93
79, 2, 99, 1, 93
79, 2, 99, 1, 93
79, 2, 99, 1, 93
78, 2, 99, 1, 93
78, 2, 99, 1, 93
78, 2, 99, 1, 93
78, 2, 99, 1, 93
78, 2, 99, 1, 93
78, 2, 99, 1, 93
78, 2, 99, 1, 93
78, 2, 99, 1, 93
78, 2, 99, 1, 93
78, 2, 99, 1, 93
78, 2, 99, 1, 93
77, 2, 99, 1, 93
77, 2, 99, 1, 93
77, 2, 99, 1, 93
72, 1, 99, 1, 93
72, 1, 99, 1, 93
72, 1, 99, 1, 93
72, 1, 99, 1, 93
72, 2, 99, 1, 93
72, 2, 99, 1, 93
72, 2, 99, 1, 93
72, 1, 99, 1, 93
72, 1, 99, 1, 93
72, 2, 99, 1, 93
72, 1, 99, 1, 93
72, 2, 99, 1, 93
72, 1, 99, 1, 93
72, 1, 99, 1, 93
72, 1, 99, 1, 93
72, 2, 99, 1, 93
72, 2, 99, 1, 93
72, 2, 99, 1, 93
72, 2, 99, 1, 93
72, 2, 99, 1, 93
72, 2, 99, 1, 93
72, 2, 99, 1, 93
72, 2, 99, 1, 93
72, 1, 99, 1, 93
71, 2, 99, 1, 93
72, 2, 99, 1, 93
72, 1, 99, 1, 93
72, 2, 99, 1, 93
72, 1, 99, 1, 93
72, 2, 99, 1, 93
72, 2, 99, 1, 93
72, 1, 99, 1, 93
72, 2, 99, 1, 93
72, 2, 99, 1, 93
72, 2, 99, 1, 93
72, 2, 99, 1, 93
72, 2, 99, 1, 93
77, 2, 99, 1, 93
78, 2, 99, 1, 93
78, 2, 99, 1, 93
78, 2, 99, 1, 93
78, 2, 99, 1, 93
79, 2, 99, 1, 93
79, 2, 99, 1, 93
79, 2, 99, 1, 93
79, 2, 99, 1, 93
79, 2, 99, 1, 93
79, 2, 99, 1, 93
79, 2, 99, 1, 93
79, 2, 99, 1, 93
79, 2, 99, 1, 93
79, 2, 99, 1, 93
79, 2, 99, 1, 93
79, 2, 99, 1, 93
79, 2, 99, 1, 93
79, 2, 99, 1, 93
79, 2, 99, 1, 93
79, 2, 99, 1, 93
79, 2, 99, 1, 93
79, 2, 99, 1, 93
79, 2, 99, 1, 93
78, 2, 99, 1, 93
78, 2, 99, 1, 93
78, 2, 99, 1, 93
78, 2, 99, 1, 93
78, 2, 99, 1, 93
77, 2, 99, 1, 93
77, 2, 99, 1, 93
72, 1, 99, 1, 93
72, 1, 99, 1, 93
72, 2, 99, 1, 93
72, 2, 99, 1, 93
72, 2, 99, 1, 93
72, 2, 99, 1, 93
72, 2, 99, 1, 93
72, 2, 99, 1, 93
72, 2, 99, 1, 93
72, 2, 99, 1, 93
72, 2, 99, 1, 93
72, 2, 99, 1, 93
72, 2, 99, 1, 93
72, 2, 99, 1, 93
72, 2, 99, 1, 93
72, 2, 99, 1, 93
72, 2, 99, 1, 93
72, 2, 99, 1, 93
72, 2, 99, 1, 93
72, 2, 99, 1, 93
72, 2, 99, 1, 93
72, 2, 99, 1, 93
72, 1, 99, 1, 93
72, 2, 99, 1, 93
72, 2, 99, 1, 93
72, 2, 99, 1, 93
72, 2, 99, 1, 93
72, 2, 99, 1, 93
72, 2, 99, 1, 93
72, 2, 99, 1, 93
72, 2, 99, 1, 93
72, 2, 99, 1, 93
72, 2, 99, 1, 93
72, 1, 99, 1, 93
72, 2, 99, 1, 93
72, 2, 99, 1, 93
72, 2, 99, 1, 93
72, 2, 99, 1, 93
72, 2, 99, 1, 93
72, 2, 99, 1, 93
72, 2, 99, 1, 93
72, 2, 99, 1, 93
72, 2, 99, 1, 93
72, 2, 99, 1, 93
72, 2, 99, 1, 93
72, 2, 99, 1, 93
72, 2, 99, 1, 93
72, 2, 99, 1, 93
72, 1, 99, 1, 93
72, 2, 99, 1, 93
72, 2, 99, 1, 93
72, 1, 99, 1, 93
72, 2, 99, 1, 93
72, 2, 99, 1, 93
73, 2, 99, 1, 93
73, 2, 99, 1, 93
73, 2, 99, 1, 93
73, 2, 99, 1, 93
73, 2, 99, 1, 93
76, 2, 99, 1, 93
77, 2, 99, 1, 93
77, 2, 99, 1, 93
80, 2, 99, 1, 93
80, 2, 99, 1, 93
80, 2, 99, 1, 93
81, 2, 99, 1, 93
81, 2, 99, 1, 93
81, 2, 99, 1, 93
81, 2, 99, 1, 93
82, 2, 99, 1, 93
82, 2, 99, 1, 93
82, 2, 99, 1, 93
82, 2, 99, 1, 93
82, 2, 99, 1, 93
82, 2, 99, 1, 93
82, 2, 99, 1, 93
82, 2, 99, 1, 93
82, 2, 99, 1, 93
82, 2, 99, 1, 93
82, 2, 99, 1, 93
82, 2, 99, 1, 93
82, 2, 99, 1, 93
82, 2, 99, 1, 93
82, 2, 99, 1, 93
82, 2, 99, 1, 93
82, 2, 99, 1, 93
82, 2, 99, 1, 93
82, 2, 99, 1, 93
82, 2, 99, 1, 93
82, 2, 99, 1, 93
82, 2, 99, 1, 93
82, 2, 99, 1, 93
82, 2, 99, 1, 93
82, 2, 99, 1, 93
82, 2, 99, 1, 93
82, 2, 99, 1, 93
82, 2, 99, 1, 93
82, 2, 99, 1, 93
82, 2, 99, 1, 93
82, 2, 99, 1, 93
82, 2, 99, 1, 93
82, 2, 99, 1, 93
82, 2, 99, 1, 93
82, 2, 99, 1, 93
82, 2, 99, 1, 93
82, 2, 99, 1, 93
82, 2, 99, 1, 93
82, 2, 99, 1, 93
82, 2, 99, 1, 93
82, 2, 99, 1, 93
82, 2, 99, 1, 93
82, 2, 99, 1, 93
82, 2, 99, 1, 93
82, 2, 99, 1, 93
82, 2, 99, 1, 93
82, 2, 99, 1, 93
82, 2, 99, 1, 93
82, 2, 99, 1, 93
82, 2, 99, 1, 93
82, 2, 99, 1, 93
82, 2, 99, 1, 93
82, 2, 99, 1, 93
82, 2, 99, 1, 93
82, 2, 99, 1, 93
82, 2, 99, 1, 93
82, 2, 99, 1, 93
82, 2, 99, 1, 93
82, 2, 99, 1, 93
82, 2, 99, 1, 93
82, 2, 99, 1, 93
82, 2, 99, 1, 93
82, 2, 99, 1, 93
82, 2, 99, 1, 93
82, 2, 99, 1, 93
82, 2, 99, 1, 93
82, 2, 99, 1, 93
82, 2, 99, 1, 93
82, 2, 99, 1, 93
82, 2, 99, 1, 93
82, 2, 99, 1, 93
82, 2, 99, 1, 93
82, 2, 99, 1, 93
82, 2, 99, 1, 93
82, 2, 99, 1, 93
82, 2, 99, 1, 93
82, 2, 99, 1, 93
82, 2, 99, 1, 93
82, 2, 99, 1, 93
82, 2, 99, 1, 93
82, 2, 99, 1, 93
82, 2, 99, 1, 93
82, 2, 99, 1, 93
82, 2, 99, 1, 93
82, 2, 99, 1, 93
82, 2, 99, 1, 93
82, 2, 99, 1, 93
82, 2, 99, 1, 93
82, 2, 99, 1, 93
82, 2, 99, 1, 93
82, 2, 99, 1, 93
82, 2, 99, 1, 93
82, 2, 99, 1, 93
82, 2, 99, 1, 93
82, 2, 99, 1, 93
82, 2, 99, 1, 93
82, 2, 99, 1, 93
81, 2, 99, 1, 93
81, 2, 99, 1, 93
81, 2, 99, 1, 93
81, 2, 99, 1, 93
81, 2, 99, 1, 93
81, 2, 99, 1, 93
80, 2, 99, 1, 93
80, 2, 99, 1, 93
80, 2, 99, 1, 93
80, 2, 99, 1, 93
80, 2, 99, 1, 93
80, 2, 99, 1, 93
80, 2, 99, 1, 93
80, 2, 99, 1, 93
79, 2, 99, 1, 93
80, 2, 99, 1, 93
79, 2, 99, 1, 93
79, 2, 99, 1, 93
79, 2, 99, 1, 93
79, 2, 99, 1, 93
79, 2, 99, 1, 93
79, 2, 99, 1, 93
79, 2, 99, 1, 93
79, 2, 99, 1, 93
79, 2, 99, 1, 93
79, 2, 99, 1, 93
79, 2, 99, 1, 93
79, 2, 99, 1, 93
79, 2, 99, 1, 93
79, 2, 99, 1, 93
80, 2, 99, 1, 93
80, 2, 99, 1, 93
80, 2, 99, 1, 93
80, 2, 99, 1, 93
80, 2, 99, 1, 93
80, 2, 99, 1, 93
80, 2, 99, 1, 93
80, 2, 99, 1, 93
71, 2, 99, 1, 93
71, 1, 99, 1, 93
71, 1, 99, 1, 93
71, 1, 99, 1, 93
71, 2, 99, 1, 93
71, 2, 99, 1, 93
71, 2, 99, 1, 93
71, 2, 99, 1, 93
71, 2, 99, 1, 93
71, 2, 99, 1, 93
71, 2, 99, 1, 93
71, 2, 99, 1, 93
71, 1, 99, 1, 93
71, 1, 99, 1, 93
71, 1, 99, 1, 93
71, 2, 99, 1, 93
71, 2, 99, 1, 93
71, 2, 99, 1, 93
71, 1, 99, 1, 93
71, 1, 99, 1, 93
71, 1, 99, 1, 93
71, 2, 99, 1, 93
71, 2, 99, 1, 93
71, 2, 99, 1, 93
71, 2, 99, 1, 93
71, 1, 99, 1, 93
71, 1, 99, 1, 93
71, 1, 99, 1, 93
71, 1, 99, 1, 93
71, 1, 99, 1, 93
71, 1, 99, 1, 93
71, 1, 99, 1, 93
71, 1, 99, 1, 93
71, 1, 99, 1, 93
71, 2, 99, 1, 93
71, 1, 99, 1, 93
71, 1, 99, 1, 93
71, 1, 99, 1, 93
71, 1, 99, 1, 93
71, 1, 99, 1, 93
71, 1, 99, 1, 93
71, 1, 99, 1, 93
71, 1, 99, 1, 93
71, 1, 99, 1, 93
71, 1, 99, 1, 93
71, 1, 99, 1, 93
71, 1, 99, 1, 93
71, 2, 99, 1, 93
71, 1, 99, 1, 93
71, 1, 99, 1, 93
71, 1, 99, 1, 93
71, 2, 99, 1, 93
71, 1, 99, 1, 93
71, 1, 99, 1, 93
71, 1, 99, 1, 93
71, 2, 99, 1, 93
71, 2, 99, 1, 93
71, 2, 99, 1, 93
71, 1, 99, 1, 93
71, 1, 99, 1, 93
71, 1, 99, 1, 93
71, 1, 99, 1, 93
71, 1, 99, 1, 93
71, 1, 99, 1, 93
71, 1, 99, 1, 93
71, 1, 99, 1, 93
71, 1, 99, 1, 93
71, 1, 99, 1, 93
71, 1, 99, 1, 93
71, 1, 99, 1, 93
71, 1, 99, 1, 93
71, 1, 99, 1, 93
71, 1, 99, 1, 93
71, 1, 99, 1, 93
71, 1, 99, 1, 93
71, 2, 99, 1, 93
71, 1, 99, 1, 93
71, 2, 99, 1, 93
71, 1, 99, 1, 93
71, 1, 99, 1, 93
71, 1, 99, 1, 93
71, 1, 99, 1, 93
71, 1, 99, 1, 93
71, 1, 99, 1, 93
71, 1, 99, 1, 93
71, 1, 99, 1, 93
71, 1, 99, 1, 93
71, 1, 99, 1, 93
71, 1, 99, 1, 93
71, 1, 99, 1, 93
71, 1, 99, 1, 93
71, 1, 99, 1, 93
71, 2, 99, 1, 93
71, 1, 99, 1, 93
71, 1, 99, 1, 93
71, 1, 99, 1, 93
71, 1, 99, 1, 93
71, 2, 99, 1, 93
71, 2, 99, 1, 93
71, 2, 99, 1, 93
71, 1, 99, 1, 93
71, 2, 99, 1, 93
71, 1, 99, 1, 93
71, 2, 99, 1, 93
71, 1, 99, 1, 93
71, 1, 99, 1, 93
71, 1, 99, 1, 93
71, 1, 99, 1, 93
71, 2, 99, 1, 93
71, 2, 99, 1, 93
71, 2, 99, 1, 93
71, 1, 99, 1, 93
71, 1, 99, 1, 93
71, 1, 99, 1, 93
71, 1, 99, 1, 93
71, 1, 99, 1, 93
71, 2, 99, 1, 93
71, 2, 99, 1, 93
71, 1, 99, 1, 93
71, 2, 99, 1, 93
71, 2, 99, 1, 93
71, 1, 99, 1, 93
71, 1, 99, 1, 93
71, 1, 99, 1, 93
71, 1, 99, 1, 93
71, 1, 99, 1, 93
71, 1, 99, 1, 93
71, 1, 99, 1, 93
71, 1, 99, 1, 93
71, 1, 99, 1, 93
71, 1, 99, 1, 93
71, 2, 99, 1, 93
72, 2, 99, 1, 93
72, 1, 99, 1, 93
72, 1, 99, 1, 93
72, 2, 99, 1, 93
72, 2, 99, 1, 93
72, 2, 99, 1, 93
72, 2, 99, 1, 93
72, 2, 99, 1, 93
72, 2, 99, 1, 93
72, 2, 99, 1, 93
72, 2, 99, 1, 93
72, 2, 99, 1, 93
72, 2, 99, 1, 93
72, 1, 99, 1, 93
72, 2, 99, 1, 93
72, 2, 99, 1, 93
72, 2, 99, 1, 93
72, 2, 99, 1, 93
72, 1, 99, 1, 93
72, 1, 99, 1, 93
72, 2, 99, 1, 93
72, 1, 99, 1, 93
72, 2, 99, 1, 93
72, 2, 99, 1, 93
72, 2, 99, 1, 93
72, 2, 99, 1, 93
72, 2, 99, 1, 93
72, 2, 99, 1, 93
72, 2, 99, 1, 93
72, 2, 99, 1, 93
72, 2, 99, 1, 93
72, 2, 99, 1, 93
77, 2, 99, 1, 93
78, 2, 99, 1, 93
78, 2, 99, 1, 93
79, 2, 99, 1, 93
79, 2, 99, 1, 93
79, 2, 99, 1, 93
79, 2, 99, 1, 93
80, 2, 99, 1, 93
80, 2, 99, 1, 93
80, 2, 99, 1, 93
80, 2, 99, 1, 93
80, 2, 99, 1, 93
80, 2, 99, 1, 93
80, 2, 99, 1, 93
81, 2, 99, 1, 93
81, 2, 99, 1, 93
82, 2, 99, 1, 93
82, 2, 99, 1, 93
82, 2, 99, 1, 93
82, 2, 99, 1, 93
82, 2, 99, 1, 93
82, 2, 99, 1, 93
82, 2, 99, 1, 93
82, 2, 99, 1, 93
82, 2, 99, 1, 93
82, 2, 99, 1, 93
82, 2, 99, 1, 93
83, 2, 99, 1, 93
83, 2, 99, 1, 93
83, 2, 99, 1, 93
83, 2, 99, 1, 93
83, 2, 99, 1, 93
83, 2, 99, 1, 93
83, 2, 99, 1, 93
83, 2, 99, 1, 93
83, 2, 99, 1, 93
83, 2, 99, 1, 93
83, 2, 99, 1, 93
83, 2, 99, 1, 93
83, 2, 99, 1, 93
83, 2, 99, 1, 93
83, 2, 99, 1, 93
83, 2, 99, 1, 93
83, 2, 99, 1, 93
83, 2, 99, 1, 93
83, 2, 99, 1, 93
83, 2, 99, 1, 93
83, 2, 99, 1, 93
83, 2, 99, 1, 93
83, 2, 99, 1, 93
83, 2, 99, 1, 93
83, 2, 99, 1, 93
83, 2, 99, 1, 93
83, 2, 99, 1, 93
83, 2, 99, 1, 93
83, 2, 99, 1, 93
83, 2, 99, 1, 93
83, 2, 99, 1, 93
83, 2, 99, 1, 93
83, 2, 99, 1, 93
83, 2, 99, 1, 93
83, 2, 99, 1, 93
83, 2, 99, 1, 93
83, 2, 99, 1, 93
83, 2, 99, 1, 93
83, 2, 99, 1, 93
83, 2, 99, 1, 93
83, 2, 99, 1, 93
83, 2, 99, 1, 93
83, 2, 99, 1, 93
83, 2, 99, 1, 93
83, 2, 99, 1, 93
83, 2, 99, 1, 93
83, 2, 99, 1, 93
83, 2, 99, 1, 93
83, 2, 99, 1, 93
83, 2, 99, 1, 93
83, 2, 99, 1, 93
83, 2, 99, 1, 93
83, 2, 99, 1, 93
83, 2, 99, 1, 93
83, 2, 99, 1, 93
83, 2, 99, 1, 93
83, 2, 99, 1, 93
83, 2, 99, 1, 93
83, 2, 99, 1, 93
83, 2, 99, 1, 93
83, 2, 99, 1, 93
83, 2, 99, 1, 93
83, 2, 99, 1, 93
83, 2, 99, 1, 93
83, 2, 99, 1, 93
83, 2, 99, 1, 93
83, 2, 99, 1, 93
83, 2, 99, 1, 93
83, 2, 99, 1, 93
83, 2, 99, 1, 93
83, 2, 99, 1, 93
83, 2, 99, 1, 93
83, 2, 99, 1, 93
83, 2, 99, 1, 93
83, 2, 99, 1, 93
83, 2, 99, 1, 93
83, 2, 99, 1, 93
83, 2, 99, 1, 93
83, 2, 99, 1, 93
83, 2, 99, 1, 93
83, 2, 99, 1, 93
83, 2, 99, 1, 93
83, 2, 99, 1, 93
83, 2, 99, 1, 93
83, 2, 99, 1, 93
83, 2, 99, 1, 93
83, 2, 99, 1, 93
83, 2, 99, 1, 93
83, 2, 99, 1, 93
83, 2, 99, 1, 93
83, 2, 99, 1, 93
83, 2, 99, 1, 93
83, 2, 99, 1, 93
83, 2, 99, 1, 93
83, 2, 99, 1, 93
83, 2, 99, 1, 93
83, 2, 99, 1, 93
84, 2, 99, 1, 93
84, 2, 99, 1, 93
84, 2, 99, 1, 93
84, 2, 99, 1, 93
84, 2, 99, 1, 93
84, 2, 99, 1, 93
84, 2, 99, 1, 93
84, 2, 99, 1, 93
84, 2, 99, 1, 93
84, 2, 99, 1, 93
84, 2, 99, 1, 93
84, 2, 99, 1, 93
84, 2, 99, 1, 93
84, 2, 99, 1, 93
84, 2, 99, 1, 93
84, 2, 99, 2, 93
84, 2, 99, 1, 93
84, 2, 99, 1, 93
84, 2, 99, 1, 93
84, 2, 99, 1, 93
84, 2, 99, 1, 93
84, 2, 99, 1, 93
84, 2, 99, 1, 93
84, 2, 99, 1, 93
84, 2, 99, 1, 93
84, 2, 99, 1, 93
84, 2, 99, 1, 93
84, 2, 99, 1, 93
84, 2, 99, 1, 93
84, 2, 99, 1, 93
84, 2, 99, 1, 93
84, 2, 99, 1, 93
84, 2, 99, 1, 93
84, 2, 99, 1, 93
84, 2, 99, 1, 93
84, 2, 99, 1, 93
84, 2, 99, 1, 93
84, 2, 99, 1, 93
84, 2, 99, 1, 93
84, 2, 99, 1, 93
84, 2, 99, 1, 93
84, 2, 99, 1, 93
84, 2, 99, 1, 93
84, 2, 99, 1, 93
84, 2, 99, 1, 93
84, 2, 99, 1, 93
84, 2, 99, 1, 93
84, 3, 99, 1, 93
84, 2, 99, 1, 93
84, 2, 99, 1, 93
84, 2, 99, 1, 93
84, 2, 99, 1, 93
84, 2, 99, 1, 93
85, 2, 99, 1, 93
85, 2, 99, 1, 93
85, 2, 99, 1, 93
85, 2, 99, 1, 93
85, 2, 99, 1, 93
85, 2, 99, 1, 93
85, 2, 99, 1, 93
85, 2, 99, 1, 93
85, 2, 99, 1, 93
85, 2, 99, 1, 93
85, 2, 99, 1, 93
85, 2, 99, 1, 93
85, 2, 99, 1, 93
85, 2, 99, 1, 93
85, 2, 99, 1, 93
85, 2, 99, 1, 93
85, 2, 99, 1, 93
85, 2, 99, 1, 93
85, 2, 99, 1, 93
85, 2, 99, 1, 93
85, 2, 99, 1, 93
85, 2, 99, 1, 93
85, 2, 99, 1, 93
85, 2, 99, 1, 93
85, 2, 99, 1, 93
85, 2, 99, 1, 93
85, 2, 99, 1, 93
85, 2, 99, 1, 93
85, 2, 99, 1, 93
85, 2, 99, 1, 93
85, 2, 99, 1, 93
85, 2, 99, 1, 93
85, 2, 99, 1, 93
85, 2, 99, 1, 93
85, 2, 99, 1, 93
85, 2, 99, 1, 93
85, 2, 99, 1, 93
85, 2, 99, 1, 93
85, 2, 99, 1, 93
85, 2, 99, 1, 93
85, 2, 99, 1, 93
85, 2, 99, 1, 93
85, 2, 99, 1, 93
85, 2, 99, 1, 93
85, 2, 99, 1, 93
85, 2, 99, 1, 93
85, 2, 99, 1, 93
85, 2, 99, 1, 93
85, 2, 99, 1, 93
85, 2, 99, 1, 93
85, 2, 99, 1, 93
85, 2, 99, 1, 93
85, 2, 99, 1, 93
85, 2, 99, 1, 93
85, 2, 99, 1, 93
85, 2, 99, 1, 93
85, 2, 99, 1, 93
85, 2, 99, 1, 93
85, 2, 99, 1, 93
85, 2, 99, 1, 93
85, 2, 99, 1, 93
85, 2, 99, 1, 93
85, 2, 99, 1, 93
85, 2, 99, 1, 93
85, 2, 99, 1, 93
85, 2, 99, 1, 93
85, 2, 99, 1, 93
85, 2, 99, 1, 93
85, 2, 99, 1, 93
85, 2, 99, 1, 93
85, 2, 99, 1, 93
85, 2, 99, 1, 93
85, 2, 99, 1, 93
85, 2, 99, 1, 93
85, 2, 99, 1, 93
85, 2, 99, 1, 93
85, 2, 99, 1, 93
85, 2, 99, 1, 93
85, 2, 99, 1, 93
85, 2, 99, 1, 93
85, 2, 99, 1, 93
85, 2, 99, 1, 93
85, 2, 99, 1, 93
85, 2, 99, 1, 93
85, 2, 99, 1, 93
85, 2, 99, 1, 93
85, 2, 99, 1, 93
85, 2, 99, 1, 93
85, 2, 99, 1, 93
85, 2, 99, 1, 93
85, 2, 99, 1, 93
85, 2, 99, 1, 93
85, 2, 99, 1, 93
85, 2, 99, 1, 93
85, 2, 99, 1, 93
85, 2, 99, 1, 93
85, 2, 99, 1, 93
85, 2, 99, 1, 93
85, 2, 99, 1, 93
85, 2, 99, 1, 93
85, 2, 99, 1, 93
85, 2, 99, 1, 93
85, 2, 99, 1, 93
85, 2, 99, 1, 93
85, 2, 99, 1, 93
85, 2, 99, 1, 93
85, 2, 99, 1, 93
85, 2, 99, 1, 93
85, 2, 99, 1, 93
85, 2, 99, 1, 93
85, 2, 99, 1, 93
85, 2, 99, 1, 93
85, 2, 99, 1, 93
85, 2, 99, 1, 93
85, 2, 99, 1, 93
85, 2, 99, 1, 93
85, 2, 99, 1, 93
85, 2, 99, 1, 93
85, 2, 99, 1, 93
86, 2, 99, 1, 93
86, 2, 99, 1, 93
86, 2, 99, 1, 93
86, 2, 99, 1, 93
86, 2, 99, 1, 93
86, 2, 99, 1, 93
86, 2, 99, 1, 93
86, 2, 99, 1, 93
86, 2, 99, 1, 93
87, 2, 99, 1, 93
87, 2, 99, 1, 93
87, 2, 99, 1, 93
87, 2, 99, 1, 93
87, 2, 99, 1, 93
87, 2, 99, 1, 93
87, 2, 99, 1, 93
88, 2, 99, 1, 93
88, 2, 99, 1, 93
88, 2, 99, 1, 93
88, 2, 99, 1, 93
88, 2, 99, 1, 93
88, 2, 99, 1, 93
88, 2, 99, 1, 93
88, 2, 99, 1, 93
88, 2, 99, 1, 93
88, 2, 99, 1, 93
88, 2, 99, 1, 93
88, 2, 99, 1, 93
88, 2, 99, 1, 93
88, 2, 99, 1, 93
88, 2, 99, 1, 93
88, 2, 99, 1, 93
88, 2, 99, 1, 93
88, 2, 99, 1, 93
88, 2, 99, 1, 93
88, 2, 99, 1, 93
88, 2, 99, 1, 93
88, 2, 99, 1, 93
88, 2, 99, 1, 93
88, 2, 99, 1, 93
88, 2, 99, 1, 93
88, 2, 99, 1, 93
88, 2, 99, 1, 93
87, 2, 99, 1, 93
87, 2, 99, 1, 93
87, 2, 99, 1, 93
87, 2, 99, 1, 93
87, 2, 99, 1, 93
87, 2, 99, 1, 93
87, 2, 99, 1, 93
87, 2, 99, 1, 93
87, 2, 99, 1, 93
86, 2, 99, 1, 93
86, 2, 99, 1, 93
86, 2, 99, 1, 93
86, 2, 99, 1, 93
86, 2, 99, 1, 93
86, 2, 99, 1, 93
86, 2, 99, 1, 93
86, 2, 99, 1, 93
86, 2, 99, 1, 93
86, 2, 99, 1, 93
86, 2, 99, 1, 93
86, 2, 99, 1, 93
86, 2, 99, 1, 93
86, 2, 99, 1, 93
86, 2, 99, 1, 93
86, 2, 99, 1, 93
86, 2, 99, 1, 93
86, 2, 99, 1, 93
86, 2, 99, 1, 93
86, 2, 99, 1, 93
86, 2, 99, 1, 93
86, 2, 99, 1, 93
86, 2, 99, 1, 93
86, 2, 99, 1, 93
86, 2, 99, 1, 93
86, 2, 99, 1, 93
86, 2, 99, 1, 93
86, 2, 99, 1, 93
86, 2, 99, 1, 93
86, 2, 99, 1, 93
86, 2, 99, 1, 93
86, 2, 99, 1, 93
86, 2, 99, 1, 93
86, 2, 99, 1, 93
86, 2, 99, 1, 93
86, 2, 99, 1, 93
86, 2, 99, 1, 93
86, 2, 99, 1, 93
86, 2, 99, 1, 93
86, 2, 99, 1, 93
86, 2, 99, 1, 93
85, 2, 99, 1, 93
85, 2, 99, 1, 93
85, 2, 99, 1, 93
85, 2, 99, 1, 93
85, 2, 99, 1, 93
85, 2, 99, 1, 93
85, 2, 99, 1, 93
85, 2, 99, 1, 93
85, 2, 99, 1, 93
85, 2, 99, 1, 93
85, 2, 99, 1, 93
85, 2, 99, 1, 93
85, 2, 99, 1, 93
85, 2, 99, 1, 93
85, 2, 99, 1, 93
85, 2, 99, 1, 93
85, 2, 99, 1, 93
85, 2, 99, 1, 93
85, 2, 99, 1, 93
85, 2, 99, 1, 93
85, 2, 99, 1, 93
85, 2, 99, 1, 93
85, 2, 99, 1, 93
85, 2, 99, 1, 93
85, 2, 99, 1, 93
85, 2, 99, 1, 93
85, 2, 99, 1, 93
85, 2, 99, 1, 93
85, 2, 99, 1, 93
85, 2, 99, 1, 93
85, 2, 99, 1, 93
85, 2, 99, 1, 93
85, 2, 99, 1, 93
85, 2, 99, 1, 93
85, 2, 99, 1, 93
85, 2, 99, 1, 93
85, 2, 99, 1, 93
85, 2, 99, 1, 93
85, 2, 99, 1, 93
85, 2, 99, 1, 93
85, 2, 99, 1, 93
85, 2, 99, 1, 93
85, 2, 99, 1, 93
85, 2, 99, 1, 93
85, 2, 99, 1, 93
85, 2, 99, 1, 93
85, 2, 99, 1, 93
85, 2, 99, 1, 93
85, 2, 99, 1, 93
85, 2, 99, 1, 93
85, 2, 99, 1, 93
85, 2, 99, 1, 93
85, 2, 99, 1, 93
85, 2, 99, 1, 93
85, 2, 99, 1, 93
85, 2, 99, 1, 93
85, 2, 99, 1, 93
85, 2, 99, 1, 93
85, 2, 99, 1, 93
85, 2, 99, 2, 93
85, 2, 99, 1, 93
85, 2, 99, 1, 93
85, 2, 99, 1, 93
85, 2, 99, 1, 93
85, 2, 99, 1, 93
85, 2, 99, 1, 93
86, 2, 99, 1, 93
86, 2, 99, 1, 93
86, 2, 99, 1, 93
86, 2, 99, 1, 93
86, 2, 99, 1, 93
86, 2, 99, 1, 93
86, 2, 99, 1, 93
86, 2, 99, 1, 93
86, 2, 99, 1, 93
86, 2, 99, 1, 93
86, 2, 99, 1, 93
86, 2, 99, 1, 93
86, 2, 99, 1, 93
86, 2, 99, 1, 93
86, 2, 99, 1, 93
87, 2, 99, 1, 93
87, 2, 99, 1, 93
87, 2, 99, 1, 93
87, 2, 99, 1, 93
87, 2, 99, 1, 93
88, 2, 99, 1, 93
88, 2, 99, 1, 93
88, 2, 99, 1, 93
88, 2, 99, 1, 93
88, 2, 99, 1, 93
88, 2, 99, 1, 93
88, 2, 99, 1, 93
88, 2, 99, 1, 93
88, 2, 99, 1, 93
88, 2, 99, 1, 93
88, 2, 99, 1, 93
88, 2, 99, 1, 93
88, 2, 99, 1, 93
88, 2, 99, 2, 93
88, 2, 99, 1, 93
88, 2, 99, 1, 93
88, 2, 99, 1, 93
88, 2, 99, 1, 93
88, 2, 99, 1, 93
88, 2, 99, 1, 93
88, 2, 99, 1, 93
88, 2, 99, 1, 93
88, 2, 99, 1, 93
88, 2, 99, 1, 93
88, 2, 99, 1, 93
88, 2, 99, 1, 93
88, 2, 99, 1, 93
88, 2, 99, 1, 93
88, 2, 99, 1, 93
88, 2, 99, 1, 93
88, 2, 99, 1, 93
88, 2, 99, 1, 93
88, 2, 99, 1, 93
88, 2, 99, 1, 93
88, 2, 99, 1, 93
88, 2, 99, 1, 93
88, 2, 99, 1, 93
87, 2, 99, 1, 93
87, 2, 99, 1, 93
87, 2, 99, 1, 93
87, 2, 99, 1, 93
87, 2, 99, 1, 93
86, 2, 99, 1, 93
86, 2, 99, 1, 93
86, 2, 99, 1, 93
86, 2, 99, 1, 93
86, 2, 99, 1, 93
86, 2, 99, 1, 93
85, 2, 99, 1, 93
85, 2, 99, 1, 93
85, 2, 99, 1, 93
85, 2, 99, 1, 93
85, 2, 99, 1, 93
85, 2, 99, 1, 93
85, 2, 99, 1, 93
85, 2, 99, 1, 93
85, 2, 99, 1, 93
85, 2, 99, 1, 93
85, 2, 99, 1, 93
85, 2, 99, 1, 93
85, 2, 99, 1, 93
85, 2, 99, 1, 93
85, 2, 99, 1, 93
85, 2, 99, 1, 93
85, 2, 99, 1, 93
85, 2, 99, 1, 93
85, 2, 99, 1, 93
85, 2, 99, 1, 93
85, 2, 99, 1, 93
85, 2, 99, 1, 93
85, 2, 99, 1, 93
85, 2, 99, 1, 93
84, 2, 99, 1, 93
84, 2, 99, 1, 93
84, 2, 99, 1, 93
84, 2, 99, 1, 93
84, 2, 99, 1, 93
84, 2, 99, 1, 93
84, 2, 99, 1, 93
84, 2, 99, 1, 93
84, 2, 99, 1, 93
84, 2, 99, 1, 93
84, 2, 99, 1, 93
72, 2, 99, 1, 93
72, 2, 99, 1, 93
72, 2, 99, 1, 93
72, 2, 99, 1, 93
72, 2, 99, 1, 93
72, 2, 99, 1, 93
72, 2, 99, 1, 93
73, 2, 99, 1, 93
73, 2, 99, 1, 93
73, 2, 99, 1, 93
73, 1, 99, 1, 93
73, 1, 99, 1, 93
73, 1, 99, 1, 93
73, 1, 99, 1, 93
73, 2, 99, 1, 93
73, 2, 99, 1, 93
73, 2, 99, 1, 93
73, 2, 99, 1, 93
73, 2, 99, 1, 93
73, 2, 99, 1, 93
73, 2, 99, 1, 93
73, 2, 99, 1, 93
73, 2, 99, 1, 93
73, 2, 99, 1, 93
73, 2, 99, 1, 93
73, 2, 99, 1, 93
73, 2, 99, 1, 93
73, 2, 99, 1, 93
73, 2, 99, 1, 93
73, 2, 99, 1, 93
73, 2, 99, 1, 93
73, 2, 99, 1, 93
73, 2, 99, 1, 93
73, 2, 99, 1, 93
73, 2, 99, 1, 93
73, 2, 99, 1, 93
73, 2, 99, 1, 93
73, 2, 99, 1, 93
73, 2, 99, 1, 93
73, 2, 99, 1, 93
73, 2, 99, 1, 93
73, 2, 99, 1, 93
73, 2, 99, 1, 93
73, 2, 99, 1, 93
72, 2, 99, 1, 93
72, 2, 99, 1, 93
72, 2, 99, 1, 93
71, 1, 99, 1, 93
71, 2, 99, 1, 93
71, 2, 99, 1, 93
71, 1, 99, 1, 93
71, 1, 99, 1, 93
71, 1, 99, 1, 93
71, 1, 99, 1, 93
71, 1, 99, 1, 93
71, 1, 99, 1, 93
71, 1, 99, 1, 93
71, 1, 99, 1, 93
71, 2, 99, 1, 93
71, 1, 99, 1, 93
71, 1, 99, 1, 93
71, 2, 99, 1, 93
71, 2, 99, 1, 93
71, 1, 99, 1, 93
71, 1, 99, 1, 93
72, 1, 99, 1, 93
73, 2, 99, 1, 93
72, 2, 99, 1, 93
72, 2, 99, 1, 93
72, 2, 99, 1, 93
72, 2, 99, 1, 93
72, 2, 99, 1, 93
72, 2, 99, 1, 93
73, 2, 99, 1, 93
73, 2, 99, 1, 93
73, 2, 99, 1, 93
72, 2, 99, 1, 93
72, 2, 99, 1, 93
72, 2, 99, 1, 93
72, 2, 99, 1, 93
72, 2, 99, 1, 93
72, 1, 99, 1, 93
72, 1, 99, 1, 93
72, 2, 99, 1, 93
72, 2, 99, 1, 93
72, 2, 99, 1, 93
72, 2, 99, 1, 93
72, 2, 99, 1, 93
72, 2, 99, 1, 93
72, 2, 99, 1, 93
72, 2, 99, 1, 93
72, 2, 99, 1, 93
73, 2, 99, 1, 93
73, 2, 99, 1, 93
73, 2, 99, 1, 93
73, 2, 99, 1, 93
73, 2, 99, 1, 93
73, 2, 99, 1, 93
73, 2, 99, 1, 93
73, 1, 99, 1, 93
72, 2, 99, 1, 93
72, 2, 99, 1, 93
72, 2, 99, 1, 93
72, 2, 99, 1, 93
72, 2, 99, 1, 93
72, 2, 99, 1, 93
72, 1, 99, 1, 93
71, 2, 99, 1, 93
71, 2, 99, 1, 93
71, 1, 99, 1, 93
71, 1, 99, 1, 93
71, 1, 99, 1, 93
71, 1, 99, 1, 93
71, 2, 99, 1, 93
71, 2, 99, 1, 93
71, 2, 99, 1, 93
71, 2, 99, 1, 93
71, 2, 99, 1, 93
71, 2, 99, 1, 93
71, 2, 99, 1, 93
71, 2, 99, 1, 93
71, 1, 99, 1, 93
71, 1, 99, 1, 93
71, 2, 99, 1, 93
71, 1, 99, 1, 93
71, 1, 99, 1, 93
71, 1, 99, 1, 93
71, 2, 99, 1, 93
71, 2, 99, 1, 93
71, 1, 99, 1, 93
71, 2, 99, 1, 93
71, 2, 99, 1, 93
71, 2, 99, 1, 93
71, 2, 99, 1, 93
71, 2, 99, 1, 93
71, 2, 99, 1, 93
71, 2, 99, 1, 93
71, 1, 99, 1, 93
71, 1, 99, 1, 93
71, 1, 99, 1, 93
71, 2, 99, 1, 93
71, 2, 99, 1, 93
71, 2, 99, 1, 93
71, 2, 99, 1, 93
71, 2, 99, 1, 93
71, 2, 99, 1, 93
72, 2, 99, 1, 93
73, 2, 99, 1, 93
73, 2, 99, 1, 93
73, 2, 99, 1, 93
73, 2, 99, 1, 93
73, 2, 99, 1, 93
73, 2, 99, 1, 93
73, 2, 99, 1, 93
73, 2, 99, 1, 93
73, 2, 99, 1, 93
73, 2, 99, 1, 93
73, 2, 99, 1, 93
73, 2, 99, 1, 93
73, 2, 99, 1, 93
73, 2, 99, 1, 93
73, 2, 99, 1, 93
73, 2, 99, 1, 93
73, 2, 99, 1, 93
73, 2, 99, 1, 93
73, 2, 99, 1, 93
73, 2, 99, 1, 93
73, 2, 99, 1, 93
73, 2, 99, 1, 93
73, 2, 99, 1, 93
73, 2, 99, 1, 93
73, 2, 99, 1, 93
73, 2, 99, 1, 93
73, 2, 99, 1, 93
73, 2, 99, 1, 93
73, 2, 99, 1, 93
73, 2, 99, 1, 93
73, 1, 99, 1, 93
73, 2, 99, 1, 93
73, 2, 99, 1, 93
73, 2, 99, 1, 93
73, 2, 99, 1, 93
73, 2, 99, 1, 93
73, 2, 99, 1, 93
73, 2, 99, 1, 93
73, 2, 99, 1, 93
73, 2, 99, 1, 93
73, 2, 99, 1, 93
73, 2, 99, 1, 93
73, 1, 99, 1, 93
73, 2, 99, 1, 93
73, 2, 99, 1, 93
73, 2, 99, 1, 93
73, 2, 99, 1, 93
73, 2, 99, 1, 93
73, 2, 99, 1, 93
73, 2, 99, 1, 93
73, 2, 99, 1, 93
73, 2, 99, 1, 93
73, 2, 99, 1, 93
73, 2, 99, 1, 93
73, 2, 99, 1, 93
73, 2, 99, 1, 93
73, 2, 99, 1, 93
73, 2, 99, 1, 93
73, 2, 99, 1, 93
73, 2, 99, 1, 92
73, 2, 99, 1, 93
73, 2, 99, 1, 93
73, 2, 99, 1, 92
73, 2, 99, 1, 93
73, 2, 99, 1, 93
73, 2, 99, 1, 92
73, 2, 99, 1, 93
73, 2, 99, 1, 93
73, 2, 99, 1, 93
73, 2, 99, 1, 92
73, 2, 99, 1, 93
73, 2, 99, 1, 93
73, 1, 99, 1, 92
73, 2, 99, 1, 93
73, 2, 99, 1, 93
73, 2, 99, 1, 93
73, 2, 99, 1, 93
73, 2, 99, 1, 93
73, 2, 99, 1, 93
73, 2, 99, 1, 93
73, 2, 99, 1, 93
73, 2, 99, 1, 93
73, 2, 99, 1, 93
73, 2, 99, 1, 93
73, 2, 99, 1, 93
73, 2, 99, 1, 92
73, 2, 99, 1, 93
73, 2, 99, 1, 93
73, 2, 99, 1, 92
73, 2, 99, 1, 93
73, 2, 99, 1, 93
74, 2, 99, 1, 93
74, 2, 99, 1, 93
74, 2, 99, 1, 93
76, 2, 99, 1, 93
76, 2, 99, 1, 93
76, 2, 99, 1, 93
76, 2, 99, 1, 93
76, 2, 99, 1, 93
76, 2, 99, 1, 93
76, 2, 99, 1, 93
76, 2, 99, 1, 93
76, 2, 99, 1, 93
76, 2, 99, 1, 93
76, 2, 99, 1, 93
76, 2, 99, 1, 93
76, 2, 99, 1, 93
76, 2, 99, 1, 93
70, 1, 98, 1, 93
16, 0, 98, 0, 92
16, 0, 97, 0, 92
12, 0, 96, 0, 92
14, 0, 96, 0, 92
12, 0, 95, 0, 92
12, 0, 95, 0, 92
12, 0, 95, 0, 92
12, 0, 95, 0, 92
12, 0, 95, 0, 92
12, 0, 95, 0, 92
12, 0, 95, 0, 92
12, 0, 95, 0, 92
12, 0, 95, 0, 92
12, 0, 95, 0, 92
12, 0, 95, 0, 92
12, 0, 95, 0, 92
12, 0, 95, 0, 92
12, 0, 95, 0, 92
12, 0, 95, 0, 92
12, 0, 95, 0, 92
12, 0, 95, 0, 92
12, 0, 95, 0, 92
12, 0, 95, 0, 92
12, 0, 94, 0, 92
12, 0, 94, 0, 92
12, 0, 94, 0, 92
12, 0, 94, 0, 92
12, 0, 94, 0, 92
12, 0, 94, 0, 92
12, 0, 94, 0, 92
12, 0, 94, 0, 92
12, 0, 94, 0, 92
12, 0, 94, 0, 92
12, 0, 94, 0, 92
12, 0, 94, 0, 92
12, 0, 94, 0, 92
12, 0, 94, 0, 92
12, 0, 94, 0, 92
12, 0, 94, 0, 92
12, 0, 94, 0, 92
12, 0, 94, 0, 92
12, 0, 94, 0, 92
12, 0, 94, 0, 92
12, 0, 94, 0, 92
12, 0, 94, 0, 92
12, 0, 94, 0, 92
12, 0, 94, 0, 92
12, 0, 94, 0, 92
12, 0, 94, 0, 92
12, 0, 94, 0, 92
12, 0, 94, 0, 92
12, 0, 94, 0, 92
12, 0, 94, 0, 92
12, 0, 94, 0, 92
12, 0, 94, 0, 92
12, 0, 94, 0, 92
12, 0, 94, 0, 92
12, 0, 94, 0, 92
12, 0, 94, 0, 92
12, 0, 94, 0, 92
12, 0, 94, 0, 92
12, 0, 94, 0, 92
12, 0, 94, 0, 92
12, 0, 94, 0, 92
12, 0, 94, 0, 92
12, 0, 94, 0, 92
12, 0, 94, 0, 92
12, 0, 94, 0, 92
12, 0, 94, 0, 92
12, 0, 94, 0, 92
12, 0, 94, 0, 92
12, 0, 94, 0, 92
12, 0, 94, 0, 92
12, 0, 94, 0, 92
12, 0, 95, 0, 92
12, 0, 95, 0, 92
12, 0, 95, 0, 92
12, 0, 95, 0, 92
12, 0, 95, 0, 92
21, 0, 95, 0, 93
21, 0, 95, 0, 93
17, 0, 95, 0, 93
75, 2, 95, 1, 93
76, 2, 95, 1, 93
76, 2, 95, 1, 93
76, 2, 95, 1, 93
76, 2, 95, 1, 93
75, 2, 95, 1, 93
74, 2, 95, 1, 93
19, 0, 95, 0, 93
17, 0, 95, 0, 93
12, 0, 95, 0, 92
12, 0, 95, 0, 92
12, 0, 95, 0, 92
12, 0, 95, 0, 92
12, 0, 95, 0, 92
12, 0, 95, 0, 92
12, 0, 95, 0, 92
12, 0, 95, 0, 92
12, 0, 95, 0, 92
16, 0, 95, 0, 92
13, 0, 95, 0, 93
15, 0, 95, 0, 92
76, 2, 96, 1, 92
76, 2, 96, 1, 92
76, 2, 96, 1, 92
76, 2, 96, 1, 93
76, 2, 97, 1, 93
75, 2, 98, 1, 92
75, 2, 98, 1, 93
75, 2, 99, 1, 93
73, 2, 99, 1, 93
73, 2, 99, 1, 93
73, 2, 99, 1, 93
73, 2, 99, 1, 93
73, 2, 99, 1, 93
73, 2, 99, 1, 93
73, 2, 99, 1, 93
73, 2, 99, 1, 93
73, 2, 99, 1, 93
73, 2, 99, 1, 93
12, 0, 99, 0, 93
12, 0, 99, 0, 93
12, 0, 99, 0, 93
12, 0, 98, 0, 93
12, 0, 96, 0, 92
12, 0, 96, 0, 92
12, 0, 95, 0, 92
12, 0, 95, 0, 92
12, 0, 94, 0, 92
12, 0, 93, 0, 92
12, 0, 93, 0, 92
13, 0, 91, 0, 92
13, 0, 91, 0, 92
13, 0, 91, 0, 92
13, 0, 87, 0, 92
13, 0, 87, 0, 92
13, 0, 87, 0, 92
13, 0, 83, 0, 91
13, 0, 83, 0, 91
12, 0, 83, 0, 0
12, 0, 83, 0, 0
12, 0, 83, 0, 0
12, 0, 83, 0, 0
12, 0, 82, 0, 0
12, 0, 82, 0, 0
12, 0, 1, 0, 0
12, 0, 1, 0, 0
12, 0, 1, 0, 0
12, 0, 1, 0, 0
12, 0, 1, 0, 0
12, 0, 1, 0, 0
12, 0, 1, 0, 0
12, 0, 1, 0, 0
12, 0, 1, 0, 0
12, 0, 1, 2, 1
11, 0, 82, 0, 0
11, 0, 82, 0, 0
11, 0, 81, 0, 0
11, 0, 81, 0, 0
11, 0, 81, 0, 0
11, 0, 81, 0, 0
11, 0, 82, 0, 0
11, 0, 83, 0, 0
11, 0, 83, 0, 0
11, 0, 83, 0, 0
11, 0, 83, 0, 0
12, 0, 83, 0, 91
12, 0, 83, 0, 92
12, 0, 83, 0, 91
88, 2, 80, 1, 92
86, 2, 78, 1, 93
86, 2, 79, 1, 93
87, 2, 80, 1, 93
87, 2, 80, 1, 93
88, 2, 81, 1, 93
88, 2, 81, 1, 93
88, 2, 81, 1, 93
88, 2, 80, 1, 93
88, 2, 80, 1, 93
89, 2, 80, 1, 94
89, 2, 80, 1, 94
89, 2, 81, 1, 94
90, 2, 81, 1, 94
90, 2, 82, 1, 94
89, 2, 82, 1, 94
89, 2, 82, 1, 94
89, 2, 82, 1, 94
89, 2, 82, 1, 94
89, 2, 82, 1, 94
89, 2, 82, 1, 94
89, 98, 82, 1, 94
89, 98, 83, 1, 94
89, 98, 83, 1, 94
90, 98, 83, 1, 94
90, 98, 84, 1, 94
89, 98, 84, 1, 94
89, 98, 84, 1, 94
89, 98, 84, 1, 94
89, 98, 84, 1, 94
89, 98, 84, 1, 94
89, 98, 84, 1, 94
89, 98, 84, 1, 94
89, 98, 84, 1, 94
89, 98, 84, 1, 94
89, 98, 85, 1, 94
89, 98, 85, 1, 94
89, 98, 85, 1, 94
89, 98, 85, 1, 94
89, 98, 85, 1, 94
89, 98, 85, 1, 94
90, 98, 85, 1, 94
90, 98, 85, 1, 94
90, 98, 85, 1, 94
90, 98, 85, 1, 94
90, 98, 85, 1, 94
90, 98, 85, 1, 94
90, 98, 85, 1, 94
90, 98, 85, 1, 94
90, 98, 84, 1, 94
90, 98, 84, 1, 94
90, 98, 84, 1, 94
90, 98, 84, 1, 94
90, 98, 84, 1, 94
90, 98, 84, 1, 94
90, 98, 84, 1, 94
90, 98, 84, 1, 94
90, 98, 84, 1, 94
90, 98, 84, 1, 94
90, 98, 84, 1, 94
90, 98, 84, 1, 94
90, 98, 84, 1, 94
90, 98, 84, 1, 94
90, 98, 84, 1, 94
90, 98, 83, 1, 94
90, 98, 83, 1, 94
90, 98, 83, 1, 94
90, 98, 83, 1, 94
90, 98, 83, 1, 94
91, 98, 83, 1, 94
91, 98, 83, 1, 94
91, 98, 83, 1, 94
91, 98, 83, 1, 94
91, 98, 83, 1, 94
91, 98, 83, 1, 94
91, 98, 83, 1, 94
91, 98, 83, 1, 94
91, 98, 83, 1, 94
91, 98, 83, 1, 94
91, 98, 83, 1, 94
91, 98, 83, 1, 94
92, 98, 83, 1, 94
92, 98, 83, 1, 94
92, 98, 83, 1, 94
92, 98, 83, 1, 94
92, 98, 83, 1, 94
92, 98, 83, 1, 94
92, 98, 83, 1, 94
92, 98, 83, 1, 94
92, 98, 83, 1, 94
92, 98, 83, 1, 94
92, 98, 83, 1, 94
93, 98, 83, 1, 94
93, 98, 83, 1, 94
93, 98, 83, 1, 94
93, 98, 83, 2, 94
93, 98, 83, 1, 94
93, 98, 83, 1, 94
93, 98, 83, 1, 94
93, 98, 83, 2, 94
93, 98, 83, 1, 94
93, 98, 82, 1, 94
93, 98, 82, 1, 94
93, 98, 82, 2, 94
93, 98, 82, 2, 94
93, 98, 82, 2, 94
93, 98, 82, 1, 94
93, 98, 82, 1, 94
93, 17, 82, 1, 94
93, 17, 82, 1, 94
93, 17, 82, 1, 94
93, 17, 82, 1, 94
93, 2, 82, 2, 94
93, 2, 82, 2, 94
94, 2, 82, 1, 94
94, 2, 82, 1, 94
94, 2, 82, 1, 94
94, 2, 82, 1, 99
94, 2, 82, 1, 99
94, 2, 82, 1, 99
94, 2, 82, 1, 99
94, 2, 82, 1, 99
94, 2, 82, 1, 99
95, 2, 82, 1, 99
95, 2, 82, 2, 99
95, 2, 82, 2, 99
95, 2, 82, 2, 99
95, 2, 82, 1, 99
95, 2, 82, 1, 99
95, 2, 82, 1, 99
95, 2, 82, 2, 99
95, 2, 81, 2, 99
95, 2, 81, 2, 99
95, 2, 81, 2, 99
95, 2, 80, 1, 99
95, 2, 80, 2, 99
95, 2, 80, 2, 99
95, 2, 79, 2, 99
95, 2, 79, 2, 99
95, 2, 79, 1, 99
95, 2, 79, 1, 99
96, 2, 79, 1, 99
96, 2, 79, 1, 99
96, 2, 79, 1, 99
96, 2, 79, 1, 99
96, 2, 79, 1, 99
96, 2, 79, 1, 99
96, 2, 79, 1, 99
96, 2, 79, 1, 99
96, 2, 79, 1, 99
96, 2, 79, 1, 99
96, 2, 79, 1, 99
96, 2, 79, 1, 99
96, 2, 79, 1, 99
96, 2, 78, 1, 99
96, 2, 78, 2, 99
96, 2, 78, 1, 99
96, 2, 78, 1, 99
96, 2, 78, 2, 99
96, 2, 78, 1, 99
97, 2, 78, 1, 99
98, 2, 78, 1, 99
98, 2, 78, 2, 99
98, 2, 78, 2, 99
98, 2, 78, 2, 99
98, 2, 78, 1, 99
98, 2, 78, 1, 99
98, 2, 78, 2, 99
99, 2, 78, 2, 99
99, 2, 78, 2, 99
99, 2, 79, 2, 99
99, 2, 79, 2, 99
99, 2, 79, 2, 99
99, 2, 79, 2, 99
99, 2, 79, 2, 99
99, 2, 79, 2, 99
99, 2, 80, 2, 99
99, 2, 80, 2, 99
99, 2, 81, 2, 99
99, 97, 81, 2, 99
99, 98, 81, 2, 99
99, 98, 82, 2, 99
99, 98, 82, 2, 99
99, 98, 82, 2, 99
99, 98, 82, 1, 99
99, 98, 82, 1, 99
99, 98, 83, 1, 99
99, 98, 83, 1, 99
99, 98, 83, 1, 99
99, 98, 83, 1, 99
99, 98, 83, 1, 99
99, 98, 83, 1, 99
99, 98, 83, 1, 99
99, 98, 83, 1, 99
99, 98, 83, 1, 99
99, 98, 83, 1, 99
99, 98, 83, 1, 99
99, 98, 83, 1, 99
99, 98, 83, 1, 99
99, 98, 84, 1, 99
99, 98, 83, 1, 99
99, 98, 84, 1, 99
99, 98, 84, 1, 99
99, 98, 84, 1, 99
99, 98, 84, 1, 99
99, 98, 84, 1, 99
99, 98, 84, 1, 99
99, 98, 84, 1, 99
99, 98, 84, 1, 99
99, 98, 84, 1, 99
99, 98, 84, 1, 99
99, 98, 84, 1, 99
99, 98, 84, 1, 99
99, 98, 84, 1, 99
99, 98, 84, 1, 99
99, 98, 84, 1, 99
99, 98, 84, 1, 99
99, 98, 84, 1, 94
99, 98, 84, 1, 94
99, 98, 84, 1, 94
99, 98, 84, 1, 94
99, 98, 84, 1, 94
99, 98, 84, 1, 94
99, 98, 84, 1, 94
99, 98, 84, 1, 94
99, 98, 84, 1, 94
99, 98, 84, 1, 94
99, 98, 84, 1, 94
99, 98, 84, 1, 94
99, 98, 84, 1, 94
99, 98, 84, 1, 94
99, 98, 84, 1, 94
99, 98, 84, 1, 94
99, 98, 84, 1, 94
99, 98, 84, 1, 94
99, 98, 84, 1, 94
100, 98, 84, 1, 95
99, 98, 84, 1, 99
99, 98, 84, 1, 99
99, 98, 84, 1, 99
99, 98, 84, 1, 99
99, 98, 84, 1, 99
99, 98, 84, 1, 99
99, 98, 84, 1, 99
99, 98, 84, 1, 99
99, 98, 84, 1, 99
99, 98, 84, 1, 99
99, 98, 84, 1, 99
99, 98, 84, 1, 99
99, 98, 84, 1, 99
99, 98, 84, 1, 99
99, 98, 84, 1, 99
99, 98, 84, 1, 99
99, 98, 84, 1, 99
99, 98, 84, 1, 99
99, 98, 84, 1, 99
99, 98, 84, 1, 99
99, 98, 84, 1, 99
99, 98, 83, 1, 99
99, 98, 83, 1, 99
99, 98, 83, 1, 99
99, 98, 83, 1, 99
98, 98, 83, 1, 99
97, 98, 83, 1, 99
97, 98, 83, 1, 99
97, 98, 83, 1, 99
96, 98, 83, 1, 99
96, 98, 83, 1, 99
95, 98, 83, 1, 99
95, 98, 83, 1, 99
95, 98, 83, 1, 99
95, 98, 83, 1, 99
95, 98, 83, 1, 99
95, 98, 83, 1, 99
95, 98, 83, 1, 99
95, 98, 83, 1, 99
95, 98, 83, 1, 99
94, 98, 84, 1, 99
94, 99, 84, 1, 99
94, 99, 84, 1, 99
94, 99, 84, 1, 99
94, 99, 84, 1, 99
99, 99, 83, 1, 99
99, 99, 83, 1, 99
99, 99, 83, 1, 99
99, 99, 83, 1, 99
99, 99, 83, 1, 99
99, 99, 83, 1, 99
99, 99, 83, 1, 99
99, 99, 82, 1, 99
99, 99, 82, 1, 99
99, 99, 81, 1, 99
90, 99, 81, 1, 99
90, 99, 81, 1, 99
89, 99, 80, 1, 99
89, 99, 80, 1, 99
88, 99, 80, 1, 99
88, 99, 80, 1, 99
89, 99, 80, 1, 99
89, 99, 80, 1, 99
89, 99, 81, 1, 99
89, 99, 81, 1, 99
89, 99, 81, 1, 99
89, 99, 81, 1, 99
89, 99, 82, 1, 99
89, 99, 82, 1, 99
89, 99, 82, 1, 99
89, 99, 82, 1, 99
89, 99, 82, 1, 99
89, 99, 82, 1, 99
89, 99, 82, 1, 99
90, 99, 83, 1, 99
90, 99, 83, 1, 99
90, 99, 83, 1, 99
90, 99, 83, 1, 99
90, 99, 83, 1, 99
90, 99, 83, 1, 99
90, 99, 83, 1, 99
90, 99, 83, 1, 99
90, 99, 83, 1, 99
90, 99, 83, 1, 99
90, 99, 83, 1, 99
90, 99, 83, 1, 99
90, 99, 83, 1, 99
90, 99, 83, 1, 99
91, 99, 84, 1, 99
91, 99, 84, 1, 99
91, 99, 84, 1, 99
91, 99, 84, 1, 99
91, 99, 84, 1, 99
91, 99, 84, 1, 99
91, 99, 84, 1, 99
92, 99, 84, 1, 99
92, 99, 84, 1, 99
92, 99, 84, 1, 99
92, 99, 85, 1, 99
92, 99, 85, 1, 99
92, 99, 85, 1, 99
92, 99, 85, 1, 99
92, 99, 85, 1, 99
92, 99, 85, 1, 99
92, 99, 85, 1, 99
92, 99, 85, 1, 99
92, 99, 85, 1, 99
92, 99, 85, 1, 99
92, 99, 85, 1, 99
92, 99, 85, 1, 99
92, 99, 85, 1, 99
93, 99, 86, 1, 99
93, 99, 86, 1, 99
93, 99, 86, 1, 99
93, 99, 86, 1, 99
93, 99, 86, 1, 99
93, 99, 86, 1, 99
93, 99, 86, 1, 99
93, 99, 86, 1, 99
93, 99, 86, 1, 99
93, 99, 86, 0, 99
93, 99, 86, 0, 99
93, 99, 86, 0, 99
93, 99, 86, 0, 99
93, 99, 86, 0, 99
93, 99, 87, 0, 99
93, 99, 87, 0, 99
93, 99, 87, 0, 99
93, 99, 87, 0, 99
93, 99, 87, 0, 99
93, 99, 87, 0, 99
93, 99, 87, 0, 99
93, 99, 87, 0, 99
93, 99, 87, 0, 99
93, 99, 87, 0, 99
93, 99, 87, 0, 99
93, 99, 87, 0, 99
93, 99, 87, 0, 99
93, 99, 87, 0, 99
93, 99, 87, 0, 99
93, 99, 87, 0, 99
93, 99, 87, 0, 99
92, 99, 87, 0, 99
92, 99, 87, 0, 99
92, 99, 87, 0, 99
92, 99, 87, 0, 99
92, 99, 87, 0, 99
92, 99, 87, 0, 99
92, 99, 87, 0, 99
92, 99, 87, 0, 99
92, 99, 87, 0, 99
92, 99, 87, 0, 99
92, 99, 87, 0, 99
92, 99, 87, 0, 99
92, 99, 87, 0, 99
92, 99, 87, 0, 99
92, 99, 87, 0, 99
92, 99, 87, 0, 99
92, 99, 87, 0, 99
92, 99, 87, 0, 99
92, 99, 87, 0, 99
92, 99, 87, 0, 99
92, 99, 87, 0, 99
92, 99, 86, 0, 99
92, 99, 87, 0, 99
92, 99, 87, 0, 99
92, 99, 86, 0, 99
92, 99, 87, 0, 99
92, 99, 86, 0, 99
92, 99, 86, 0, 99
92, 99, 86, 0, 99
92, 99, 86, 0, 99
92, 99, 87, 0, 99
92, 99, 87, 0, 99
92, 99, 86, 0, 99
92, 99, 87, 0, 99
92, 99, 87, 0, 99
92, 99, 87, 0, 99
92, 99, 86, 0, 99
92, 99, 86, 0, 99
92, 99, 87, 0, 99
92, 99, 87, 0, 99
92, 99, 86, 0, 99
92, 99, 87, 0, 99
92, 99, 86, 0, 99
92, 99, 86, 0, 99
92, 99, 86, 0, 99
92, 99, 87, 0, 99
92, 99, 87, 0, 99
92, 99, 87, 0, 99
92, 99, 87, 0, 99
92, 99, 86, 0, 99
92, 99, 86, 0, 99
92, 99, 86, 0, 99
92, 99, 86, 0, 99
92, 99, 86, 0, 99
92, 99, 86, 0, 99
92, 99, 86, 0, 99
92, 99, 87, 0, 99
92, 99, 86, 0, 99
92, 99, 86, 0, 99
92, 99, 86, 0, 99
92, 99, 86, 0, 99
92, 99, 86, 0, 99
92, 99, 87, 0, 99
92, 99, 86, 0, 99
92, 99, 86, 0, 99
92, 99, 86, 0, 99
92, 99, 86, 0, 99
92, 99, 86, 0, 99
92, 99, 86, 0, 99
92, 99, 87, 0, 99
92, 99, 87, 0, 99
92, 99, 86, 0, 99
92, 99, 87, 0, 99
92, 99, 86, 0, 99
93, 99, 87, 0, 99
92, 99, 86, 0, 99
93, 99, 86, 0, 99
93, 99, 87, 0, 99
93, 99, 87, 0, 99
93, 99, 87, 0, 99
93, 99, 87, 0, 99
93, 99, 87, 0, 99
93, 99, 87, 0, 99
93, 99, 87, 0, 99
93, 99, 87, 0, 99
93, 99, 87, 0, 99
93, 99, 87, 0, 99
93, 99, 87, 0, 99
93, 99, 87, 0, 99
93, 99, 87, 0, 99
93, 99, 87, 0, 99
93, 99, 87, 0, 99
93, 99, 87, 0, 99
93, 99, 87, 0, 99
93, 99, 87, 0, 99
93, 99, 87, 0, 99
93, 99, 87, 0, 99
93, 99, 87, 0, 99
93, 99, 87, 0, 99
93, 99, 87, 0, 99
93, 99, 87, 0, 99
93, 99, 87, 0, 99
93, 99, 87, 0, 99
93, 99, 87, 0, 99
93, 99, 87, 0, 99
93, 99, 87, 0, 99
93, 99, 87, 0, 99
93, 99, 87, 0, 99
93, 99, 88, 0, 99
93, 99, 88, 0, 99
93, 99, 88, 0, 99
93, 100, 88, 0, 99
93, 99, 88, 0, 99
93, 99, 88, 0, 99
93, 99, 88, 0, 99
93, 99, 88, 0, 99
94, 99, 88, 0, 99
94, 99, 88, 0, 99
94, 99, 88, 0, 99
94, 99, 88, 1, 99
94, 99, 88, 1, 99
94, 99, 88, 0, 99
94, 99, 88, 0, 99
94, 99, 88, 0, 99
94, 100, 88, 1, 99
94, 99, 88, 0, 99
94, 99, 88, 1, 99
94, 99, 88, 1, 99
94, 99, 88, 1, 99
94, 99, 88, 0, 99
94, 99, 88, 1, 99
94, 99, 88, 1, 99
94, 99, 88, 1, 99
94, 99, 88, 0, 99
94, 99, 88, 1, 99
94, 99, 88, 1, 99
94, 99, 88, 1, 99
94, 99, 88, 1, 99
94, 99, 88, 1, 99
94, 99, 88, 0, 99
94, 99, 88, 1, 99
94, 99, 88, 1, 99
94, 99, 88, 1, 99
94, 99, 88, 1, 99
94, 99, 88, 1, 99
94, 99, 88, 1, 99
94, 99, 88, 1, 99
94, 99, 88, 1, 99
94, 99, 88, 1, 99
94, 99, 88, 0, 99
94, 99, 88, 0, 99
94, 99, 88, 0, 94
94, 99, 88, 0, 94
94, 99, 88, 0, 94
94, 99, 88, 0, 94
94, 99, 88, 0, 94
94, 99, 88, 0, 94
94, 99, 88, 0, 94
94, 99, 88, 0, 94
94, 99, 88, 0, 94
94, 99, 88, 0, 94
94, 99, 88, 0, 94
94, 99, 88, 0, 94
94, 99, 88, 0, 94
94, 99, 88, 0, 94
94, 99, 88, 0, 94
94, 99, 88, 0, 94
94, 99, 88, 0, 94
94, 99, 88, 0, 94
94, 99, 88, 0, 94
94, 99, 88, 0, 94
94, 99, 88, 0, 94
94, 99, 88, 0, 94
94, 99, 88, 0, 94
94, 99, 88, 0, 94
94, 99, 88, 0, 94
94, 99, 88, 0, 94
94, 99, 88, 0, 94
94, 99, 88, 0, 94
94, 99, 88, 0, 94
94, 99, 88, 0, 94
94, 99, 88, 0, 94
94, 99, 88, 0, 94
93, 99, 88, 0, 94
93, 99, 88, 0, 94
93, 99, 88, 0, 94
93, 99, 88, 0, 94
93, 99, 88, 0, 94
93, 99, 88, 0, 94
93, 99, 88, 0, 94
93, 99, 88, 0, 94
93, 99, 88, 0, 94
93, 99, 88, 0, 94
93, 99, 88, 0, 94
93, 99, 88, 0, 94
93, 99, 88, 0, 94
93, 99, 88, 0, 94
93, 99, 88, 0, 94
93, 99, 88, 0, 94
93, 99, 88, 0, 94
93, 99, 88, 0, 94
93, 99, 87, 0, 94
93, 99, 87, 0, 94
93, 99, 87, 0, 94
93, 99, 87, 0, 94
93, 99, 87, 0, 94
93, 99, 87, 0, 94
93, 99, 87, 0, 94
93, 99, 87, 0, 94
93, 99, 87, 0, 94
93, 99, 87, 0, 94
93, 99, 87, 0, 94
93, 99, 87, 0, 94
93, 99, 87, 0, 94
93, 99, 87, 0, 94
92, 99, 86, 0, 94
92, 99, 86, 0, 94
92, 99, 86, 0, 94
92, 99, 86, 0, 94
92, 99, 86, 0, 94
92, 99, 86, 0, 94
92, 99, 86, 0, 94
92, 99, 86, 0, 94
92, 99, 86, 0, 94
92, 99, 86, 1, 94
92, 99, 86, 1, 94
92, 99, 86, 1, 94
92, 99, 86, 0, 94
92, 99, 86, 0, 94
92, 99, 86, 0, 94
92, 99, 86, 0, 94
92, 99, 86, 0, 94
92, 99, 86, 1, 94
92, 99, 86, 1, 94
92, 99, 86, 1, 94
92, 99, 86, 1, 94
92, 99, 86, 0, 94
92, 99, 86, 0, 94
92, 99, 86, 1, 94
92, 99, 86, 1, 94
92, 99, 86, 1, 94
92, 99, 86, 1, 99
92, 99, 86, 1, 99
92, 99, 86, 1, 99
92, 99, 86, 1, 99
92, 99, 86, 0, 99
92, 99, 86, 0, 99
92, 99, 85, 0, 99
92, 99, 85, 1, 99
92, 99, 85, 0, 99
92, 99, 85, 1, 99
92, 99, 85, 1, 99
92, 99, 85, 0, 99
91, 99, 85, 1, 99
91, 99, 85, 1, 99
91, 99, 85, 1, 99
91, 99, 85, 1, 99
91, 99, 85, 1, 99
91, 99, 85, 1, 99
91, 99, 85, 1, 99
91, 99, 85, 1, 99
91, 99, 85, 1, 99
91, 99, 85, 1, 99
91, 99, 85, 1, 99
91, 99, 85, 1, 99
91, 99, 85, 1, 99
91, 99, 84, 1, 99
91, 99, 84, 1, 99
91, 99, 84, 1, 99
91, 99, 84, 0, 99
91, 99, 84, 0, 99
91, 99, 84, 1, 99
91, 99, 84, 1, 99
91, 99, 84, 1, 99
91, 99, 84, 1, 99
91, 99, 84, 1, 99
91, 99, 84, 1, 99
91, 99, 84, 1, 99
91, 99, 84, 1, 99
91, 99, 84, 1, 99
90, 99, 84, 1, 99
90, 99, 84, 1, 99
90, 99, 84, 1, 99
90, 99, 84, 1, 99
90, 99, 84, 1, 99
90, 99, 84, 1, 99
90, 99, 84, 1, 99
90, 99, 84, 1, 99
90, 99, 84, 1, 99
90, 99, 84, 1, 99
90, 99, 83, 1, 99
90, 99, 84, 1, 99
90, 99, 83, 1, 99
90, 99, 83, 1, 99
90, 99, 83, 1, 99
90, 99, 83, 1, 99
90, 99, 83, 1, 99
90, 99, 83, 1, 99
90, 99, 83, 1, 99
90, 99, 83, 1, 99
90, 99, 83, 1, 99
90, 99, 83, 1, 99
90, 99, 83, 1, 99
90, 99, 83, 1, 99
90, 99, 83, 1, 99
90, 99, 83, 1, 99
90, 99, 83, 1, 99
90, 99, 83, 1, 99
90, 99, 83, 1, 99
90, 99, 83, 1, 99
90, 99, 83, 1, 99
90, 99, 83, 1, 99
90, 99, 83, 1, 99
90, 99, 83, 1, 99
90, 99, 83, 1, 99
90, 99, 83, 1, 99
90, 99, 83, 1, 99
90, 99, 83, 1, 99
90, 99, 83, 1, 99
90, 99, 84, 1, 99
90, 99, 84, 1, 99
90, 99, 84, 1, 99
90, 99, 84, 1, 99
90, 99, 84, 1, 99
90, 99, 84, 1, 99
90, 99, 84, 1, 99
90, 99, 84, 1, 99
90, 99, 84, 1, 99
90, 99, 84, 1, 99
90, 99, 84, 1, 99
90, 99, 84, 1, 99
90, 99, 84, 1, 99
90, 99, 84, 1, 99
90, 99, 84, 1, 99
90, 99, 84, 1, 99
90, 99, 84, 1, 99
90, 99, 84, 1, 99
90, 99, 84, 1, 99
90, 99, 84, 1, 99
90, 99, 84, 1, 99
90, 99, 84, 1, 99
90, 99, 84, 1, 99
90, 99, 84, 1, 99
90, 99, 84, 1, 99
90, 99, 84, 1, 99
90, 99, 84, 1, 99
90, 99, 84, 1, 99
90, 99, 84, 1, 99
90, 99, 84, 1, 99
90, 99, 84, 1, 99
90, 99, 84, 1, 99
90, 99, 84, 1, 99
90, 99, 84, 1, 99
90, 99, 84, 1, 99
90, 99, 84, 1, 99
90, 99, 84, 1, 99
90, 99, 84, 1, 99
90, 99, 84, 1, 99
90, 99, 84, 1, 99
90, 99, 84, 1, 99
90, 99, 84, 1, 99
90, 99, 85, 1, 99
90, 99, 85, 1, 99
90, 99, 85, 1, 99
91, 99, 85, 1, 99
91, 99, 85, 1, 99
91, 99, 85, 1, 99
91, 99, 85, 1, 99
91, 99, 85, 1, 99
91, 99, 85, 1, 99
91, 99, 85, 1, 99
91, 99, 85, 1, 99
91, 99, 85, 1, 99
91, 99, 85, 1, 99
91, 99, 85, 1, 99
91, 99, 85, 1, 99
91, 99, 85, 1, 99
91, 99, 85, 1, 99
91, 99, 85, 1, 99
91, 99, 85, 1, 99
91, 99, 86, 1, 99
91, 99, 86, 1, 99
91, 99, 86, 1, 99
91, 99, 86, 1, 99
91, 99, 86, 1, 99
92, 99, 86, 1, 99
92, 99, 86, 1, 99
92, 99, 86, 1, 99
92, 99, 86, 1, 99
92, 99, 86, 1, 99
92, 99, 86, 1, 99
92, 99, 86, 1, 99
92, 99, 86, 1, 99
92, 99, 86, 1, 99
92, 99, 86, 1, 99
92, 99, 86, 1, 99
92, 99, 86, 0, 99
92, 99, 86, 1, 99
92, 99, 86, 0, 99
92, 99, 86, 0, 99
92, 99, 86, 1, 99
92, 99, 86, 1, 99
92, 99, 86, 0, 99
92, 99, 86, 0, 99
92, 99, 86, 0, 99
92, 99, 86, 0, 99
92, 99, 86, 0, 99
92, 99, 86, 0, 99
92, 99, 86, 0, 99
92, 99, 86, 0, 99
92, 99, 86, 0, 99
92, 99, 86, 0, 99
92, 99, 86, 0, 99
92, 99, 86, 0, 99
92, 99, 86, 0, 99
92, 99, 86, 0, 99
92, 100, 86, 0, 99
92, 99, 86, 0, 99
92, 99, 86, 0, 99
92, 99, 86, 0, 99
92, 99, 86, 0, 99
92, 99, 86, 0, 99
92, 99, 86, 0, 99
92, 99, 87, 0, 99
92, 99, 87, 0, 99
92, 99, 87, 0, 99
92, 99, 87, 0, 99
92, 99, 87, 0, 99
92, 99, 87, 0, 99
92, 99, 87, 0, 99
92, 99, 87, 0, 99
92, 99, 87, 0, 99
92, 99, 87, 0, 99
92, 99, 87, 0, 99
92, 100, 87, 0, 99
92, 100, 87, 0, 99
92, 99, 87, 0, 99
92, 99, 87, 0, 99
92, 99, 87, 0, 99
92, 99, 87, 0, 99
92, 99, 87, 0, 99
92, 99, 87, 0, 99
92, 99, 87, 0, 99
92, 99, 87, 0, 99
92, 99, 87, 0, 99
92, 99, 87, 0, 99
92, 99, 87, 0, 99
92, 99, 87, 0, 99
92, 99, 87, 0, 99
92, 99, 87, 0, 99
92, 99, 87, 0, 99
92, 99, 87, 0, 99
92, 99, 87, 0, 99
92, 99, 87, 0, 99
92, 99, 87, 0, 99
92, 99, 87, 0, 99
92, 99, 87, 0, 99
92, 99, 87, 0, 99
92, 99, 87, 0, 99
92, 99, 87, 0, 99
92, 99, 87, 0, 94
92, 99, 87, 0, 94
92, 99, 87, 0, 94
92, 99, 87, 0, 94
92, 99, 87, 0, 94
92, 99, 87, 0, 94
92, 99, 87, 0, 94
92, 99, 87, 0, 94
92, 99, 87, 0, 94
92, 99, 87, 0, 94
92, 99, 87, 0, 94
92, 99, 87, 0, 94
92, 99, 87, 0, 94
92, 99, 87, 0, 94
92, 99, 87, 0, 94
92, 99, 87, 0, 94
92, 99, 87, 0, 94
92, 99, 87, 0, 94
92, 99, 87, 0, 94
92, 99, 87, 0, 94
92, 99, 87, 0, 94
92, 99, 87, 0, 94
92, 99, 87, 0, 94
92, 99, 87, 0, 94
92, 99, 87, 0, 94
92, 99, 87, 0, 94
92, 99, 87, 0, 94
92, 99, 87, 0, 94
92, 99, 87, 0, 94
92, 99, 87, 0, 94
92, 99, 87, 0, 94
92, 99, 87, 0, 94
92, 99, 87, 0, 94
92, 99, 87, 0, 94
92, 99, 87, 0, 94
92, 99, 87, 0, 94
92, 99, 87, 0, 94
92, 99, 87, 0, 94
92, 99, 87, 0, 94
92, 99, 87, 0, 94
92, 99, 87, 0, 94
92, 99, 87, 0, 94
92, 99, 87, 0, 94
92, 99, 87, 0, 94
92, 99, 87, 0, 94
92, 99, 87, 0, 94
92, 99, 87, 0, 94
92, 99, 87, 0, 94
92, 99, 87, 0, 94
92, 99, 87, 0, 94
92, 99, 87, 0, 94
92, 99, 87, 0, 94
92, 99, 87, 0, 94
92, 99, 87, 0, 94
92, 99, 87, 0, 94
92, 99, 87, 0, 95
92, 99, 87, 0, 99
92, 99, 87, 0, 99
92, 99, 87, 0, 99
92, 99, 87, 0, 99
92, 100, 87, 0, 99
92, 100, 87, 0, 99
92, 99, 87, 0, 99
92, 99, 87, 0, 99
92, 99, 87, 0, 99
92, 99, 87, 0, 99
92, 99, 87, 0, 99
92, 99, 87, 0, 99
92, 99, 87, 0, 99
92, 99, 87, 0, 99
92, 99, 87, 0, 99
92, 99, 87, 0, 99
92, 99, 87, 0, 99
92, 99, 87, 0, 99
92, 99, 87, 0, 99
92, 99, 87, 0, 99
92, 99, 87, 0, 99
92, 99, 87, 0, 99
92, 99, 87, 0, 99
92, 99, 87, 0, 99
92, 99, 87, 0, 99
92, 99, 87, 0, 99
92, 100, 87, 0, 99
92, 100, 87, 0, 99
92, 99, 87, 0, 99
92, 99, 87, 0, 99
92, 99, 87, 0, 99
92, 99, 87, 0, 99
92, 99, 87, 0, 99
92, 99, 87, 0, 99
92, 99, 87, 0, 99
92, 99, 87, 0, 99
92, 99, 87, 0, 99
92, 99, 87, 0, 99
92, 99, 87, 0, 99
92, 99, 87, 0, 99
92, 99, 87, 0, 99
92, 99, 87, 0, 99
92, 99, 87, 0, 99
92, 99, 87, 0, 99
92, 99, 87, 0, 99
92, 99, 87, 0, 99
92, 99, 87, 0, 99
92, 99, 87, 0, 99
92, 99, 87, 0, 99
92, 99, 87, 0, 99
92, 99, 87, 0, 99
92, 99, 87, 0, 99
92, 99, 87, 0, 99
92, 99, 87, 0, 99
92, 99, 87, 0, 99
92, 99, 87, 0, 99
92, 99, 87, 0, 99
92, 99, 87, 0, 99
92, 99, 87, 0, 99
92, 99, 87, 0, 99
92, 99, 87, 0, 99
92, 99, 87, 0, 99
92, 99, 87, 0, 99
92, 99, 87, 0, 99
92, 99, 87, 0, 99
92, 99, 87, 0, 99
92, 99, 87, 0, 99
92, 99, 87, 0, 99
92, 99, 87, 0, 99
92, 99, 87, 0, 99
92, 99, 87, 0, 99
92, 99, 87, 0, 99
92, 99, 87, 0, 99
92, 99, 87, 0, 99
92, 99, 87, 0, 99
92, 99, 87, 0, 99
92, 99, 87, 0, 99
92, 99, 87, 0, 99
92, 99, 87, 0, 99
92, 99, 87, 0, 99
92, 99, 87, 0, 99
92, 99, 87, 0, 99
92, 99, 87, 0, 99
92, 99, 87, 0, 99
92, 99, 87, 0, 99
93, 99, 87, 0, 99
93, 99, 87, 0, 99
92, 99, 87, 0, 99
93, 99, 87, 0, 99
93, 99, 87, 0, 99
93, 99, 87, 0, 99
92, 99, 87, 0, 99
93, 99, 87, 0, 99
93, 99, 87, 0, 99
93, 99, 87, 0, 99
93, 99, 87, 0, 99
93, 99, 87, 0, 99
93, 99, 87, 0, 99
93, 99, 87, 0, 99
93, 99, 87, 0, 99
93, 99, 87, 0, 99
93, 99, 87, 0, 99
93, 99, 87, 0, 99
93, 99, 87, 0, 99
93, 99, 87, 0, 94
93, 99, 87, 0, 94
93, 99, 87, 0, 94
93, 99, 87, 0, 94
93, 99, 87, 0, 94
93, 99, 87, 0, 94
93, 99, 87, 0, 94
93, 99, 87, 0, 94
93, 99, 87, 0, 94
93, 99, 87, 0, 94
93, 99, 87, 0, 94
93, 99, 87, 0, 94
93, 99, 87, 0, 94
93, 100, 87, 0, 94
93, 99, 87, 0, 94
93, 99, 87, 0, 94
93, 99, 87, 0, 94
93, 99, 87, 0, 94
93, 99, 87, 0, 94
93, 99, 87, 0, 94
93, 99, 87, 0, 94
93, 99, 87, 0, 94
93, 99, 87, 0, 94
93, 99, 87, 0, 94
93, 99, 87, 0, 94
93, 99, 87, 0, 94
93, 99, 87, 0, 94
93, 99, 87, 0, 94
93, 99, 87, 0, 94
93, 99, 87, 0, 94
93, 99, 87, 0, 94
93, 100, 87, 0, 94
93, 99, 87, 0, 94
93, 99, 87, 0, 94
93, 99, 87, 0, 94
93, 99, 87, 0, 94
93, 99, 87, 0, 94
93, 99, 87, 0, 94
93, 99, 87, 0, 94
93, 99, 87, 0, 94
93, 99, 87, 0, 94
93, 100, 87, 0, 94
93, 99, 87, 0, 94
93, 99, 87, 0, 94
93, 99, 87, 0, 94
93, 99, 87, 0, 94
93, 100, 87, 0, 94
93, 100, 87, 0, 94
93, 99, 87, 0, 94
93, 99, 87, 0, 94
93, 99, 87, 0, 94
93, 99, 87, 0, 94
93, 99, 87, 0, 94
93, 99, 87, 0, 94
93, 99, 87, 0, 94
93, 99, 87, 0, 94
93, 99, 87, 0, 94
93, 99, 87, 0, 94
93, 99, 87, 0, 94
93, 99, 87, 0, 94
93, 99, 87, 0, 94
93, 99, 87, 0, 94
93, 99, 87, 0, 94
93, 99, 87, 0, 94
93, 99, 87, 0, 94
93, 99, 87, 0, 94
93, 99, 87, 0, 94
93, 99, 87, 0, 94
93, 99, 87, 0, 94
93, 99, 86, 0, 94
93, 99, 86, 0, 94
92, 99, 86, 0, 94
92, 99, 86, 0, 94
92, 99, 86, 0, 94
92, 99, 86, 0, 94
92, 99, 86, 0, 94
92, 99, 86, 0, 94
92, 99, 86, 0, 94
93, 99, 86, 0, 94
93, 99, 86, 0, 94
92, 99, 86, 1, 94
92, 99, 86, 1, 94
92, 99, 86, 1, 95
92, 99, 86, 1, 98
92, 99, 86, 0, 99
92, 99, 86, 1, 99
92, 99, 86, 1, 99
92, 99, 86, 1, 99
92, 99, 86, 1, 99
92, 99, 86, 1, 99
92, 99, 86, 0, 99
92, 99, 86, 1, 99
92, 99, 86, 1, 99
92, 99, 86, 1, 99
92, 99, 86, 1, 99
92, 99, 86, 1, 99
92, 99, 86, 1, 99
92, 99, 86, 1, 99
92, 99, 86, 1, 99
92, 99, 86, 1, 99
92, 99, 86, 1, 99
92, 99, 86, 1, 99
92, 99, 86, 1, 99
92, 99, 86, 1, 99
92, 99, 86, 1, 99
92, 99, 86, 1, 99
92, 99, 86, 1, 99
92, 99, 86, 1, 99
92, 99, 86, 1, 99
92, 99, 86, 1, 99
92, 99, 86, 1, 99
92, 99, 86, 1, 99
92, 99, 86, 1, 99
92, 99, 86, 1, 99
92, 99, 86, 1, 99
92, 99, 86, 1, 99
92, 99, 86, 1, 99
92, 99, 86, 1, 99
92, 99, 86, 1, 99
92, 99, 86, 1, 99
92, 99, 86, 1, 99
92, 99, 86, 1, 99
92, 99, 86, 1, 99
92, 99, 86, 1, 99
92, 99, 86, 1, 99
92, 99, 86, 1, 99
92, 99, 86, 1, 99
92, 99, 86, 1, 99
92, 99, 86, 1, 99
92, 99, 86, 1, 99
92, 99, 86, 1, 99
92, 99, 86, 1, 99
92, 99, 86, 1, 99
92, 99, 86, 1, 99
92, 99, 86, 1, 99
92, 99, 86, 1, 99
92, 99, 86, 1, 99
92, 99, 86, 1, 99
92, 99, 86, 1, 99
92, 99, 86, 1, 99
92, 99, 86, 1, 99
92, 99, 86, 1, 99
92, 99, 86, 1, 99
92, 99, 86, 1, 99
92, 99, 86, 1, 99
92, 99, 86, 1, 99
92, 99, 86, 1, 99
92, 99, 86, 1, 99
92, 100, 86, 0, 99
92, 99, 86, 0, 99
92, 99, 86, 0, 99
92, 99, 86, 0, 99
92, 99, 86, 0, 99
92, 99, 86, 0, 99
92, 99, 86, 0, 99
92, 99, 86, 0, 99
92, 99, 86, 0, 99
92, 99, 86, 0, 99
92, 99, 86, 0, 99
91, 99, 86, 0, 99
91, 99, 86, 0, 99
91, 99, 86, 0, 99
91, 99, 86, 0, 99
91, 99, 86, 0, 99
91, 99, 86, 0, 99
91, 99, 86, 0, 99
91, 99, 86, 0, 99
91, 99, 86, 0, 99
91, 100, 86, 0, 99
91, 100, 86, 0, 99
91, 99, 86, 0, 99
91, 99, 86, 0, 99
91, 99, 86, 0, 99
91, 100, 86, 0, 99
91, 99, 86, 0, 99
91, 99, 86, 0, 99
91, 99, 86, 0, 99
91, 99, 86, 0, 99
91, 99, 86, 0, 99
91, 99, 86, 0, 99
91, 99, 86, 0, 99
91, 99, 86, 0, 99
91, 99, 86, 0, 99
91, 99, 86, 0, 99
91, 99, 86, 0, 99
91, 99, 85, 0, 99
91, 99, 85, 0, 99
91, 99, 85, 0, 99
91, 99, 85, 0, 99
91, 99, 85, 0, 99
91, 99, 85, 0, 99
91, 99, 85, 0, 99
91, 99, 85, 0, 99
90, 99, 85, 0, 99
90, 99, 85, 0, 99
90, 99, 85, 0, 99
90, 99, 85, 0, 99
90, 99, 85, 0, 99
90, 99, 85, 0, 99
90, 99, 85, 0, 99
90, 99, 85, 0, 99
90, 99, 85, 0, 99
90, 99, 85, 0, 99
90, 99, 85, 0, 99
90, 99, 85, 0, 99
90, 99, 85, 0, 99
90, 99, 85, 0, 99
90, 99, 85, 0, 99
90, 99, 85, 0, 99
90, 99, 85, 0, 99
90, 99, 85, 0, 99
90, 99, 85, 0, 99
90, 99, 85, 0, 99
90, 99, 85, 0, 99
90, 99, 85, 0, 99
90, 99, 85, 0, 99
90, 99, 85, 0, 99
90, 99, 85, 0, 99
90, 99, 85, 0, 99
90, 99, 85, 0, 99
90, 99, 85, 0, 99
90, 99, 85, 0, 99
90, 99, 85, 0, 99
90, 99, 85, 0, 99
90, 99, 85, 0, 99
90, 99, 85, 0, 99
90, 99, 85, 0, 99
90, 99, 85, 0, 99
90, 99, 85, 0, 99
90, 99, 85, 0, 99
90, 99, 85, 0, 99
90, 99, 85, 0, 99
90, 99, 85, 0, 99
90, 99, 85, 0, 99
90, 99, 85, 0, 99
90, 99, 85, 0, 99
90, 99, 85, 0, 99
90, 99, 85, 0, 99
90, 99, 85, 0, 99
90, 99, 85, 0, 99
90, 99, 85, 0, 99
90, 99, 85, 0, 99
90, 99, 85, 0, 99
90, 99, 85, 0, 99
90, 99, 85, 0, 99
90, 99, 85, 0, 99
90, 99, 85, 0, 99
90, 99, 85, 0, 99
90, 99, 85, 0, 99
90, 99, 85, 0, 99
90, 99, 85, 0, 99
90, 99, 85, 0, 99
90, 99, 85, 0, 99
90, 99, 85, 0, 99
90, 99, 85, 0, 99
90, 99, 85, 0, 99
90, 99, 85, 0, 99
90, 99, 85, 0, 99
90, 99, 85, 0, 99
90, 99, 85, 0, 99
90, 99, 85, 0, 99
90, 99, 85, 0, 99
90, 99, 85, 0, 99
90, 99, 85, 0, 99
90, 99, 85, 0, 99
90, 99, 85, 0, 99
90, 99, 85, 0, 99
90, 99, 85, 0, 99
90, 99, 85, 0, 99
90, 99, 85, 0, 99
90, 99, 85, 0, 99
90, 99, 85, 0, 99
90, 99, 85, 0, 99
90, 99, 85, 0, 99
90, 99, 85, 0, 99
90, 99, 85, 0, 99
90, 99, 85, 0, 99
90, 99, 85, 0, 99
90, 99, 85, 0, 99
90, 99, 85, 0, 99
90, 99, 85, 0, 99
90, 99, 85, 0, 99
90, 99, 85, 0, 99
90, 99, 85, 0, 99
90, 99, 85, 0, 99
90, 99, 85, 0, 99
90, 99, 85, 0, 99
90, 99, 85, 0, 99
90, 99, 85, 0, 99
90, 99, 85, 0, 99
90, 99, 85, 0, 99
90, 99, 85, 0, 99
90, 99, 85, 0, 99
90, 99, 85, 0, 99
90, 99, 85, 0, 99
90, 99, 85, 0, 99
90, 99, 85, 0, 99
90, 99, 85, 0, 99
90, 99, 85, 0, 99
90, 99, 85, 0, 99
90, 99, 85, 0, 99
90, 99, 85, 0, 99
90, 99, 85, 0, 99
90, 99, 85, 0, 99
90, 99, 85, 0, 99
90, 99, 85, 0, 99
90, 99, 85, 0, 99
90, 99, 85, 0, 99
90, 99, 85, 0, 99
90, 99, 85, 0, 99
90, 99, 85, 0, 99
90, 99, 85, 0, 99
90, 99, 85, 0, 99
90, 99, 85, 0, 99
90, 99, 85, 0, 99
90, 99, 85, 0, 99
90, 99, 85, 0, 99
90, 99, 85, 0, 99
90, 99, 85, 0, 99
90, 99, 85, 0, 99
90, 99, 85, 0, 99
90, 99, 85, 0, 99
90, 99, 85, 0, 99
90, 99, 85, 0, 99
90, 99, 85, 0, 99
90, 99, 85, 0, 99
90, 99, 85, 0, 99
90, 99, 85, 0, 99
90, 99, 85, 0, 99
90, 99, 85, 0, 99
90, 99, 85, 0, 99
90, 99, 85, 0, 99
90, 99, 85, 0, 99
90, 99, 85, 0, 99
90, 99, 85, 0, 99
90, 99, 85, 0, 99
90, 99, 85, 0, 99
90, 99, 85, 0, 99
90, 99, 85, 0, 99
90, 99, 85, 0, 99
90, 99, 85, 0, 99
90, 99, 85, 0, 99
90, 99, 85, 0, 99
90, 99, 85, 0, 99
90, 99, 85, 0, 99
90, 99, 85, 0, 99
90, 99, 85, 0, 99
90, 99, 85, 0, 99
90, 99, 85, 0, 99
90, 99, 85, 0, 99
90, 99, 85, 0, 99
90, 99, 85, 0, 99
90, 99, 85, 0, 99
90, 99, 85, 0, 99
90, 99, 85, 0, 99
90, 99, 85, 0, 99
90, 99, 85, 0, 99
90, 99, 85, 0, 99
90, 99, 85, 0, 99
90, 99, 85, 0, 99
90, 99, 85, 0, 99
90, 99, 85, 0, 99
90, 99, 85, 0, 99
90, 99, 85, 0, 99
90, 99, 85, 0, 99
90, 99, 85, 0, 99
90, 99, 85, 0, 99
90, 99, 85, 0, 99
90, 99, 85, 0, 99
90, 99, 85, 0, 99
90, 99, 85, 0, 99
90, 99, 85, 0, 99
90, 99, 85, 0, 99
90, 99, 85, 0, 99
90, 99, 85, 0, 99
90, 99, 85, 0, 99
90, 99, 85, 0, 99
90, 99, 85, 0, 99
90, 99, 85, 0, 99
90, 99, 85, 0, 99
90, 99, 85, 0, 99
90, 99, 85, 0, 99
90, 99, 85, 0, 99
90, 99, 85, 0, 99
90, 99, 85, 0, 99
90, 99, 85, 0, 99
90, 99, 85, 0, 99
90, 99, 85, 0, 99
90, 99, 85, 0, 99
90, 99, 85, 0, 99
90, 99, 85, 0, 99
90, 99, 85, 0, 99
90, 99, 85, 0, 99
90, 99, 85, 0, 99
90, 99, 85, 0, 99
90, 99, 85, 0, 99
90, 99, 85, 0, 99
90, 99, 85, 0, 99
90, 99, 85, 0, 99
90, 99, 85, 0, 99
90, 99, 85, 0, 99
90, 99, 85, 0, 99
90, 99, 85, 0, 99
90, 99, 85, 0, 99
90, 99, 85, 0, 99
90, 99, 85, 0, 99
90, 99, 85, 0, 99
90, 99, 85, 0, 99
90, 99, 85, 0, 99
90, 99, 85, 0, 99
90, 99, 85, 0, 99
90, 99, 85, 0, 99
90, 99, 85, 0, 99
90, 99, 85, 0, 99
90, 99, 85, 0, 99
90, 99, 85, 0, 99
90, 99, 85, 0, 99
90, 99, 85, 0, 99
90, 99, 85, 0, 99
90, 99, 85, 0, 99
90, 99, 85, 0, 99
90, 99, 85, 0, 99
90, 99, 85, 0, 99
90, 99, 85, 0, 99
90, 99, 85, 0, 99
90, 99, 85, 0, 99
90, 99, 85, 0, 99
90, 99, 85, 0, 99
90, 99, 85, 0, 99
90, 99, 85, 0, 99
90, 99, 85, 0, 99
90, 99, 85, 0, 99
90, 99, 85, 0, 99
90, 99, 85, 0, 99
90, 99, 85, 0, 99
90, 99, 85, 0, 99
90, 99, 85, 0, 99
90, 99, 85, 0, 99
90, 99, 85, 0, 99
90, 99, 85, 0, 99
90, 99, 85, 0, 99
90, 99, 85, 0, 99
90, 99, 85, 0, 99
90, 99, 85, 0, 99
90, 99, 85, 0, 99
90, 99, 85, 0, 99
90, 99, 85, 0, 99
90, 99, 85, 0, 99
90, 99, 85, 0, 99
90, 99, 85, 0, 99
90, 99, 85, 0, 99
90, 99, 85, 0, 99
91, 99, 85, 0, 99
91, 99, 85, 0, 99
91, 99, 85, 0, 99
91, 99, 85, 0, 99
91, 99, 85, 0, 99
91, 99, 85, 0, 99
91, 99, 85, 0, 99
91, 99, 85, 0, 99
91, 99, 85, 0, 99
91, 99, 85, 0, 99
91, 99, 85, 0, 99
91, 99, 85, 0, 99
91, 99, 85, 0, 99
91, 99, 85, 0, 99
91, 99, 85, 0, 99
91, 99, 85, 0, 99
91, 99, 85, 0, 99
91, 99, 85, 0, 99
91, 99, 85, 0, 99
91, 99, 85, 0, 99
91, 99, 85, 0, 99
91, 99, 85, 0, 99
91, 99, 85, 0, 99
91, 99, 85, 0, 99
91, 99, 85, 0, 99
91, 99, 85, 0, 99
91, 99, 85, 0, 99
91, 99, 85, 0, 99
91, 99, 85, 0, 99
91, 99, 85, 0, 99
91, 99, 85, 0, 99
91, 99, 85, 0, 99
91, 99, 85, 0, 99
91, 99, 85, 0, 99
91, 99, 85, 0, 99
91, 99, 85, 0, 99
91, 99, 85, 0, 99
91, 99, 85, 0, 99
91, 99, 85, 0, 99
91, 99, 86, 0, 99
91, 99, 85, 0, 99
91, 99, 86, 0, 99
91, 99, 86, 0, 99
91, 99, 86, 0, 99
91, 99, 86, 0, 99
91, 99, 86, 0, 99
91, 99, 86, 0, 99
91, 99, 86, 0, 99
91, 99, 86, 0, 99
91, 99, 86, 0, 99
91, 99, 86, 0, 99
91, 99, 86, 0, 99
91, 99, 86, 0, 99
91, 99, 86, 0, 99
91, 100, 86, 0, 99
91, 100, 86, 0, 99
91, 100, 86, 0, 99
91, 99, 86, 0, 99
91, 99, 86, 0, 99
91, 99, 86, 0, 99
91, 99, 86, 0, 99
91, 99, 86, 0, 99
91, 99, 86, 0, 99
91, 99, 86, 0, 99
91, 99, 86, 0, 99
91, 99, 86, 0, 99
91, 99, 86, 0, 99
91, 99, 86, 0, 99
91, 99, 86, 0, 99
91, 99, 86, 0, 99
91, 99, 86, 0, 99
91, 99, 86, 0, 99
91, 99, 86, 0, 99
91, 99, 86, 0, 99
91, 99, 86, 0, 99
91, 99, 86, 0, 99
91, 99, 86, 0, 99
91, 99, 86, 0, 99
91, 99, 86, 0, 99
91, 99, 86, 0, 99
91, 99, 86, 0, 99
91, 99, 86, 0, 99
91, 99, 86, 0, 99
91, 99, 86, 0, 99
91, 99, 86, 0, 99
91, 99, 86, 0, 99
92, 99, 86, 0, 99
91, 99, 86, 0, 99
92, 99, 86, 0, 99
92, 99, 86, 0, 99
92, 99, 86, 0, 99
92, 99, 86, 0, 99
92, 99, 86, 0, 99
92, 99, 86, 0, 99
92, 99, 86, 0, 99
92, 99, 86, 0, 99
92, 99, 86, 0, 99
92, 99, 86, 0, 99
92, 99, 86, 0, 99
92, 99, 86, 0, 99
92, 99, 86, 0, 99
92, 99, 86, 0, 99
92, 99, 86, 0, 99
92, 99, 86, 0, 99
92, 99, 86, 0, 99
92, 99, 86, 0, 99
92, 99, 86, 0, 99
92, 99, 86, 0, 99
92, 99, 86, 0, 99
92, 99, 86, 0, 99
92, 99, 86, 0, 99
92, 99, 86, 0, 99
92, 99, 86, 0, 99
92, 99, 86, 0, 99
92, 99, 86, 0, 99
92, 99, 86, 0, 99
92, 99, 86, 0, 99
92, 99, 86, 0, 99
92, 99, 86, 0, 99
92, 99, 86, 0, 99
92, 99, 86, 0, 99
92, 99, 86, 0, 99
92, 99, 86, 0, 99
92, 99, 86, 0, 99
92, 99, 86, 0, 99
92, 99, 86, 0, 99
92, 99, 86, 0, 99
92, 99, 86, 0, 99
92, 99, 86, 0, 99
92, 99, 86, 0, 99
92, 99, 86, 0, 99
92, 99, 86, 0, 99
92, 99, 86, 0, 99
92, 99, 86, 0, 99
92, 99, 86, 0, 99
92, 99, 86, 0, 99
92, 99, 86, 0, 99
92, 99, 86, 0, 99
92, 99, 86, 0, 99
92, 99, 87, 0, 99
92, 99, 87, 0, 99
92, 99, 87, 0, 99
92, 99, 87, 0, 99
92, 99, 87, 0, 99
92, 99, 87, 0, 99
92, 99, 87, 0, 99
92, 99, 87, 0, 99
92, 99, 87, 0, 99
92, 99, 87, 0, 99
92, 99, 87, 0, 99
92, 99, 87, 0, 99
92, 100, 86, 0, 99
92, 99, 87, 0, 99
92, 99, 87, 0, 99
92, 99, 87, 0, 99
92, 99, 87, 0, 99
92, 99, 87, 0, 99
92, 99, 87, 0, 99
92, 99, 87, 0, 99
92, 99, 87, 0, 99
92, 99, 87, 0, 99
92, 99, 87, 0, 99
92, 99, 87, 0, 99
92, 99, 87, 0, 99
92, 99, 87, 0, 99
92, 99, 87, 0, 99
92, 99, 87, 0, 99
92, 99, 87, 0, 99
92, 99, 87, 0, 99
92, 99, 87, 0, 99
92, 99, 87, 0, 99
92, 99, 87, 0, 99
92, 99, 87, 0, 99
92, 99, 87, 0, 99
92, 99, 87, 0, 99
92, 99, 87, 0, 99
92, 99, 87, 0, 99
92, 99, 87, 0, 99
92, 99, 87, 0, 99
92, 99, 87, 0, 99
92, 99, 87, 0, 99
92, 99, 87, 0, 99
92, 99, 87, 0, 99
92, 99, 87, 0, 99
92, 99, 87, 0, 99
92, 99, 87, 0, 99
92, 99, 87, 0, 99
92, 99, 86, 0, 99
92, 99, 86, 0, 99
92, 99, 86, 0, 99
92, 99, 86, 0, 99
92, 100, 86, 0, 99
92, 99, 86, 0, 99
92, 99, 86, 0, 99
92, 99, 86, 0, 99
92, 99, 86, 0, 99
92, 99, 86, 0, 99
92, 99, 86, 0, 99
92, 99, 86, 0, 99
92, 99, 86, 0, 99
92, 99, 86, 0, 99
92, 99, 86, 0, 99
92, 99, 86, 0, 99
92, 99, 86, 0, 99
92, 99, 86, 0, 99
92, 99, 86, 0, 99
92, 99, 86, 0, 99
92, 99, 86, 0, 99
92, 99, 86, 0, 99
92, 99, 86, 0, 99
92, 99, 86, 0, 99
92, 99, 86, 0, 99
92, 100, 86, 0, 99
92, 99, 86, 0, 99
92, 99, 86, 0, 99
92, 99, 86, 0, 99
92, 99, 86, 0, 99
92, 99, 86, 0, 99
92, 99, 86, 0, 99
92, 99, 86, 0, 99
92, 99, 86, 0, 99
92, 99, 86, 0, 99
92, 99, 86, 0, 99
92, 99, 86, 0, 99
92, 100, 86, 0, 99
92, 100, 86, 0, 99
92, 100, 86, 0, 99
92, 99, 86, 0, 99
92, 99, 86, 0, 99
92, 99, 86, 0, 99
92, 99, 86, 0, 99
92, 99, 86, 0, 99
92, 99, 86, 0, 99
92, 99, 86, 0, 99
92, 99, 86, 0, 99
92, 99, 86, 0, 99
92, 99, 86, 0, 99
92, 99, 86, 0, 99
92, 99, 86, 0, 99
92, 99, 86, 0, 99
92, 99, 86, 0, 99
92, 99, 86, 0, 99
92, 99, 86, 0, 99
92, 99, 86, 0, 99
92, 99, 86, 0, 99
92, 99, 86, 0, 99
92, 99, 86, 0, 99
92, 99, 86, 0, 99
92, 99, 86, 0, 99
92, 99, 86, 0, 99
92, 99, 86, 0, 99
92, 99, 86, 0, 99
92, 99, 86, 0, 99
92, 99, 86, 0, 99
92, 99, 86, 0, 99
92, 99, 86, 0, 99
92, 99, 86, 0, 99
92, 99, 86, 0, 99
92, 99, 86, 0, 99
92, 99, 86, 0, 99
92, 99, 86, 0, 99
92, 99, 86, 0, 99
92, 99, 86, 0, 99
92, 99, 86, 0, 99
92, 99, 86, 0, 99
92, 99, 86, 0, 99
92, 99, 86, 0, 99
92, 99, 86, 0, 99
92, 99, 86, 0, 99
92, 99, 86, 0, 99
92, 99, 86, 0, 99
92, 99, 86, 0, 99
92, 99, 86, 0, 99
92, 99, 86, 0, 99
92, 99, 86, 0, 99
92, 99, 86, 0, 99
92, 99, 86, 0, 99
92, 99, 86, 0, 99
92, 99, 86, 0, 99
92, 99, 86, 0, 99
92, 99, 86, 0, 99
92, 99, 86, 0, 99
92, 99, 86, 0, 99
92, 99, 86, 0, 99
92, 99, 86, 0, 99
92, 99, 86, 0, 99
92, 99, 86, 0, 99
92, 99, 86, 0, 99
92, 99, 86, 0, 99
91, 99, 86, 0, 99
91, 99, 86, 0, 99
91, 99, 86, 0, 99
91, 99, 86, 0, 99
91, 99, 86, 0, 99
91, 99, 86, 0, 99
91, 99, 86, 0, 99
91, 99, 86, 0, 99
90, 99, 86, 0, 99
90, 99, 86, 0, 99
90, 99, 86, 0, 99
90, 99, 86, 0, 99
90, 99, 85, 0, 99
90, 99, 85, 0, 99
90, 99, 85, 0, 99
90, 99, 85, 0, 99
90, 99, 85, 0, 99
90, 99, 85, 0, 99
90, 99, 85, 0, 99
90, 99, 85, 0, 99
90, 99, 85, 0, 99
90, 99, 85, 0, 99
90, 99, 85, 0, 99
90, 99, 85, 0, 99
90, 99, 85, 0, 99
90, 99, 85, 0, 99
90, 99, 85, 0, 99
90, 99, 85, 0, 99
89, 99, 85, 0, 99
89, 99, 85, 0, 99
89, 99, 85, 0, 99
89, 99, 85, 0, 99
89, 99, 85, 0, 99
89, 99, 85, 0, 99
89, 99, 85, 0, 99
89, 99, 85, 0, 99
89, 99, 85, 0, 99
89, 99, 85, 0, 100
89, 99, 85, 0, 99
89, 99, 85, 0, 99
89, 99, 85, 0, 99
89, 99, 85, 0, 99
89, 99, 85, 0, 99
89, 99, 85, 0, 99
89, 99, 85, 0, 99
89, 99, 85, 0, 99
89, 99, 85, 0, 99
89, 99, 85, 0, 99
89, 99, 85, 0, 99
89, 99, 85, 0, 99
89, 99, 85, 0, 99
89, 99, 85, 0, 99
89, 99, 85, 0, 99
89, 99, 85, 0, 99
89, 99, 85, 0, 99
89, 99, 84, 0, 99
89, 99, 85, 0, 99
89, 99, 85, 0, 99
89, 99, 84, 0, 99
89, 99, 84, 0, 99
89, 99, 84, 0, 99
89, 99, 84, 0, 99
89, 99, 84, 0, 99
89, 99, 84, 0, 99
89, 99, 84, 0, 99
89, 99, 84, 0, 99
89, 99, 84, 0, 99
89, 99, 84, 0, 99
89, 99, 84, 0, 99
89, 99, 84, 0, 99
89, 99, 84, 0, 99
89, 99, 84, 0, 99
89, 99, 84, 0, 99
89, 99, 84, 0, 99
89, 99, 84, 0, 99
89, 99, 84, 0, 99
89, 99, 84, 0, 99
89, 99, 84, 0, 99
89, 99, 84, 0, 99
89, 99, 84, 0, 99
89, 99, 84, 0, 99
89, 99, 84, 0, 99
89, 99, 84, 0, 99
89, 99, 84, 0, 99
89, 99, 84, 0, 99
89, 99, 84, 0, 99
89, 99, 84, 0, 99
89, 99, 84, 0, 99
89, 99, 84, 0, 99
88, 99, 84, 0, 99
89, 99, 84, 0, 99
89, 99, 84, 0, 99
88, 99, 84, 0, 99
88, 99, 84, 0, 99
88, 99, 84, 0, 99
88, 99, 84, 0, 99
88, 99, 84, 0, 99
88, 99, 84, 0, 99
88, 99, 84, 0, 99
88, 99, 84, 0, 99
88, 99, 84, 0, 99
88, 99, 84, 0, 99
88, 99, 84, 0, 99
88, 99, 84, 0, 99
88, 99, 84, 0, 99
88, 99, 84, 0, 99
88, 99, 84, 0, 99
88, 99, 84, 0, 99
88, 99, 84, 0, 99
88, 99, 84, 0, 99
88, 99, 84, 0, 99
88, 99, 84, 0, 99
88, 99, 84, 0, 99
88, 99, 84, 0, 99
88, 99, 84, 0, 99
88, 99, 84, 0, 99
88, 99, 84, 0, 99
88, 99, 84, 0, 99
88, 99, 84, 0, 99
88, 99, 83, 0, 99
88, 99, 83, 0, 99
88, 99, 83, 0, 99
88, 99, 83, 0, 99
88, 99, 83, 0, 99
88, 99, 83, 0, 99
88, 99, 83, 0, 99
88, 99, 83, 0, 99
88, 99, 83, 0, 99
88, 99, 83, 0, 99
88, 99, 83, 0, 99
88, 99, 83, 0, 99
88, 99, 83, 0, 100
88, 99, 83, 0, 99
88, 99, 83, 0, 99
88, 99, 83, 0, 99
88, 99, 83, 0, 99
88, 99, 83, 0, 99
88, 99, 83, 0, 99
88, 99, 83, 0, 99
88, 99, 83, 0, 99
88, 99, 83, 0, 99
88, 99, 83, 0, 99
88, 99, 83, 0, 99
88, 99, 83, 0, 99
88, 99, 83, 0, 99
88, 99, 83, 0, 99
88, 99, 83, 0, 99
88, 99, 83, 0, 99
88, 99, 83, 0, 99
88, 99, 83, 0, 99
88, 99, 83, 0, 99
88, 99, 83, 0, 100
88, 99, 83, 0, 100
88, 99, 83, 0, 99
88, 99, 83, 0, 99
88, 99, 83, 0, 99
88, 99, 83, 0, 99
87, 99, 83, 0, 99
88, 99, 83, 0, 99
88, 99, 83, 0, 99
87, 99, 83, 0, 99
87, 99, 83, 0, 99
87, 99, 83, 0, 99
87, 99, 83, 0, 99
87, 99, 83, 0, 99
87, 99, 83, 0, 99
87, 99, 83, 0, 99
87, 99, 83, 0, 99
87, 99, 83, 0, 99
87, 99, 83, 0, 99
87, 99, 83, 0, 99
87, 99, 82, 0, 99
87, 99, 82, 0, 99
87, 99, 82, 0, 99
87, 99, 83, 0, 99
87, 99, 82, 0, 99
87, 99, 83, 0, 99
87, 99, 82, 0, 100
87, 99, 83, 0, 99
87, 99, 82, 0, 99
87, 99, 83, 0, 99
87, 99, 82, 0, 99
87, 99, 82, 0, 99
87, 99, 82, 0, 99
87, 99, 82, 0, 99
87, 99, 83, 0, 99
87, 99, 82, 0, 99
87, 99, 83, 0, 99
87, 99, 83, 0, 99
87, 99, 83, 0, 99
87, 99, 83, 0, 99
87, 99, 83, 0, 99
87, 99, 83, 0, 99
87, 99, 83, 0, 99
87, 99, 83, 0, 99
87, 99, 83, 0, 99
87, 99, 83, 0, 99
87, 99, 83, 0, 99
87, 99, 83, 0, 99
87, 99, 83, 0, 99
87, 99, 83, 0, 99
87, 99, 83, 0, 99
87, 99, 83, 0, 99
87, 99, 83, 0, 99
88, 99, 83, 0, 99
88, 99, 83, 0, 99
88, 99, 83, 0, 99
88, 99, 83, 0, 99
88, 99, 83, 0, 99
88, 99, 83, 0, 99
88, 99, 83, 0, 100
88, 99, 83, 0, 99
88, 99, 83, 0, 99
88, 99, 83, 0, 99
88, 99, 83, 0, 99
