6, 99, 73, 1, 91
6, 99, 73, 0, 92
6, 99, 73, 1, 91
6, 99, 73, 0, 91
6, 99, 73, 0, 91
6, 99, 73, 0, 91
6, 99, 73, 1, 91
6, 99, 73, 1, 91
6, 99, 73, 1, 91
6, 99, 73, 1, 91
6, 99, 73, 0, 91
6, 99, 73, 1, 91
6, 99, 73, 1, 91
6, 99, 73, 1, 91
6, 99, 73, 1, 92
6, 99, 73, 0, 91
6, 99, 73, 0, 91
6, 99, 73, 1, 91
6, 99, 73, 1, 91
6, 99, 73, 1, 91
6, 99, 73, 1, 91
6, 99, 73, 1, 91
6, 99, 73, 1, 91
6, 99, 73, 1, 91
6, 99, 73, 0, 92
6, 99, 73, 0, 92
6, 99, 73, 0, 91
6, 99, 73, 1, 91
6, 99, 73, 1, 91
6, 99, 73, 1, 91
6, 99, 73, 1, 91
6, 99, 73, 1, 92
6, 99, 73, 1, 91
6, 99, 73, 0, 91
6, 99, 73, 0, 91
6, 99, 73, 1, 91
6, 99, 73, 1, 91
6, 99, 73, 1, 91
6, 99, 73, 1, 91
6, 99, 73, 0, 92
6, 99, 73, 1, 91
6, 99, 73, 1, 92
6, 99, 73, 1, 91
6, 99, 73, 1, 92
6, 99, 73, 1, 91
6, 99, 73, 1, 91
6, 99, 73, 0, 91
6, 99, 73, 1, 91
6, 99, 73, 1, 91
6, 99, 73, 1, 91
6, 99, 73, 1, 92
6, 99, 73, 1, 92
6, 99, 73, 1, 91
6, 99, 73, 1, 91
6, 99, 73, 1, 91
6, 99, 73, 1, 92
6, 99, 73, 1, 91
6, 99, 73, 1, 91
6, 99, 73, 1, 91
6, 99, 73, 1, 91
6, 99, 73, 1, 91
6, 99, 73, 1, 91
6, 99, 73, 1, 91
6, 99, 73, 0, 91
6, 99, 73, 1, 92
6, 99, 73, 0, 91
6, 99, 73, 0, 92
6, 99, 73, 1, 91
6, 99, 73, 1, 92
6, 99, 73, 1, 91
6, 99, 73, 1, 91
6, 99, 73, 1, 91
6, 99, 73, 1, 91
6, 99, 73, 1, 92
6, 99, 73, 1, 92
6, 99, 73, 1, 91
6, 99, 73, 1, 91
6, 99, 73, 1, 91
6, 99, 73, 1, 91
6, 99, 73, 0, 91
6, 99, 73, 1, 92
6, 99, 73, 1, 91
6, 99, 73, 0, 91
6, 99, 73, 1, 91
6, 99, 73, 0, 92
6, 99, 73, 1, 92
6, 99, 73, 1, 92
6, 99, 73, 1, 91
6, 99, 73, 1, 91
6, 99, 73, 1, 92
6, 99, 73, 0, 91
6, 99, 73, 1, 91
6, 99, 73, 1, 91
6, 99, 73, 1, 91
6, 99, 73, 1, 92
6, 99, 73, 1, 91
6, 99, 73, 1, 91
6, 99, 73, 1, 91
6, 99, 73, 1, 92
6, 99, 73, 1, 92
6, 99, 73, 0, 92
6, 99, 73, 0, 92
6, 99, 73, 1, 91
6, 99, 73, 0, 92
6, 99, 73, 0, 91
6, 99, 73, 1, 91
6, 99, 73, 0, 92
6, 99, 73, 1, 92
6, 99, 73, 1, 92
6, 99, 73, 0, 92
6, 99, 73, 0, 91
6, 99, 73, 0, 91
6, 99, 73, 0, 91
6, 99, 73, 1, 91
6, 99, 73, 1, 91
6, 99, 73, 1, 91
6, 99, 73, 1, 91
6, 99, 73, 1, 91
6, 99, 73, 0, 91
6, 99, 73, 0, 92
6, 99, 73, 0, 92
6, 99, 73, 1, 91
6, 99, 73, 1, 91
6, 99, 73, 0, 91
6, 99, 73, 1, 91
6, 99, 73, 1, 91
6, 99, 73, 1, 92
6, 99, 73, 1, 91
6, 99, 73, 1, 91
6, 99, 73, 1, 92
6, 99, 73, 1, 91
6, 99, 73, 1, 91
6, 99, 73, 1, 91
6, 99, 73, 1, 92
6, 99, 73, 1, 92
6, 99, 73, 1, 91
6, 99, 73, 0, 91
6, 99, 73, 0, 92
6, 99, 73, 1, 92
6, 99, 73, 0, 92
6, 99, 73, 1, 91
6, 99, 73, 1, 91
6, 99, 73, 1, 91
6, 99, 73, 1, 91
6, 99, 73, 1, 91
6, 99, 73, 1, 91
6, 99, 73, 1, 91
6, 99, 73, 1, 91
6, 99, 73, 1, 91
6, 99, 73, 1, 91
6, 99, 73, 1, 91
6, 99, 73, 0, 92
6, 99, 73, 1, 91
6, 99, 73, 0, 92
6, 99, 73, 1, 91
6, 99, 73, 0, 91
6, 99, 73, 0, 91
6, 99, 73, 1, 91
6, 99, 73, 1, 91
6, 99, 73, 1, 91
6, 99, 73, 1, 91
6, 99, 73, 0, 91
6, 99, 73, 1, 91
6, 99, 73, 1, 91
6, 99, 73, 1, 92
6, 99, 73, 0, 92
6, 99, 73, 1, 91
6, 99, 73, 1, 91
6, 99, 73, 1, 91
6, 99, 73, 1, 91
6, 99, 73, 1, 91
6, 99, 73, 0, 91
6, 99, 73, 1, 91
6, 99, 73, 0, 91
6, 99, 73, 1, 91
6, 99, 73, 1, 91
6, 99, 73, 0, 91
6, 99, 73, 1, 91
6, 99, 73, 1, 91
6, 99, 73, 1, 91
6, 99, 73, 1, 91
6, 99, 73, 1, 92
6, 99, 73, 1, 92
6, 99, 73, 1, 91
6, 99, 73, 1, 91
6, 99, 73, 1, 91
6, 99, 73, 1, 91
6, 99, 73, 1, 91
6, 99, 73, 0, 92
6, 99, 73, 0, 91
6, 99, 73, 0, 91
6, 99, 73, 0, 91
6, 99, 73, 0, 91
6, 99, 73, 0, 91
6, 99, 73, 1, 92
6, 99, 73, 1, 91
6, 99, 73, 1, 91
6, 99, 73, 1, 91
6, 99, 73, 1, 91
6, 99, 73, 1, 91
6, 99, 73, 1, 91
6, 99, 73, 0, 91
6, 99, 73, 1, 92
6, 99, 73, 1, 91
6, 99, 73, 0, 91
6, 99, 73, 0, 91
6, 99, 73, 0, 91
6, 99, 73, 1, 91
6, 99, 73, 0, 92
6, 99, 73, 1, 91
6, 99, 73, 0, 91
6, 99, 73, 1, 91
6, 99, 73, 1, 91
6, 99, 73, 1, 92
6, 99, 73, 1, 91
6, 99, 73, 1, 92
6, 99, 73, 0, 91
6, 99, 73, 1, 91
6, 99, 73, 1, 91
6, 99, 73, 1, 91
6, 99, 73, 1, 92
6, 99, 73, 1, 91
6, 99, 73, 0, 91
6, 99, 73, 1, 92
6, 99, 73, 0, 92
6, 99, 73, 0, 91
6, 99, 73, 1, 92
6, 99, 73, 1, 92
6, 99, 73, 1, 91
6, 99, 73, 0, 91
6, 99, 73, 0, 91
6, 99, 73, 1, 92
6, 99, 73, 0, 91
6, 99, 73, 1, 91
6, 99, 73, 0, 91
6, 99, 73, 0, 91
6, 99, 73, 1, 92
6, 99, 73, 1, 92
6, 99, 73, 1, 91
6, 99, 73, 1, 91
6, 99, 73, 1, 91
6, 99, 73, 1, 91
6, 99, 73, 0, 92
6, 99, 73, 0, 91
6, 99, 73, 0, 92
6, 99, 73, 0, 92
6, 99, 73, 0, 92
6, 99, 73, 0, 92
6, 99, 73, 1, 92
6, 99, 73, 1, 92
6, 99, 73, 1, 92
6, 99, 73, 1, 92
6, 99, 73, 1, 92
6, 99, 73, 1, 92
6, 99, 73, 0, 92
6, 99, 73, 0, 92
6, 99, 73, 0, 92
6, 99, 73, 1, 92
6, 99, 73, 1, 92
6, 99, 73, 0, 92
6, 99, 73, 0, 92
6, 99, 73, 1, 92
6, 99, 73, 1, 92
6, 99, 73, 1, 92
6, 99, 73, 0, 92
6, 99, 73, 1, 92
6, 99, 73, 1, 92
6, 99, 73, 0, 91
6, 99, 73, 1, 92
6, 99, 73, 1, 92
6, 99, 73, 0, 92
6, 99, 73, 1, 91
6, 99, 73, 1, 92
6, 99, 73, 1, 92
6, 99, 73, 0, 92
6, 99, 73, 0, 91
6, 99, 73, 1, 92
6, 99, 73, 1, 92
6, 99, 73, 1, 92
6, 99, 73, 1, 92
6, 99, 73, 0, 91
6, 99, 73, 0, 91
6, 99, 73, 1, 92
6, 99, 73, 1, 92
6, 99, 73, 1, 91
6, 99, 73, 1, 92
6, 99, 73, 1, 92
6, 99, 73, 1, 92
6, 99, 73, 0, 92
6, 99, 73, 1, 92
6, 99, 73, 1, 91
6, 99, 73, 1, 92
6, 99, 73, 1, 92
6, 99, 73, 1, 92
6, 99, 73, 1, 92
6, 99, 73, 0, 92
6, 99, 73, 1, 92
6, 99, 73, 1, 92
6, 99, 73, 1, 92
6, 99, 73, 0, 92
6, 99, 73, 0, 92
6, 99, 73, 0, 92
6, 99, 73, 0, 92
6, 99, 73, 0, 92
6, 99, 73, 1, 92
6, 99, 73, 1, 91
6, 99, 73, 0, 91
6, 99, 73, 0, 92
6, 99, 73, 1, 92
5, 99, 73, 0, 91
2, 99, 73, 1, 92
2, 99, 73, 1, 92
2, 99, 73, 1, 92
2, 99, 73, 1, 92
2, 99, 73, 1, 92
2, 99, 73, 1, 92
2, 99, 73, 0, 91
2, 99, 73, 1, 92
2, 99, 73, 0, 92
2, 99, 74, 1, 91
2, 99, 73, 1, 92
2, 99, 73, 0, 92
2, 99, 74, 1, 92
2, 99, 74, 1, 92
2, 99, 74, 0, 92
2, 99, 74, 0, 92
2, 99, 74, 0, 92
2, 99, 74, 0, 92
2, 99, 74, 0, 92
2, 99, 74, 0, 92
2, 99, 74, 0, 92
2, 99, 74, 0, 92
2, 99, 74, 0, 92
2, 99, 74, 0, 92
2, 99, 74, 0, 92
2, 99, 74, 0, 92
2, 99, 74, 0, 92
2, 99, 74, 0, 92
2, 99, 74, 0, 92
2, 99, 74, 0, 92
2, 99, 74, 0, 92
2, 99, 74, 0, 92
2, 99, 74, 0, 92
2, 99, 74, 0, 92
2, 99, 74, 0, 92
2, 99, 74, 0, 91
2, 99, 74, 0, 92
2, 99, 74, 0, 92
2, 99, 74, 0, 92
2, 99, 74, 0, 92
2, 99, 74, 0, 92
2, 99, 74, 0, 92
2, 99, 74, 0, 92
2, 99, 74, 0, 92
2, 99, 74, 0, 92
2, 99, 74, 0, 92
2, 99, 74, 0, 92
2, 99, 74, 0, 92
2, 99, 74, 0, 92
2, 99, 74, 0, 92
2, 99, 74, 0, 92
2, 99, 74, 0, 92
2, 99, 74, 0, 92
2, 99, 74, 0, 92
2, 99, 74, 0, 92
2, 99, 74, 0, 92
2, 99, 74, 0, 92
2, 99, 74, 0, 92
2, 99, 74, 0, 92
2, 99, 74, 0, 92
2, 99, 74, 0, 92
2, 99, 74, 0, 92
2, 99, 74, 0, 92
2, 99, 74, 0, 92
2, 99, 74, 0, 92
2, 99, 74, 0, 92
2, 99, 74, 0, 92
2, 99, 74, 0, 92
2, 99, 74, 0, 92
2, 99, 74, 0, 92
2, 99, 74, 0, 92
2, 99, 74, 0, 92
2, 99, 74, 0, 92
2, 99, 74, 0, 92
2, 99, 74, 0, 92
2, 99, 74, 0, 92
2, 99, 74, 0, 92
2, 99, 74, 0, 92
2, 99, 74, 0, 92
2, 99, 74, 0, 92
2, 99, 74, 0, 92
2, 99, 74, 0, 92
2, 99, 74, 0, 91
2, 99, 74, 0, 92
2, 99, 74, 0, 92
2, 99, 74, 0, 92
2, 99, 74, 0, 92
2, 99, 74, 0, 92
2, 99, 74, 0, 92
2, 99, 74, 0, 92
2, 99, 74, 0, 92
2, 99, 74, 0, 92
2, 99, 74, 0, 91
2, 99, 74, 0, 92
2, 99, 74, 0, 92
2, 99, 74, 0, 92
2, 99, 74, 0, 91
2, 99, 74, 0, 92
2, 99, 74, 0, 91
2, 99, 74, 0, 92
2, 99, 73, 0, 91
2, 99, 74, 0, 92
2, 99, 74, 0, 91
2, 99, 74, 0, 92
2, 99, 74, 0, 91
2, 99, 74, 0, 92
2, 99, 74, 0, 91
2, 99, 73, 0, 91
2, 99, 74, 0, 91
2, 99, 74, 0, 91
2, 99, 74, 0, 91
2, 99, 74, 0, 91
2, 99, 74, 0, 91
2, 99, 74, 0, 91
2, 99, 74, 0, 91
2, 99, 74, 0, 91
2, 99, 74, 0, 91
2, 99, 74, 0, 91
2, 99, 74, 0, 91
2, 99, 74, 0, 91
2, 99, 74, 0, 91
2, 99, 74, 0, 91
2, 99, 74, 0, 91
2, 99, 74, 0, 91
2, 99, 74, 0, 91
2, 99, 74, 0, 91
2, 99, 74, 0, 91
2, 99, 74, 0, 91
2, 99, 74, 0, 91
2, 99, 74, 0, 90
2, 99, 74, 0, 90
2, 99, 74, 0, 90
2, 99, 74, 0, 90
2, 99, 74, 0, 90
2, 99, 74, 0, 90
2, 99, 74, 0, 90
2, 99, 74, 0, 89
2, 99, 74, 0, 89
2, 99, 74, 0, 88
2, 99, 74, 0, 88
2, 99, 74, 0, 88
2, 99, 75, 0, 77
2, 99, 75, 0, 81
2, 99, 75, 0, 66
2, 99, 75, 0, 59
2, 99, 75, 0, 55
2, 99, 75, 0, 55
2, 99, 75, 0, 64
2, 99, 75, 0, 67
2, 99, 75, 0, 76
2, 99, 75, 0, 77
2, 99, 75, 0, 84
2, 99, 75, 0, 84
2, 99, 75, 0, 85
2, 99, 75, 0, 85
2, 99, 75, 0, 86
2, 99, 75, 0, 86
2, 99, 74, 0, 86
2, 99, 74, 0, 85
2, 99, 75, 0, 84
2, 99, 75, 0, 84
2, 99, 75, 0, 84
2, 99, 75, 0, 84
2, 99, 75, 0, 73
2, 99, 75, 0, 0
2, 99, 75, 0, 0
2, 99, 75, 0, 0
2, 99, 75, 0, 0
2, 99, 75, 0, 0
2, 99, 75, 0, 0
2, 99, 75, 0, 0
2, 99, 75, 0, 0
2, 99, 75, 0, 0
2, 99, 75, 0, 0
2, 99, 75, 0, 0
2, 99, 75, 0, 0
2, 99, 75, 0, 0
2, 99, 75, 0, 0
2, 99, 75, 0, 0
2, 99, 75, 0, 0
2, 99, 75, 0, 0
2, 99, 75, 0, 0
2, 99, 75, 0, 0
2, 99, 75, 0, 0
2, 99, 75, 0, 0
2, 99, 75, 0, 0
2, 99, 75, 0, 0
2, 99, 75, 0, 0
2, 99, 75, 0, 0
2, 99, 75, 0, 0
2, 99, 75, 0, 0
2, 99, 75, 0, 0
2, 99, 75, 0, 0
2, 99, 75, 0, 0
2, 99, 75, 0, 0
2, 99, 75, 0, 0
2, 99, 75, 0, 0
2, 99, 75, 0, 0
2, 99, 75, 0, 0
2, 99, 75, 0, 0
2, 99, 75, 0, 0
2, 99, 75, 0, 0
2, 99, 75, 0, 0
2, 99, 75, 0, 0
2, 99, 75, 0, 0
2, 99, 75, 0, 0
2, 99, 75, 0, 0
2, 99, 75, 0, 0
2, 99, 75, 0, 0
2, 99, 75, 0, 0
2, 99, 75, 0, 0
2, 99, 75, 0, 0
2, 99, 75, 0, 0
2, 99, 75, 0, 0
2, 99, 75, 0, 0
2, 99, 75, 0, 0
2, 99, 75, 0, 0
2, 99, 75, 0, 0
2, 99, 75, 0, 0
2, 99, 75, 0, 0
2, 99, 75, 0, 0
2, 99, 75, 0, 0
2, 99, 75, 0, 0
2, 99, 75, 0, 0
2, 99, 75, 0, 0
2, 99, 75, 0, 0
2, 99, 75, 0, 0
2, 99, 75, 0, 0
2, 99, 75, 0, 0
2, 99, 75, 0, 0
2, 99, 75, 0, 0
2, 99, 75, 0, 0
2, 99, 75, 0, 0
2, 99, 75, 0, 0
2, 99, 75, 0, 0
2, 99, 75, 0, 0
2, 99, 75, 0, 0
2, 99, 75, 0, 0
2, 99, 75, 0, 0
2, 99, 75, 0, 0
2, 99, 75, 0, 0
2, 99, 75, 0, 0
2, 99, 75, 0, 0
2, 99, 75, 0, 0
2, 99, 75, 0, 0
2, 99, 75, 0, 0
2, 99, 75, 0, 0
2, 99, 75, 0, 0
2, 99, 75, 0, 0
2, 99, 75, 0, 0
2, 99, 75, 0, 0
2, 99, 75, 0, 0
2, 99, 75, 0, 0
2, 99, 75, 0, 0
2, 99, 75, 0, 0
2, 99, 75, 0, 0
2, 99, 75, 0, 0
2, 99, 75, 0, 0
2, 99, 75, 0, 0
2, 99, 75, 0, 0
2, 99, 75, 0, 0
2, 99, 75, 0, 0
2, 99, 75, 0, 0
2, 99, 75, 0, 0
2, 99, 75, 0, 0
2, 99, 75, 0, 0
2, 99, 75, 0, 0
2, 99, 75, 0, 0
2, 99, 75, 0, 0
2, 99, 75, 0, 0
2, 99, 75, 1, 0
2, 99, 75, 0, 0
2, 99, 75, 0, 0
2, 99, 75, 0, 0
2, 99, 75, 0, 0
2, 99, 75, 0, 0
2, 99, 75, 0, 0
2, 99, 74, 0, 0
2, 99, 74, 0, 0
2, 99, 74, 0, 0
2, 99, 74, 0, 0
2, 99, 74, 0, 0
2, 99, 74, 0, 0
2, 99, 74, 0, 0
2, 99, 74, 0, 0
2, 99, 74, 0, 0
2, 99, 74, 0, 0
2, 99, 74, 0, 0
2, 99, 74, 0, 0
2, 99, 74, 0, 0
2, 99, 74, 0, 0
2, 99, 74, 0, 0
2, 99, 74, 0, 0
2, 99, 74, 0, 0
2, 99, 74, 0, 0
2, 99, 74, 0, 0
2, 99, 74, 0, 0
2, 99, 74, 0, 0
2, 99, 74, 0, 0
2, 99, 74, 0, 0
2, 99, 74, 0, 0
2, 99, 74, 0, 0
2, 99, 74, 0, 0
2, 99, 74, 0, 0
2, 99, 74, 0, 0
2, 99, 74, 0, 0
2, 99, 74, 0, 0
2, 99, 74, 0, 0
2, 99, 74, 0, 0
2, 99, 74, 0, 0
2, 99, 74, 0, 0
2, 99, 74, 0, 0
2, 99, 74, 0, 0
2, 99, 74, 0, 0
2, 99, 74, 0, 0
2, 99, 74, 0, 0
2, 99, 75, 0, 0
2, 99, 75, 0, 0
2, 99, 75, 0, 0
2, 99, 75, 0, 0
2, 99, 75, 0, 0
2, 99, 75, 0, 0
2, 99, 75, 0, 0
2, 99, 75, 0, 0
2, 99, 75, 0, 0
2, 99, 75, 0, 0
2, 99, 75, 0, 0
2, 99, 75, 0, 0
2, 99, 75, 0, 0
2, 99, 75, 0, 0
2, 99, 75, 0, 0
2, 99, 75, 0, 0
2, 99, 75, 0, 0
2, 99, 75, 0, 0
2, 99, 75, 0, 0
2, 99, 75, 0, 0
2, 99, 75, 0, 0
2, 99, 75, 0, 0
2, 99, 75, 0, 0
2, 99, 75, 0, 0
2, 99, 75, 0, 0
2, 99, 75, 0, 0
2, 99, 75, 0, 0
2, 99, 75, 0, 0
2, 99, 75, 0, 0
2, 99, 75, 0, 0
2, 99, 75, 0, 0
2, 99, 75, 0, 0
2, 99, 75, 0, 0
2, 99, 75, 0, 0
2, 99, 75, 0, 0
2, 99, 75, 0, 0
2, 99, 75, 0, 0
2, 99, 75, 0, 0
2, 99, 75, 0, 0
2, 99, 75, 0, 0
2, 99, 75, 0, 0
2, 99, 74, 0, 0
2, 99, 74, 0, 0
2, 99, 74, 0, 0
2, 99, 74, 0, 0
2, 99, 74, 0, 0
2, 99, 74, 0, 0
2, 99, 74, 0, 0
2, 99, 74, 0, 0
2, 99, 74, 0, 0
2, 99, 74, 0, 0
2, 99, 74, 0, 0
2, 99, 74, 0, 0
2, 99, 74, 0, 0
2, 99, 74, 0, 0
2, 99, 73, 0, 0
2, 99, 73, 0, 0
2, 99, 73, 0, 0
2, 99, 73, 0, 0
2, 99, 73, 0, 74
2, 99, 73, 0, 74
2, 99, 73, 0, 76
2, 99, 73, 0, 81
2, 99, 73, 0, 87
2, 99, 73, 0, 88
2, 99, 73, 0, 89
2, 99, 73, 0, 90
2, 99, 73, 0, 90
2, 99, 73, 0, 90
2, 99, 73, 0, 90
2, 99, 73, 0, 91
2, 99, 73, 0, 91
2, 99, 73, 0, 91
2, 99, 73, 0, 91
2, 99, 73, 0, 91
2, 99, 73, 0, 91
2, 99, 73, 0, 91
2, 99, 73, 0, 91
2, 99, 73, 0, 91
2, 99, 73, 0, 91
2, 99, 73, 0, 91
2, 99, 73, 0, 91
2, 99, 73, 0, 91
2, 99, 73, 0, 91
2, 99, 73, 0, 91
2, 99, 73, 0, 91
2, 99, 73, 0, 91
2, 99, 74, 0, 91
2, 99, 74, 0, 91
2, 99, 74, 0, 91
2, 99, 74, 0, 91
2, 99, 73, 0, 91
2, 99, 73, 0, 91
2, 99, 73, 0, 91
2, 99, 73, 0, 91
2, 99, 73, 0, 91
2, 99, 73, 0, 91
2, 99, 73, 0, 90
2, 99, 73, 0, 90
2, 99, 73, 0, 90
2, 99, 73, 0, 90
2, 99, 73, 0, 90
2, 99, 73, 0, 86
2, 99, 73, 0, 86
2, 99, 73, 0, 85
2, 99, 73, 0, 0
2, 99, 73, 0, 0
2, 100, 73, 0, 0
2, 99, 73, 0, 0
2, 99, 73, 0, 0
2, 99, 73, 0, 0
2, 99, 74, 0, 0
2, 99, 74, 0, 0
2, 99, 74, 0, 0
2, 99, 74, 0, 0
2, 99, 74, 0, 0
2, 99, 74, 0, 0
2, 99, 74, 0, 0
2, 99, 74, 0, 0
2, 99, 74, 0, 0
2, 99, 74, 0, 0
2, 99, 74, 0, 0
2, 99, 74, 0, 0
2, 99, 74, 0, 0
2, 99, 74, 0, 0
2, 99, 74, 0, 0
2, 99, 74, 0, 0
2, 99, 74, 0, 0
2, 99, 74, 0, 0
2, 99, 74, 0, 0
2, 99, 74, 0, 0
2, 99, 74, 0, 0
2, 99, 74, 0, 0
2, 99, 74, 0, 0
2, 99, 74, 0, 0
2, 99, 74, 0, 0
2, 99, 75, 0, 0
2, 99, 75, 0, 0
2, 99, 75, 0, 0
2, 99, 75, 0, 0
2, 99, 75, 0, 0
2, 99, 75, 0, 0
2, 99, 75, 0, 0
2, 99, 75, 0, 0
2, 99, 75, 0, 0
2, 99, 75, 0, 0
2, 99, 75, 0, 0
2, 99, 75, 0, 0
2, 99, 75, 0, 0
2, 99, 75, 0, 0
2, 99, 75, 0, 0
2, 99, 75, 0, 0
2, 99, 75, 0, 0
2, 99, 75, 0, 0
2, 99, 75, 0, 0
2, 99, 75, 0, 0
2, 99, 75, 0, 0
2, 99, 75, 0, 0
2, 99, 75, 0, 0
2, 99, 75, 0, 0
2, 99, 75, 0, 0
2, 99, 75, 0, 0
2, 99, 75, 0, 0
2, 99, 75, 0, 0
2, 99, 75, 0, 0
2, 99, 75, 0, 0
2, 99, 75, 0, 0
2, 99, 75, 0, 0
2, 99, 75, 0, 0
2, 99, 75, 0, 0
2, 99, 75, 0, 0
2, 99, 75, 0, 0
2, 99, 75, 0, 0
2, 99, 75, 0, 0
2, 99, 75, 0, 0
2, 99, 75, 0, 0
2, 99, 75, 0, 0
2, 99, 75, 0, 0
2, 99, 75, 0, 0
2, 99, 75, 0, 0
2, 99, 75, 0, 0
2, 99, 75, 0, 0
2, 99, 75, 0, 0
2, 99, 75, 0, 0
2, 99, 75, 0, 0
2, 99, 75, 0, 0
2, 99, 75, 0, 0
2, 99, 75, 0, 0
2, 99, 75, 0, 0
2, 99, 75, 0, 0
2, 99, 75, 0, 0
2, 99, 75, 0, 0
2, 99, 75, 0, 0
2, 99, 75, 0, 0
2, 99, 75, 0, 0
2, 99, 75, 0, 0
2, 99, 75, 0, 0
2, 99, 75, 0, 0
2, 99, 75, 0, 0
2, 99, 75, 0, 0
2, 99, 75, 0, 0
2, 99, 75, 0, 0
2, 99, 75, 0, 0
2, 99, 75, 0, 0
2, 99, 75, 0, 0
2, 99, 75, 0, 0
2, 99, 75, 0, 0
2, 99, 75, 0, 0
2, 99, 75, 0, 0
2, 99, 75, 0, 0
2, 99, 75, 0, 0
2, 99, 75, 0, 0
2, 99, 75, 0, 0
2, 99, 75, 0, 0
2, 99, 75, 0, 0
2, 99, 75, 0, 0
2, 99, 75, 0, 0
2, 99, 75, 0, 0
2, 99, 75, 0, 0
2, 99, 75, 0, 0
2, 99, 75, 0, 0
2, 99, 75, 0, 0
2, 99, 75, 0, 0
2, 99, 75, 0, 0
2, 99, 75, 0, 0
2, 99, 75, 0, 0
2, 99, 75, 0, 0
2, 99, 75, 0, 0
2, 99, 75, 0, 0
2, 99, 75, 0, 0
2, 99, 75, 0, 0
2, 99, 75, 0, 0
2, 99, 75, 0, 0
2, 99, 75, 0, 0
2, 99, 75, 0, 0
2, 99, 75, 0, 0
2, 99, 75, 0, 0
2, 99, 75, 0, 0
2, 99, 75, 0, 0
2, 99, 75, 0, 0
2, 99, 75, 0, 0
2, 99, 75, 0, 0
2, 99, 75, 0, 0
2, 99, 75, 0, 0
2, 99, 75, 0, 0
2, 99, 75, 0, 0
2, 99, 75, 0, 0
2, 99, 75, 0, 0
2, 99, 74, 0, 0
2, 99, 74, 0, 0
2, 99, 74, 0, 0
2, 99, 74, 0, 0
2, 99, 74, 0, 0
2, 99, 74, 1, 0
2, 99, 74, 1, 0
2, 99, 74, 0, 0
2, 99, 74, 0, 0
2, 99, 74, 1, 0
2, 99, 74, 1, 0
2, 99, 74, 0, 0
2, 99, 74, 1, 0
2, 99, 74, 0, 0
2, 99, 74, 0, 0
2, 99, 74, 0, 0
2, 99, 74, 1, 0
2, 99, 74, 1, 0
2, 99, 74, 0, 0
2, 99, 74, 0, 0
2, 99, 74, 0, 0
2, 99, 74, 1, 0
2, 99, 74, 1, 0
2, 99, 74, 0, 75
2, 99, 74, 0, 81
2, 99, 73, 0, 88
2, 99, 73, 1, 89
2, 99, 73, 0, 89
2, 99, 73, 1, 90
2, 99, 73, 1, 90
2, 99, 73, 0, 90
2, 99, 73, 0, 90
2, 99, 73, 1, 90
2, 99, 74, 1, 89
2, 99, 74, 0, 87
2, 99, 74, 0, 87
2, 99, 74, 0, 0
2, 99, 74, 1, 0
2, 99, 74, 0, 0
2, 99, 74, 0, 0
2, 99, 74, 0, 0
2, 99, 74, 0, 0
2, 99, 74, 0, 65
2, 99, 74, 0, 66
2, 99, 73, 0, 81
2, 99, 73, 0, 81
2, 99, 73, 1, 81
2, 99, 73, 0, 61
2, 99, 73, 0, 0
2, 99, 73, 0, 0
2, 99, 73, 0, 0
2, 99, 74, 0, 0
2, 99, 74, 0, 0
2, 99, 74, 0, 0
2, 99, 74, 0, 0
2, 99, 74, 0, 0
2, 99, 74, 0, 0
2, 99, 74, 0, 0
2, 99, 74, 0, 0
2, 99, 74, 0, 0
2, 99, 73, 0, 0
2, 99, 73, 0, 0
2, 99, 73, 0, 0
2, 99, 73, 0, 85
2, 99, 73, 0, 88
2, 99, 73, 0, 90
2, 99, 73, 0, 90
2, 99, 73, 0, 90
2, 99, 73, 0, 90
2, 99, 73, 0, 90
2, 99, 73, 0, 90
2, 99, 73, 0, 90
2, 99, 73, 0, 90
2, 99, 73, 0, 90
2, 99, 73, 0, 90
2, 99, 73, 0, 90
2, 99, 73, 0, 90
2, 99, 73, 0, 90
2, 99, 73, 0, 91
2, 99, 73, 0, 91
2, 99, 73, 0, 91
2, 99, 73, 0, 91
2, 99, 73, 0, 91
2, 99, 73, 0, 91
2, 99, 73, 0, 91
2, 99, 73, 0, 91
2, 99, 73, 0, 91
2, 99, 73, 0, 91
2, 99, 73, 0, 91
2, 99, 73, 0, 91
2, 99, 73, 0, 91
2, 99, 73, 0, 91
2, 99, 73, 0, 91
2, 99, 73, 0, 91
2, 99, 73, 0, 91
2, 99, 73, 0, 91
2, 99, 73, 0, 91
2, 99, 73, 1, 91
2, 99, 73, 0, 91
2, 99, 73, 0, 91
2, 99, 73, 0, 91
2, 99, 73, 0, 91
2, 99, 73, 0, 91
2, 99, 73, 0, 91
2, 99, 73, 0, 91
2, 99, 73, 0, 91
2, 99, 73, 0, 91
2, 99, 73, 0, 91
2, 99, 73, 0, 91
2, 99, 73, 0, 90
2, 99, 73, 0, 90
2, 99, 73, 1, 88
2, 99, 73, 0, 0
2, 99, 73, 0, 0
2, 99, 73, 0, 0
2, 99, 73, 0, 0
2, 99, 73, 0, 0
2, 99, 73, 0, 0
2, 99, 73, 0, 0
2, 99, 73, 0, 0
2, 99, 73, 0, 0
2, 99, 73, 0, 0
2, 99, 73, 0, 0
2, 99, 73, 0, 0
2, 99, 73, 0, 0
2, 99, 74, 0, 0
2, 99, 73, 0, 0
2, 99, 73, 0, 0
2, 99, 73, 0, 0
2, 99, 74, 0, 0
2, 99, 74, 0, 0
2, 99, 74, 0, 0
2, 99, 74, 0, 0
2, 99, 74, 0, 0
2, 99, 73, 0, 0
2, 99, 74, 0, 0
2, 99, 74, 0, 0
2, 99, 73, 0, 0
2, 99, 73, 0, 0
2, 99, 73, 0, 0
2, 99, 73, 0, 0
2, 99, 73, 0, 0
2, 99, 73, 0, 0
2, 99, 73, 0, 0
2, 99, 73, 0, 0
2, 99, 74, 0, 0
2, 99, 74, 0, 0
2, 99, 74, 0, 0
2, 99, 74, 0, 0
2, 99, 74, 0, 0
2, 99, 74, 0, 0
2, 99, 74, 0, 0
2, 99, 74, 0, 0
2, 99, 74, 1, 0
2, 99, 74, 0, 0
2, 99, 74, 0, 0
2, 99, 74, 0, 0
2, 99, 74, 0, 0
2, 99, 74, 1, 0
2, 99, 74, 0, 0
2, 99, 74, 1, 0
2, 99, 74, 0, 0
2, 99, 75, 0, 0
2, 99, 75, 0, 0
2, 99, 75, 0, 0
2, 99, 75, 0, 0
2, 99, 75, 0, 0
2, 99, 75, 0, 0
2, 99, 75, 0, 0
2, 99, 75, 0, 0
2, 99, 75, 0, 0
2, 99, 75, 0, 0
2, 99, 75, 0, 0
2, 99, 75, 0, 0
2, 99, 75, 0, 0
2, 99, 75, 0, 0
2, 100, 75, 0, 0
2, 99, 75, 0, 0
2, 99, 75, 0, 0
2, 99, 75, 0, 0
2, 99, 75, 0, 0
2, 99, 75, 0, 0
2, 99, 75, 0, 0
2, 99, 75, 0, 0
2, 99, 75, 0, 0
2, 99, 75, 0, 0
2, 99, 75, 0, 0
2, 99, 75, 0, 0
2, 99, 75, 0, 0
2, 99, 75, 0, 0
2, 99, 75, 0, 0
2, 99, 74, 0, 0
2, 99, 74, 0, 0
2, 99, 74, 0, 0
2, 99, 74, 0, 0
2, 99, 74, 0, 0
2, 99, 74, 0, 0
2, 99, 74, 0, 0
2, 99, 74, 0, 0
2, 99, 74, 0, 0
2, 99, 74, 0, 0
2, 99, 74, 0, 0
2, 99, 74, 0, 0
2, 99, 74, 0, 0
2, 99, 74, 0, 0
2, 99, 74, 0, 0
2, 99, 74, 0, 0
2, 99, 74, 0, 0
2, 99, 74, 0, 0
2, 99, 74, 0, 0
2, 99, 74, 0, 0
2, 99, 74, 0, 0
2, 99, 74, 0, 0
2, 99, 74, 0, 0
2, 99, 74, 0, 0
2, 99, 74, 0, 0
2, 99, 74, 0, 0
2, 99, 74, 0, 0
2, 99, 74, 0, 0
2, 99, 74, 0, 0
2, 99, 74, 0, 0
2, 99, 74, 0, 0
2, 99, 74, 0, 0
2, 99, 74, 0, 0
2, 99, 74, 0, 0
2, 99, 74, 0, 0
2, 99, 74, 0, 0
2, 99, 74, 0, 0
2, 99, 74, 0, 0
2, 99, 74, 0, 0
2, 99, 74, 0, 0
2, 99, 74, 0, 0
2, 99, 74, 0, 0
2, 99, 74, 0, 0
2, 99, 74, 0, 0
2, 99, 74, 0, 0
2, 99, 74, 0, 0
2, 99, 74, 0, 0
2, 99, 74, 0, 0
2, 99, 74, 0, 0
2, 99, 74, 0, 0
2, 99, 74, 0, 0
2, 99, 74, 0, 0
2, 99, 74, 0, 0
2, 99, 74, 0, 0
2, 99, 74, 1, 0
2, 99, 74, 1, 0
2, 99, 74, 0, 0
2, 99, 74, 0, 0
2, 99, 75, 0, 0
2, 99, 75, 0, 0
2, 99, 75, 0, 0
2, 99, 75, 0, 0
2, 99, 75, 0, 0
2, 99, 75, 0, 0
2, 99, 75, 0, 0
2, 99, 75, 0, 0
2, 99, 75, 0, 0
2, 99, 75, 0, 0
2, 99, 75, 0, 0
2, 99, 75, 0, 0
2, 99, 75, 0, 0
2, 99, 75, 0, 0
2, 99, 75, 0, 0
2, 99, 75, 0, 0
2, 99, 75, 0, 0
2, 99, 75, 0, 0
2, 99, 75, 0, 0
2, 99, 75, 0, 0
2, 99, 75, 0, 0
2, 99, 75, 0, 0
2, 99, 75, 0, 0
2, 99, 75, 0, 0
2, 99, 75, 0, 0
2, 99, 75, 0, 0
2, 99, 75, 0, 0
2, 99, 75, 0, 0
2, 99, 75, 0, 0
2, 99, 75, 0, 0
2, 99, 75, 0, 0
2, 99, 75, 0, 0
2, 99, 75, 0, 0
2, 99, 75, 0, 0
2, 99, 75, 0, 0
2, 99, 75, 0, 0
2, 99, 75, 0, 0
2, 99, 75, 0, 0
2, 99, 75, 0, 0
2, 99, 75, 0, 0
2, 99, 75, 0, 0
2, 99, 75, 0, 0
2, 99, 75, 0, 0
2, 99, 75, 0, 0
2, 99, 75, 0, 0
2, 99, 75, 0, 0
2, 99, 75, 0, 0
2, 99, 75, 0, 0
2, 99, 75, 0, 0
2, 99, 75, 0, 0
2, 99, 75, 0, 0
2, 99, 74, 0, 0
2, 99, 74, 0, 0
2, 99, 74, 0, 0
2, 99, 75, 0, 0
2, 99, 75, 0, 0
2, 99, 75, 0, 0
2, 99, 75, 0, 0
2, 99, 75, 0, 0
2, 99, 75, 0, 0
2, 99, 75, 0, 0
2, 99, 75, 0, 0
2, 99, 75, 0, 0
2, 99, 75, 0, 0
2, 99, 75, 0, 0
2, 99, 75, 0, 0
2, 99, 75, 0, 0
2, 99, 75, 0, 0
2, 99, 75, 0, 0
2, 99, 75, 0, 0
2, 99, 75, 0, 0
2, 99, 75, 0, 0
2, 99, 75, 0, 0
2, 99, 75, 0, 0
2, 99, 75, 0, 0
2, 99, 75, 0, 0
2, 99, 75, 0, 0
2, 99, 75, 0, 0
2, 99, 75, 0, 0
2, 99, 75, 0, 0
2, 99, 75, 0, 0
2, 99, 75, 0, 0
2, 99, 75, 0, 0
2, 99, 75, 0, 0
2, 99, 75, 0, 0
2, 99, 75, 0, 0
2, 99, 75, 0, 0
2, 99, 75, 0, 0
2, 99, 75, 0, 0
2, 99, 75, 0, 0
2, 99, 75, 0, 0
2, 99, 75, 0, 0
2, 99, 75, 0, 0
2, 99, 75, 0, 0
2, 99, 75, 0, 0
2, 99, 75, 0, 0
2, 99, 75, 0, 0
2, 99, 75, 0, 0
2, 99, 75, 0, 0
2, 99, 75, 0, 0
2, 99, 75, 0, 0
2, 99, 75, 0, 0
2, 99, 75, 0, 0
2, 99, 75, 0, 0
2, 99, 75, 0, 0
2, 99, 75, 0, 0
2, 99, 75, 0, 0
2, 99, 75, 0, 0
2, 99, 75, 0, 0
2, 99, 75, 0, 0
2, 99, 75, 0, 0
2, 99, 75, 0, 0
2, 99, 75, 0, 0
2, 99, 75, 0, 0
2, 99, 75, 0, 0
2, 99, 75, 0, 0
2, 99, 75, 0, 0
2, 99, 75, 0, 0
2, 99, 75, 0, 0
2, 99, 75, 0, 0
2, 99, 75, 0, 0
2, 99, 75, 0, 0
2, 99, 75, 0, 0
2, 99, 75, 0, 0
2, 99, 75, 0, 0
2, 99, 75, 0, 0
2, 99, 75, 0, 0
2, 99, 75, 0, 0
2, 99, 75, 0, 0
2, 99, 75, 0, 0
2, 99, 75, 0, 0
2, 99, 75, 0, 0
2, 99, 75, 0, 0
2, 99, 75, 0, 0
2, 99, 75, 0, 0
2, 99, 75, 0, 0
2, 99, 75, 0, 0
2, 99, 75, 0, 0
2, 99, 75, 0, 0
2, 99, 75, 0, 0
2, 99, 75, 0, 0
2, 99, 75, 0, 0
2, 99, 75, 0, 0
2, 99, 75, 0, 0
2, 99, 75, 0, 0
2, 99, 75, 0, 0
2, 99, 75, 0, 0
2, 99, 75, 0, 0
2, 99, 75, 0, 0
2, 99, 75, 0, 0
2, 99, 75, 0, 0
2, 99, 75, 0, 0
2, 99, 75, 0, 0
2, 99, 75, 0, 0
2, 99, 75, 0, 0
2, 99, 75, 0, 0
2, 99, 75, 0, 0
2, 99, 75, 0, 0
2, 99, 75, 0, 0
2, 99, 75, 0, 0
2, 99, 75, 0, 0
2, 99, 75, 0, 0
2, 99, 75, 0, 0
2, 99, 75, 0, 0
2, 99, 75, 0, 0
2, 99, 75, 0, 0
2, 99, 75, 0, 0
2, 99, 75, 0, 0
2, 99, 75, 0, 0
2, 99, 75, 0, 0
2, 99, 75, 0, 0
2, 99, 75, 0, 0
2, 99, 75, 0, 0
2, 99, 75, 0, 0
2, 99, 75, 0, 0
2, 99, 75, 0, 0
2, 99, 75, 0, 0
2, 99, 75, 0, 0
2, 99, 75, 0, 0
2, 99, 75, 0, 0
2, 99, 75, 0, 0
2, 99, 75, 0, 0
2, 99, 75, 0, 0
2, 99, 75, 0, 0
2, 99, 75, 0, 0
2, 99, 75, 0, 0
2, 99, 75, 0, 0
2, 99, 75, 0, 0
2, 99, 75, 0, 0
2, 99, 75, 0, 0
2, 99, 75, 0, 0
2, 99, 75, 0, 0
2, 99, 75, 0, 0
2, 99, 75, 0, 0
2, 99, 75, 0, 0
2, 99, 75, 0, 0
2, 99, 75, 0, 0
2, 99, 75, 0, 0
2, 99, 75, 0, 0
2, 99, 75, 0, 0
2, 99, 75, 0, 0
2, 99, 75, 0, 0
2, 99, 75, 0, 0
2, 99, 75, 0, 0
2, 99, 75, 0, 0
2, 99, 75, 0, 0
2, 99, 75, 0, 0
2, 99, 75, 0, 0
2, 99, 75, 0, 0
2, 99, 75, 0, 0
2, 99, 75, 0, 0
2, 99, 75, 0, 0
2, 99, 75, 0, 0
2, 99, 75, 0, 0
2, 99, 75, 0, 0
2, 99, 75, 0, 0
2, 99, 75, 0, 0
2, 99, 75, 0, 0
2, 99, 75, 0, 0
2, 99, 75, 0, 0
2, 99, 75, 0, 0
2, 99, 75, 0, 0
