70, 2, 99, 1, 93
70, 1, 99, 1, 93
70, 1, 99, 1, 93
70, 2, 99, 1, 93
70, 1, 99, 1, 93
70, 1, 99, 1, 93
70, 1, 99, 1, 93
70, 1, 99, 1, 93
70, 1, 99, 1, 93
69, 2, 99, 1, 93
69, 2, 99, 1, 93
69, 1, 99, 1, 93
69, 1, 99, 1, 93
69, 1, 99, 1, 93
69, 1, 99, 1, 93
69, 1, 99, 1, 93
69, 1, 99, 1, 93
69, 1, 99, 1, 93
69, 1, 99, 1, 93
69, 1, 99, 1, 93
69, 1, 99, 1, 93
69, 1, 99, 1, 93
69, 1, 99, 1, 93
69, 2, 99, 1, 93
69, 1, 99, 1, 93
69, 2, 99, 1, 93
69, 1, 99, 1, 93
69, 1, 99, 1, 93
69, 1, 99, 1, 93
69, 1, 99, 1, 93
69, 1, 99, 1, 93
69, 2, 99, 1, 93
69, 1, 99, 1, 93
69, 1, 99, 1, 93
69, 1, 99, 1, 93
69, 2, 99, 1, 93
69, 2, 99, 1, 93
69, 1, 99, 1, 93
69, 1, 99, 1, 93
69, 1, 99, 1, 93
69, 1, 99, 1, 93
69, 1, 99, 1, 93
69, 1, 99, 1, 93
69, 1, 99, 1, 93
69, 1, 99, 1, 93
69, 1, 99, 1, 93
69, 1, 99, 1, 93
69, 1, 99, 1, 93
69, 1, 99, 1, 93
69, 1, 99, 1, 93
69, 1, 99, 1, 93
69, 1, 99, 1, 93
69, 1, 99, 1, 93
69, 1, 99, 1, 93
69, 1, 99, 1, 93
69, 1, 99, 1, 93
69, 2, 99, 1, 93
69, 1, 99, 1, 93
69, 1, 99, 1, 93
69, 1, 99, 1, 93
69, 1, 99, 1, 93
69, 1, 99, 1, 93
69, 1, 99, 1, 93
69, 1, 99, 1, 93
69, 1, 99, 1, 93
69, 1, 99, 1, 93
69, 1, 99, 1, 93
69, 1, 99, 1, 93
69, 1, 99, 1, 93
69, 1, 99, 1, 93
69, 1, 99, 1, 93
69, 1, 99, 1, 93
69, 1, 99, 1, 93
69, 1, 99, 1, 93
69, 1, 99, 1, 93
69, 1, 99, 1, 93
69, 1, 99, 1, 93
69, 1, 99, 1, 93
69, 1, 99, 1, 93
69, 1, 99, 1, 93
69, 1, 99, 1, 93
69, 1, 99, 1, 93
69, 1, 99, 1, 93
69, 1, 99, 1, 93
69, 1, 99, 1, 93
69, 1, 99, 1, 93
69, 1, 99, 1, 93
69, 1, 99, 1, 93
69, 1, 99, 1, 93
68, 1, 99, 1, 93
68, 1, 99, 1, 93
68, 1, 99, 1, 93
68, 1, 99, 1, 93
68, 1, 99, 1, 93
68, 1, 99, 1, 93
68, 1, 99, 1, 93
68, 1, 99, 1, 93
67, 1, 99, 1, 93
67, 1, 99, 1, 93
67, 1, 99, 1, 93
67, 1, 99, 1, 93
67, 1, 99, 1, 93
67, 1, 99, 1, 93
67, 1, 99, 1, 93
67, 1, 99, 1, 93
67, 1, 99, 1, 93
67, 1, 99, 1, 93
67, 1, 99, 1, 93
67, 1, 99, 1, 93
67, 1, 99, 1, 93
67, 1, 99, 1, 93
67, 1, 99, 1, 93
67, 1, 99, 1, 93
67, 1, 99, 1, 93
67, 1, 99, 1, 93
67, 1, 99, 1, 93
67, 1, 99, 1, 93
67, 1, 99, 1, 93
67, 1, 99, 1, 93
67, 1, 99, 1, 93
67, 1, 99, 1, 93
67, 1, 99, 1, 93
67, 1, 99, 1, 93
67, 1, 99, 1, 93
67, 1, 99, 1, 93
67, 1, 99, 1, 93
67, 1, 99, 1, 93
67, 1, 99, 1, 93
67, 1, 99, 1, 93
67, 1, 99, 1, 93
67, 1, 99, 1, 93
67, 1, 99, 1, 93
67, 1, 99, 1, 93
67, 1, 99, 1, 93
67, 1, 99, 1, 93
67, 1, 99, 1, 93
67, 1, 99, 1, 93
67, 1, 99, 1, 93
67, 1, 99, 1, 93
67, 1, 99, 1, 93
67, 1, 99, 1, 93
67, 1, 99, 1, 93
67, 1, 99, 1, 93
67, 1, 99, 1, 93
67, 1, 99, 1, 93
67, 1, 99, 1, 93
67, 1, 99, 1, 93
67, 1, 99, 1, 93
67, 1, 99, 1, 93
67, 1, 99, 1, 93
66, 1, 99, 1, 93
66, 1, 99, 1, 93
66, 1, 99, 1, 93
65, 1, 99, 1, 93
65, 1, 99, 1, 93
63, 1, 99, 1, 93
63, 1, 99, 1, 93
63, 1, 99, 1, 93
63, 1, 99, 1, 93
63, 1, 99, 1, 93
63, 1, 99, 1, 93
63, 1, 99, 1, 93
63, 1, 99, 1, 93
63, 1, 99, 1, 93
63, 1, 99, 1, 93
63, 1, 99, 1, 93
63, 1, 99, 1, 93
63, 1, 99, 1, 93
63, 1, 99, 1, 93
63, 1, 99, 1, 93
63, 1, 99, 1, 93
63, 1, 99, 1, 93
63, 1, 99, 1, 93
63, 1, 99, 1, 93
63, 1, 99, 1, 93
63, 1, 99, 1, 93
63, 1, 99, 1, 93
63, 1, 99, 1, 93
63, 1, 99, 1, 93
65, 1, 99, 1, 93
65, 1, 99, 1, 93
65, 1, 99, 1, 93
65, 1, 99, 1, 93
65, 1, 99, 1, 93
65, 1, 99, 1, 93
66, 1, 99, 1, 93
66, 1, 99, 1, 93
67, 1, 99, 1, 93
67, 1, 99, 1, 93
67, 1, 99, 1, 93
67, 1, 99, 1, 93
67, 1, 99, 1, 93
67, 1, 99, 1, 93
67, 1, 99, 1, 93
67, 1, 99, 1, 93
67, 1, 99, 1, 93
67, 1, 99, 1, 93
67, 1, 99, 1, 93
67, 1, 99, 1, 93
67, 1, 99, 1, 93
67, 1, 99, 1, 93
67, 1, 99, 1, 93
67, 1, 99, 1, 93
67, 1, 99, 1, 93
67, 1, 99, 1, 93
67, 1, 99, 1, 93
67, 1, 99, 1, 93
67, 1, 99, 1, 93
67, 1, 99, 1, 93
67, 1, 99, 1, 93
67, 1, 99, 1, 93
67, 1, 99, 1, 93
67, 1, 99, 1, 93
67, 1, 99, 1, 93
67, 1, 99, 1, 93
67, 1, 99, 1, 93
67, 1, 99, 1, 93
67, 1, 99, 1, 93
67, 1, 99, 1, 93
67, 1, 99, 1, 93
67, 1, 99, 1, 93
67, 1, 99, 1, 93
67, 1, 99, 1, 93
67, 1, 99, 1, 93
67, 1, 99, 1, 93
67, 1, 99, 1, 93
67, 1, 99, 1, 93
67, 1, 99, 1, 93
67, 1, 99, 1, 93
67, 2, 99, 1, 93
67, 1, 99, 1, 93
67, 1, 99, 1, 93
67, 1, 99, 1, 93
67, 1, 99, 1, 93
67, 1, 99, 1, 93
67, 1, 99, 1, 93
67, 1, 99, 1, 93
67, 1, 99, 1, 93
67, 1, 99, 1, 93
67, 1, 99, 1, 93
67, 1, 99, 1, 93
67, 1, 99, 1, 93
67, 1, 99, 1, 93
67, 1, 99, 1, 93
67, 1, 99, 1, 93
67, 1, 99, 1, 93
67, 1, 99, 1, 93
67, 1, 99, 1, 93
67, 1, 99, 1, 93
67, 1, 99, 1, 93
67, 1, 99, 1, 93
67, 1, 99, 1, 93
67, 1, 99, 1, 93
67, 1, 99, 1, 93
67, 1, 99, 1, 93
67, 1, 99, 1, 93
67, 1, 99, 1, 93
67, 1, 99, 1, 93
67, 1, 99, 1, 93
67, 1, 99, 1, 93
67, 1, 99, 1, 93
67, 1, 99, 1, 93
67, 1, 99, 1, 93
67, 1, 99, 1, 93
67, 1, 99, 1, 93
67, 1, 99, 1, 93
67, 1, 99, 1, 93
67, 1, 99, 1, 93
67, 1, 99, 1, 93
67, 1, 99, 1, 93
67, 1, 99, 1, 93
67, 1, 99, 1, 93
67, 1, 99, 1, 93
66, 2, 99, 1, 93
66, 1, 99, 1, 93
66, 1, 99, 1, 93
66, 1, 99, 1, 93
66, 1, 99, 1, 93
65, 1, 99, 1, 93
65, 1, 99, 1, 93
65, 1, 99, 1, 93
63, 1, 99, 1, 93
63, 1, 99, 1, 93
63, 1, 99, 1, 93
63, 1, 99, 1, 93
63, 1, 99, 1, 93
63, 1, 99, 1, 93
63, 1, 99, 1, 93
63, 1, 99, 1, 93
63, 1, 99, 1, 93
63, 1, 99, 1, 93
63, 1, 99, 1, 93
63, 1, 99, 1, 93
63, 1, 99, 1, 93
63, 1, 99, 1, 93
63, 1, 99, 1, 93
63, 1, 99, 1, 93
63, 1, 99, 1, 93
63, 1, 99, 1, 93
63, 1, 99, 1, 93
63, 1, 99, 1, 93
63, 1, 99, 1, 93
63, 1, 99, 1, 93
63, 1, 99, 1, 93
63, 1, 99, 1, 93
63, 1, 99, 1, 93
63, 1, 99, 1, 93
63, 1, 99, 1, 93
63, 1, 99, 1, 93
63, 1, 99, 1, 93
63, 1, 99, 1, 93
63, 1, 99, 1, 93
63, 1, 99, 1, 93
63, 1, 99, 1, 93
63, 1, 99, 1, 93
63, 1, 99, 1, 93
63, 1, 99, 1, 93
63, 1, 99, 1, 93
63, 1, 99, 1, 93
63, 1, 99, 1, 93
63, 1, 99, 1, 93
63, 1, 99, 1, 93
63, 1, 99, 1, 93
63, 1, 99, 1, 93
63, 1, 99, 1, 93
63, 1, 99, 1, 93
63, 1, 99, 1, 93
63, 1, 99, 1, 93
63, 1, 99, 1, 93
63, 1, 99, 1, 93
63, 1, 99, 1, 93
63, 1, 99, 1, 93
63, 1, 99, 1, 93
63, 1, 99, 1, 93
65, 1, 99, 1, 93
65, 1, 99, 1, 93
65, 1, 99, 1, 93
65, 1, 99, 1, 93
65, 1, 99, 1, 93
65, 1, 99, 1, 93
65, 1, 99, 1, 93
65, 1, 99, 1, 93
65, 1, 99, 1, 93
65, 1, 99, 1, 93
65, 1, 99, 1, 93
64, 1, 99, 1, 93
64, 1, 99, 1, 93
63, 1, 99, 1, 93
63, 1, 99, 1, 93
63, 1, 99, 1, 93
63, 1, 99, 1, 93
63, 1, 99, 1, 93
63, 1, 99, 1, 93
63, 1, 99, 1, 93
63, 1, 99, 1, 93
65, 1, 99, 1, 93
65, 1, 99, 1, 93
65, 1, 99, 1, 93
66, 1, 99, 1, 93
66, 1, 99, 1, 93
66, 1, 99, 1, 93
66, 1, 99, 1, 93
66, 1, 99, 1, 93
66, 1, 99, 1, 93
66, 1, 99, 1, 93
66, 1, 99, 1, 93
66, 1, 99, 1, 93
66, 1, 99, 1, 93
66, 1, 99, 1, 93
66, 1, 99, 1, 93
66, 1, 99, 1, 93
66, 1, 99, 1, 93
66, 1, 99, 1, 93
66, 1, 99, 1, 93
66, 1, 99, 1, 93
66, 1, 99, 1, 93
66, 1, 99, 1, 93
66, 1, 99, 1, 93
66, 1, 99, 1, 93
65, 1, 99, 1, 93
64, 1, 99, 1, 93
64, 1, 99, 1, 93
64, 1, 99, 1, 93
64, 1, 99, 1, 93
63, 1, 99, 1, 93
63, 1, 99, 1, 93
63, 1, 99, 1, 93
63, 1, 99, 1, 93
63, 1, 99, 1, 93
63, 1, 99, 1, 93
63, 1, 99, 1, 93
63, 1, 99, 1, 93
63, 1, 99, 1, 93
63, 1, 99, 1, 93
63, 1, 99, 1, 93
63, 1, 99, 1, 93
63, 1, 99, 1, 93
63, 1, 99, 1, 93
63, 1, 99, 1, 93
63, 1, 99, 1, 93
63, 1, 99, 1, 93
63, 1, 99, 1, 93
63, 1, 99, 1, 93
63, 1, 99, 1, 93
63, 1, 99, 1, 93
63, 1, 99, 1, 93
63, 1, 99, 1, 93
63, 1, 99, 1, 93
64, 1, 99, 1, 93
64, 1, 99, 1, 93
64, 1, 99, 1, 93
64, 1, 99, 1, 93
64, 1, 99, 1, 93
64, 1, 99, 1, 93
63, 1, 99, 1, 93
63, 1, 99, 1, 93
63, 1, 99, 1, 93
63, 1, 99, 1, 93
63, 1, 99, 1, 93
63, 1, 99, 1, 93
63, 1, 99, 1, 93
63, 1, 99, 1, 93
63, 1, 99, 1, 93
63, 1, 99, 1, 93
63, 1, 99, 1, 93
63, 1, 99, 1, 93
63, 1, 99, 1, 93
63, 1, 99, 1, 93
63, 1, 99, 1, 93
63, 1, 99, 1, 93
63, 1, 99, 1, 93
63, 1, 99, 1, 93
63, 1, 99, 1, 93
63, 1, 99, 1, 93
63, 1, 99, 1, 93
63, 1, 99, 1, 93
63, 1, 99, 1, 93
63, 1, 99, 1, 93
63, 1, 99, 1, 93
63, 1, 99, 1, 93
63, 1, 99, 1, 93
63, 1, 99, 1, 93
63, 1, 99, 1, 93
63, 1, 99, 1, 93
63, 1, 99, 1, 93
63, 1, 99, 1, 93
63, 1, 99, 1, 93
63, 1, 99, 1, 93
63, 1, 99, 1, 93
62, 1, 99, 1, 93
62, 1, 99, 1, 93
62, 1, 99, 1, 93
62, 1, 99, 1, 93
62, 1, 99, 1, 93
62, 1, 99, 1, 93
62, 1, 99, 1, 93
62, 1, 99, 1, 93
62, 1, 99, 1, 93
62, 1, 99, 1, 93
62, 1, 99, 1, 93
62, 1, 99, 1, 93
62, 1, 99, 1, 93
62, 1, 99, 1, 93
62, 1, 99, 1, 93
62, 1, 99, 1, 93
62, 1, 99, 1, 93
62, 1, 99, 1, 93
62, 1, 99, 1, 93
62, 1, 99, 1, 93
62, 1, 99, 1, 93
62, 1, 99, 1, 93
62, 1, 99, 1, 93
62, 1, 99, 1, 93
62, 1, 99, 1, 93
62, 1, 99, 1, 93
62, 1, 99, 1, 93
62, 1, 99, 1, 93
62, 1, 99, 1, 93
62, 1, 99, 1, 93
62, 1, 99, 1, 93
62, 1, 99, 1, 93
62, 1, 99, 1, 93
62, 1, 99, 1, 93
62, 1, 99, 1, 93
62, 1, 99, 1, 93
62, 1, 99, 1, 93
63, 1, 99, 1, 93
63, 1, 99, 1, 93
63, 1, 99, 1, 93
63, 1, 99, 1, 93
63, 1, 99, 1, 93
63, 1, 99, 1, 93
63, 1, 99, 1, 93
63, 1, 99, 1, 93
63, 1, 99, 1, 93
63, 1, 99, 1, 93
63, 1, 99, 1, 93
63, 1, 99, 1, 93
63, 1, 99, 1, 93
63, 1, 99, 1, 93
63, 1, 99, 1, 93
63, 1, 99, 1, 93
63, 1, 99, 1, 93
63, 1, 99, 1, 93
63, 1, 99, 1, 93
63, 1, 99, 1, 93
63, 1, 99, 1, 93
63, 1, 99, 1, 93
63, 1, 99, 1, 93
63, 1, 99, 1, 93
63, 1, 99, 1, 93
63, 1, 99, 1, 93
63, 1, 99, 1, 93
65, 1, 99, 1, 93
65, 1, 99, 1, 93
66, 1, 99, 1, 93
66, 1, 99, 1, 93
66, 1, 99, 1, 93
66, 1, 99, 1, 93
66, 1, 99, 1, 93
66, 1, 99, 1, 93
66, 1, 99, 1, 93
66, 1, 99, 1, 93
66, 1, 99, 1, 93
66, 1, 99, 1, 93
66, 1, 99, 1, 93
66, 1, 99, 1, 93
66, 1, 99, 1, 93
66, 1, 99, 1, 93
66, 1, 99, 1, 93
66, 1, 99, 1, 93
67, 1, 99, 1, 93
67, 1, 99, 1, 93
67, 1, 99, 1, 93
67, 1, 99, 1, 93
67, 1, 99, 1, 93
67, 1, 99, 1, 93
67, 74, 99, 1, 93
67, 93, 99, 1, 93
67, 97, 99, 1, 93
67, 97, 99, 1, 93
67, 97, 99, 1, 93
67, 97, 99, 1, 93
67, 97, 99, 1, 93
67, 97, 99, 1, 93
67, 97, 99, 1, 93
67, 97, 99, 1, 93
67, 97, 99, 1, 93
67, 97, 99, 1, 93
67, 97, 99, 1, 93
67, 97, 99, 1, 93
68, 97, 99, 1, 93
68, 97, 99, 1, 93
68, 97, 99, 1, 93
68, 97, 99, 1, 93
68, 97, 99, 1, 93
69, 97, 99, 1, 93
69, 97, 99, 1, 93
69, 97, 99, 1, 93
69, 97, 99, 1, 93
69, 97, 99, 1, 93
69, 97, 99, 1, 93
69, 97, 99, 1, 93
69, 97, 99, 1, 93
69, 97, 99, 1, 93
69, 97, 99, 1, 93
69, 97, 99, 1, 93
69, 97, 99, 1, 93
69, 97, 99, 1, 93
69, 97, 99, 1, 93
69, 97, 99, 1, 93
69, 97, 99, 1, 93
69, 97, 99, 1, 93
69, 75, 99, 1, 93
70, 52, 99, 1, 93
70, 2, 99, 1, 93
70, 2, 99, 1, 93
70, 2, 99, 1, 93
70, 2, 99, 1, 93
70, 2, 99, 1, 93
70, 2, 99, 1, 93
70, 2, 99, 1, 93
70, 2, 99, 1, 93
70, 2, 99, 1, 93
70, 2, 99, 1, 93
70, 2, 99, 1, 93
70, 2, 99, 1, 93
70, 2, 99, 1, 93
70, 2, 99, 1, 93
70, 2, 99, 1, 93
70, 2, 99, 1, 93
70, 2, 99, 1, 93
70, 2, 99, 1, 93
70, 2, 99, 1, 93
70, 2, 99, 1, 93
70, 2, 99, 1, 93
70, 2, 99, 1, 93
70, 2, 99, 1, 93
70, 2, 99, 1, 93
70, 2, 99, 1, 93
70, 2, 99, 1, 93
70, 2, 99, 1, 93
71, 2, 99, 1, 93
71, 2, 99, 1, 93
71, 2, 99, 1, 93
71, 2, 99, 1, 93
71, 2, 99, 1, 93
71, 2, 99, 1, 93
71, 2, 99, 1, 93
71, 2, 99, 1, 93
71, 2, 99, 1, 93
71, 2, 99, 1, 93
71, 2, 99, 1, 93
71, 2, 99, 1, 93
71, 2, 99, 1, 93
71, 2, 99, 1, 93
71, 2, 99, 1, 93
71, 2, 99, 1, 93
71, 2, 99, 1, 93
71, 2, 99, 1, 93
71, 2, 99, 1, 93
71, 2, 99, 1, 93
71, 2, 99, 1, 93
71, 2, 99, 1, 93
71, 2, 99, 1, 93
72, 2, 99, 1, 93
72, 2, 99, 1, 93
72, 2, 99, 1, 93
72, 2, 99, 1, 93
73, 2, 99, 1, 93
73, 2, 99, 1, 93
73, 2, 99, 1, 93
73, 2, 99, 1, 93
73, 2, 99, 1, 93
73, 2, 99, 1, 93
73, 2, 99, 1, 93
73, 2, 99, 1, 93
73, 2, 99, 1, 93
73, 2, 99, 1, 93
73, 2, 99, 1, 93
73, 2, 99, 1, 93
73, 2, 99, 1, 93
73, 2, 99, 1, 93
73, 2, 99, 1, 93
73, 2, 99, 1, 93
73, 2, 99, 1, 93
73, 2, 99, 1, 93
73, 2, 99, 1, 93
73, 2, 99, 1, 93
73, 2, 98, 1, 93
73, 2, 98, 2, 93
74, 2, 98, 1, 93
74, 2, 98, 1, 93
74, 2, 98, 1, 93
74, 2, 98, 1, 93
74, 2, 98, 1, 93
74, 2, 98, 1, 93
74, 2, 97, 1, 93
74, 2, 97, 1, 93
74, 2, 97, 1, 93
74, 2, 97, 1, 93
74, 2, 97, 1, 93
74, 2, 97, 1, 93
74, 2, 97, 1, 92
74, 2, 97, 1, 93
77, 2, 97, 1, 93
81, 2, 97, 1, 93
81, 2, 97, 1, 93
82, 2, 97, 1, 93
82, 2, 97, 1, 93
82, 2, 97, 1, 93
82, 2, 97, 1, 93
82, 2, 97, 1, 93
83, 2, 97, 1, 93
83, 2, 96, 1, 93
83, 2, 96, 1, 93
83, 2, 96, 1, 93
83, 2, 96, 1, 93
83, 2, 96, 1, 93
83, 2, 96, 1, 93
83, 2, 96, 1, 93
83, 2, 96, 1, 93
83, 2, 96, 1, 93
83, 2, 96, 1, 93
83, 2, 96, 1, 93
84, 2, 96, 1, 93
84, 2, 96, 1, 93
84, 2, 96, 1, 93
84, 2, 96, 1, 93
84, 2, 96, 1, 93
84, 2, 96, 1, 93
84, 2, 96, 1, 93
84, 2, 96, 1, 93
84, 2, 96, 1, 93
84, 2, 96, 1, 93
84, 2, 96, 1, 93
84, 2, 96, 1, 93
86, 2, 96, 1, 93
86, 2, 96, 1, 93
86, 2, 96, 1, 93
86, 2, 96, 1, 93
86, 2, 96, 1, 93
86, 2, 96, 1, 93
86, 2, 96, 1, 93
86, 2, 96, 1, 93
86, 2, 96, 1, 93
86, 2, 96, 1, 93
86, 2, 96, 1, 93
86, 2, 96, 1, 93
87, 2, 96, 1, 93
86, 2, 96, 1, 93
86, 2, 96, 1, 93
86, 2, 96, 1, 93
87, 2, 96, 1, 93
87, 2, 96, 1, 93
86, 2, 96, 1, 93
86, 2, 96, 1, 93
86, 2, 96, 1, 93
86, 2, 96, 1, 93
86, 2, 96, 1, 93
86, 2, 96, 1, 93
86, 2, 96, 1, 93
86, 2, 96, 1, 93
86, 2, 96, 1, 93
86, 2, 96, 1, 93
85, 2, 96, 1, 93
85, 2, 96, 1, 93
85, 2, 96, 1, 93
85, 2, 96, 1, 93
85, 2, 96, 1, 93
85, 2, 96, 1, 93
85, 2, 96, 1, 93
85, 2, 96, 1, 93
85, 2, 96, 1, 93
85, 2, 96, 1, 93
85, 2, 96, 1, 93
85, 2, 96, 1, 93
85, 2, 96, 1, 93
85, 2, 96, 1, 93
85, 2, 96, 1, 93
85, 2, 96, 1, 93
85, 2, 96, 1, 93
85, 2, 96, 1, 93
85, 2, 96, 1, 93
85, 2, 96, 1, 93
85, 2, 96, 1, 93
85, 2, 96, 1, 93
85, 2, 96, 1, 93
85, 2, 96, 1, 93
85, 2, 96, 1, 93
85, 2, 96, 1, 93
85, 2, 96, 1, 93
85, 2, 97, 1, 93
85, 2, 97, 1, 93
85, 2, 97, 1, 93
84, 2, 97, 1, 93
84, 2, 97, 1, 93
84, 2, 98, 1, 93
84, 2, 98, 1, 93
84, 2, 98, 1, 93
84, 2, 98, 1, 93
84, 2, 98, 1, 93
84, 2, 98, 1, 93
84, 2, 98, 1, 93
84, 2, 98, 1, 93
84, 2, 98, 1, 93
84, 2, 98, 1, 93
84, 2, 98, 1, 93
84, 2, 98, 1, 93
84, 2, 98, 1, 93
84, 2, 98, 1, 93
84, 2, 98, 1, 93
84, 2, 98, 1, 93
84, 2, 99, 1, 93
84, 2, 99, 1, 93
84, 2, 98, 1, 93
84, 2, 99, 1, 93
84, 2, 99, 1, 93
84, 2, 99, 1, 93
84, 2, 99, 1, 93
84, 2, 99, 1, 93
84, 2, 99, 1, 93
84, 2, 99, 1, 93
84, 2, 99, 1, 93
83, 2, 99, 1, 93
83, 2, 99, 1, 93
83, 2, 99, 1, 93
83, 2, 99, 1, 93
83, 2, 99, 1, 93
83, 2, 99, 1, 93
83, 2, 99, 1, 93
83, 2, 99, 1, 93
83, 2, 99, 1, 93
83, 2, 99, 1, 93
83, 2, 99, 1, 93
83, 2, 99, 1, 93
83, 2, 99, 1, 93
83, 2, 99, 1, 93
83, 2, 99, 1, 93
83, 2, 99, 1, 93
83, 2, 99, 1, 93
83, 2, 99, 1, 93
83, 2, 99, 1, 93
83, 2, 99, 1, 93
83, 2, 99, 1, 93
83, 2, 99, 1, 93
83, 2, 99, 1, 93
83, 2, 99, 1, 93
82, 2, 99, 1, 93
82, 2, 99, 1, 93
82, 2, 99, 1, 93
82, 2, 99, 1, 93
82, 2, 99, 1, 93
82, 2, 99, 1, 93
82, 2, 99, 1, 93
82, 2, 99, 1, 93
82, 2, 99, 1, 93
81, 2, 99, 1, 93
81, 2, 99, 1, 93
81, 2, 99, 1, 93
81, 2, 99, 1, 93
81, 2, 99, 1, 93
81, 2, 99, 1, 93
81, 2, 99, 1, 93
80, 2, 99, 1, 93
80, 2, 99, 1, 93
80, 2, 99, 1, 93
80, 2, 99, 1, 93
79, 2, 99, 1, 93
79, 2, 99, 1, 93
79, 2, 99, 1, 93
79, 2, 99, 1, 93
79, 2, 99, 1, 93
78, 2, 99, 1, 93
78, 2, 99, 1, 93
77, 2, 99, 1, 93
77, 2, 99, 1, 93
72, 2, 99, 1, 93
72, 2, 99, 1, 93
72, 2, 99, 1, 93
72, 2, 99, 1, 93
72, 2, 99, 1, 93
72, 2, 99, 1, 93
72, 2, 99, 1, 93
72, 2, 99, 1, 93
72, 2, 99, 1, 93
72, 2, 99, 1, 93
72, 2, 99, 1, 93
72, 2, 99, 1, 93
72, 2, 99, 1, 93
72, 2, 99, 1, 93
72, 2, 99, 1, 93
72, 2, 99, 1, 93
72, 2, 99, 1, 93
72, 2, 99, 1, 93
72, 2, 99, 1, 93
72, 2, 99, 1, 93
72, 2, 99, 1, 93
72, 2, 99, 1, 93
71, 2, 99, 1, 93
71, 2, 99, 1, 93
71, 2, 99, 1, 93
71, 2, 99, 1, 93
71, 2, 99, 1, 93
71, 2, 99, 1, 93
71, 2, 99, 1, 93
71, 2, 99, 1, 93
71, 2, 99, 1, 93
71, 2, 99, 1, 93
71, 2, 99, 1, 93
71, 2, 99, 1, 93
71, 2, 99, 1, 93
71, 2, 99, 1, 93
71, 1, 99, 1, 93
71, 2, 99, 1, 93
71, 2, 99, 1, 93
71, 2, 99, 1, 93
71, 2, 99, 1, 93
71, 2, 99, 1, 93
71, 2, 99, 1, 93
71, 2, 99, 1, 93
71, 1, 99, 1, 93
71, 2, 99, 1, 93
71, 2, 99, 1, 93
71, 2, 99, 1, 93
71, 1, 99, 1, 93
71, 1, 99, 1, 93
71, 2, 99, 1, 93
71, 1, 99, 1, 93
71, 1, 99, 1, 93
71, 2, 99, 1, 93
71, 2, 99, 1, 93
71, 1, 99, 1, 93
71, 1, 99, 1, 93
71, 1, 99, 1, 93
71, 2, 99, 1, 93
71, 2, 99, 1, 93
71, 1, 99, 1, 93
71, 2, 99, 1, 93
71, 1, 99, 1, 93
71, 1, 99, 1, 93
71, 2, 99, 1, 93
71, 2, 99, 1, 93
71, 2, 99, 1, 93
71, 1, 99, 1, 93
71, 2, 99, 1, 93
71, 1, 99, 1, 93
71, 1, 99, 1, 93
71, 1, 99, 1, 93
71, 1, 99, 1, 93
71, 1, 99, 1, 93
71, 2, 99, 1, 93
71, 2, 99, 1, 93
71, 1, 99, 1, 93
71, 1, 99, 1, 93
71, 1, 99, 1, 93
71, 1, 99, 1, 93
71, 2, 99, 1, 93
71, 1, 99, 1, 93
71, 1, 99, 1, 93
71, 2, 99, 1, 93
71, 2, 99, 1, 93
71, 2, 99, 1, 93
71, 2, 99, 1, 93
71, 2, 99, 1, 93
71, 1, 99, 1, 93
71, 1, 99, 1, 93
71, 1, 99, 1, 93
71, 1, 99, 1, 93
71, 2, 99, 1, 93
71, 1, 99, 1, 93
71, 1, 99, 1, 93
71, 1, 99, 1, 93
71, 1, 99, 1, 93
71, 1, 99, 1, 93
71, 1, 99, 1, 93
71, 1, 99, 1, 93
71, 1, 99, 1, 93
71, 1, 99, 1, 93
71, 1, 99, 1, 93
71, 1, 99, 1, 93
71, 1, 99, 1, 93
71, 2, 99, 1, 93
71, 2, 99, 1, 93
71, 1, 99, 1, 93
71, 1, 99, 1, 93
71, 1, 99, 1, 93
71, 1, 99, 1, 93
71, 1, 99, 1, 93
71, 1, 99, 1, 93
71, 1, 99, 1, 93
71, 1, 99, 1, 93
71, 2, 99, 1, 93
71, 1, 99, 1, 93
71, 1, 99, 1, 93
71, 1, 99, 1, 93
71, 2, 99, 1, 93
71, 1, 99, 1, 93
71, 1, 99, 1, 93
71, 1, 99, 1, 93
71, 1, 99, 1, 93
71, 1, 99, 1, 93
71, 1, 99, 1, 93
71, 1, 99, 1, 93
71, 1, 99, 1, 93
71, 2, 99, 1, 93
71, 1, 99, 1, 93
71, 1, 99, 1, 93
71, 1, 99, 1, 93
71, 1, 99, 1, 93
71, 2, 99, 1, 93
71, 1, 99, 1, 93
71, 1, 99, 1, 93
71, 1, 99, 1, 93
71, 1, 99, 1, 93
71, 1, 99, 1, 93
71, 1, 99, 1, 93
71, 1, 99, 1, 93
71, 1, 99, 1, 93
71, 1, 99, 1, 93
71, 1, 99, 1, 93
71, 1, 99, 1, 93
71, 1, 99, 1, 93
71, 1, 99, 1, 93
71, 1, 99, 1, 93
71, 1, 99, 1, 93
71, 1, 99, 1, 93
71, 1, 99, 1, 93
71, 1, 99, 1, 93
71, 1, 99, 1, 93
71, 1, 99, 1, 93
71, 1, 99, 1, 93
71, 1, 99, 1, 93
71, 1, 99, 1, 93
71, 1, 99, 1, 93
71, 1, 99, 1, 93
71, 1, 99, 1, 93
71, 1, 99, 1, 93
71, 1, 99, 1, 93
71, 1, 99, 1, 93
71, 1, 99, 1, 93
71, 1, 99, 1, 93
71, 1, 99, 1, 93
71, 1, 99, 1, 93
71, 1, 99, 1, 93
71, 1, 99, 1, 93
71, 1, 99, 1, 93
71, 1, 99, 1, 93
71, 1, 99, 1, 93
71, 1, 99, 1, 93
71, 1, 99, 1, 93
71, 1, 99, 1, 93
71, 1, 99, 1, 93
71, 1, 99, 1, 93
71, 1, 99, 1, 93
71, 1, 99, 1, 93
71, 1, 99, 1, 93
71, 1, 99, 1, 93
71, 1, 99, 1, 93
71, 1, 99, 1, 93
71, 1, 99, 1, 93
71, 1, 99, 1, 93
71, 1, 99, 1, 93
71, 1, 99, 1, 93
71, 1, 99, 1, 93
71, 1, 99, 1, 93
71, 1, 99, 1, 93
71, 1, 99, 1, 93
71, 1, 99, 1, 93
71, 4, 99, 1, 93
71, 4, 99, 1, 93
71, 3, 99, 1, 93
71, 16, 99, 1, 93
71, 22, 99, 1, 93
71, 24, 99, 1, 93
71, 22, 99, 1, 93
71, 22, 99, 1, 93
71, 5, 99, 1, 93
71, 5, 99, 1, 93
71, 3, 99, 1, 93
71, 3, 99, 1, 93
71, 3, 99, 1, 93
71, 29, 99, 1, 93
71, 29, 99, 1, 93
71, 33, 99, 1, 93
71, 90, 99, 1, 93
71, 93, 99, 1, 93
71, 92, 99, 1, 93
71, 92, 99, 1, 93
71, 92, 99, 1, 93
71, 93, 99, 1, 93
71, 96, 99, 1, 93
71, 97, 99, 1, 93
71, 97, 99, 1, 93
71, 97, 99, 1, 93
71, 97, 99, 1, 93
71, 97, 99, 1, 93
71, 97, 99, 1, 93
71, 97, 99, 1, 93
71, 97, 99, 1, 93
71, 97, 99, 1, 93
71, 97, 99, 1, 93
71, 97, 99, 1, 93
71, 97, 99, 1, 93
71, 97, 99, 1, 93
71, 97, 99, 1, 93
71, 97, 99, 1, 93
71, 97, 99, 1, 93
71, 97, 99, 1, 93
71, 97, 99, 1, 93
71, 97, 99, 1, 93
71, 97, 99, 1, 93
71, 97, 99, 1, 93
71, 97, 99, 1, 93
71, 97, 99, 1, 93
71, 97, 99, 1, 93
71, 97, 99, 1, 93
71, 97, 99, 1, 93
71, 97, 99, 1, 93
71, 97, 99, 1, 93
71, 97, 99, 1, 93
71, 97, 99, 1, 93
71, 97, 99, 1, 93
71, 97, 99, 1, 93
71, 97, 99, 1, 93
71, 97, 99, 1, 93
71, 97, 99, 1, 93
71, 97, 99, 1, 93
71, 97, 99, 1, 93
71, 97, 99, 1, 93
71, 97, 99, 1, 93
71, 97, 99, 1, 93
71, 97, 99, 1, 93
71, 97, 99, 1, 93
71, 97, 99, 1, 93
71, 97, 99, 1, 93
71, 97, 99, 1, 93
71, 97, 99, 1, 93
71, 66, 99, 1, 93
71, 66, 99, 1, 93
71, 64, 99, 1, 93
71, 63, 99, 1, 93
71, 61, 99, 1, 93
71, 61, 99, 1, 93
71, 61, 99, 1, 93
71, 61, 99, 1, 93
71, 61, 99, 1, 93
71, 61, 99, 1, 93
71, 61, 99, 1, 93
71, 74, 99, 1, 93
71, 85, 99, 1, 93
71, 85, 99, 1, 93
71, 96, 99, 1, 93
71, 97, 99, 1, 93
71, 97, 99, 1, 93
71, 97, 99, 1, 93
71, 97, 99, 1, 93
71, 97, 99, 1, 93
71, 97, 99, 1, 93
71, 97, 99, 1, 93
71, 97, 99, 1, 93
71, 97, 99, 1, 93
71, 97, 99, 1, 93
71, 97, 99, 1, 93
71, 97, 99, 1, 93
71, 97, 99, 1, 93
71, 97, 99, 1, 93
71, 97, 99, 1, 93
71, 59, 99, 1, 93
71, 59, 99, 1, 93
71, 38, 99, 1, 93
71, 2, 99, 1, 93
71, 2, 99, 1, 93
71, 2, 99, 1, 93
71, 2, 99, 1, 93
71, 2, 99, 1, 93
71, 2, 99, 1, 93
71, 2, 99, 1, 93
71, 2, 99, 1, 93
71, 2, 99, 1, 93
71, 2, 99, 1, 93
71, 2, 99, 1, 93
71, 2, 99, 1, 93
71, 2, 99, 1, 93
71, 2, 99, 1, 93
71, 2, 99, 1, 93
71, 2, 99, 1, 93
71, 2, 99, 1, 93
71, 2, 99, 1, 93
71, 2, 99, 1, 93
71, 2, 99, 1, 93
71, 2, 99, 1, 93
71, 2, 99, 1, 93
71, 2, 99, 1, 93
71, 2, 99, 1, 93
71, 2, 99, 1, 93
71, 2, 99, 1, 93
71, 2, 99, 1, 93
71, 2, 99, 1, 93
71, 2, 99, 1, 93
71, 2, 99, 1, 93
71, 2, 99, 1, 93
71, 2, 99, 1, 93
71, 2, 99, 1, 93
71, 2, 99, 1, 93
71, 2, 99, 1, 93
71, 2, 99, 1, 93
71, 2, 99, 1, 93
71, 2, 99, 1, 93
71, 2, 99, 1, 93
71, 2, 99, 1, 93
71, 2, 99, 1, 93
71, 2, 99, 1, 93
71, 2, 99, 1, 93
71, 2, 99, 1, 93
71, 2, 99, 1, 93
71, 2, 99, 1, 93
71, 2, 99, 1, 93
71, 2, 99, 1, 93
71, 2, 99, 1, 93
71, 2, 99, 1, 93
71, 2, 99, 1, 93
71, 2, 99, 1, 93
71, 2, 99, 1, 93
71, 2, 99, 1, 93
71, 2, 99, 1, 93
71, 2, 99, 1, 93
71, 2, 99, 1, 93
71, 2, 99, 1, 93
71, 2, 99, 1, 93
71, 2, 99, 1, 93
71, 2, 99, 1, 93
71, 2, 99, 1, 93
71, 2, 99, 1, 93
71, 2, 99, 1, 93
71, 2, 99, 1, 93
71, 2, 99, 1, 93
71, 2, 99, 1, 93
71, 2, 99, 1, 93
71, 2, 99, 1, 93
71, 2, 99, 1, 93
71, 2, 99, 1, 93
71, 2, 99, 1, 93
71, 2, 99, 1, 93
71, 2, 99, 1, 93
71, 2, 99, 1, 93
71, 2, 99, 1, 93
71, 2, 99, 1, 93
71, 2, 99, 1, 93
71, 2, 99, 1, 93
71, 2, 99, 1, 93
71, 2, 99, 1, 93
71, 2, 99, 1, 93
71, 2, 99, 1, 93
71, 2, 99, 1, 93
71, 2, 99, 1, 93
71, 2, 99, 1, 93
71, 2, 99, 1, 93
71, 2, 99, 1, 93
71, 2, 99, 1, 93
71, 2, 99, 1, 93
71, 2, 99, 1, 93
71, 2, 99, 1, 93
71, 2, 99, 1, 93
71, 2, 99, 1, 93
71, 2, 99, 1, 93
71, 2, 99, 1, 93
71, 2, 99, 1, 93
71, 2, 99, 1, 93
71, 2, 99, 1, 93
71, 2, 99, 1, 93
71, 2, 99, 1, 93
71, 2, 99, 1, 93
71, 2, 99, 1, 93
71, 2, 99, 1, 93
71, 2, 99, 1, 93
71, 1, 99, 1, 93
71, 1, 99, 1, 93
71, 2, 99, 1, 93
71, 2, 99, 1, 93
71, 2, 99, 1, 93
71, 2, 99, 1, 93
71, 2, 99, 1, 93
71, 2, 99, 1, 93
71, 2, 99, 1, 93
71, 2, 99, 1, 93
71, 2, 99, 1, 93
71, 2, 99, 1, 93
71, 2, 99, 1, 93
71, 2, 99, 1, 93
71, 2, 99, 1, 93
71, 2, 99, 1, 93
71, 2, 99, 1, 93
71, 1, 99, 1, 93
71, 2, 99, 1, 93
71, 2, 99, 1, 93
71, 2, 99, 1, 93
71, 2, 99, 1, 93
71, 2, 99, 1, 93
71, 2, 99, 1, 93
71, 2, 99, 1, 93
71, 2, 99, 1, 93
71, 1, 99, 1, 93
71, 1, 99, 1, 93
71, 2, 99, 1, 93
71, 2, 99, 1, 93
71, 2, 99, 1, 93
71, 2, 99, 1, 93
71, 2, 99, 1, 93
71, 2, 99, 1, 93
71, 1, 99, 1, 93
71, 1, 99, 1, 93
71, 2, 99, 1, 93
71, 2, 99, 1, 93
71, 2, 99, 1, 93
71, 2, 99, 1, 93
71, 2, 99, 1, 93
71, 2, 99, 1, 93
71, 2, 99, 1, 93
71, 1, 99, 1, 93
71, 2, 99, 1, 93
71, 2, 99, 1, 93
71, 2, 99, 1, 93
71, 2, 99, 1, 93
71, 2, 99, 1, 93
71, 2, 99, 1, 93
71, 2, 99, 1, 93
71, 2, 99, 1, 93
71, 2, 99, 1, 93
71, 2, 99, 1, 93
71, 2, 99, 1, 93
71, 2, 99, 1, 93
71, 2, 99, 1, 93
71, 2, 99, 1, 93
71, 2, 99, 1, 93
71, 2, 99, 1, 93
71, 2, 99, 1, 93
71, 2, 99, 1, 93
71, 2, 99, 1, 93
71, 2, 99, 1, 93
71, 2, 99, 1, 93
71, 2, 99, 1, 93
71, 2, 99, 1, 93
71, 2, 99, 1, 93
71, 2, 99, 1, 93
71, 2, 99, 1, 93
71, 2, 99, 1, 93
71, 2, 99, 1, 93
71, 2, 99, 1, 93
71, 2, 99, 1, 93
71, 2, 99, 1, 93
71, 2, 99, 1, 93
71, 2, 99, 1, 93
71, 2, 99, 1, 93
71, 2, 99, 1, 93
71, 2, 99, 1, 93
71, 2, 99, 1, 93
71, 2, 99, 1, 93
71, 2, 99, 1, 93
71, 2, 99, 1, 93
71, 2, 99, 1, 93
71, 2, 99, 1, 93
71, 2, 99, 1, 93
71, 1, 99, 1, 93
71, 2, 99, 1, 93
71, 2, 99, 1, 93
71, 2, 99, 1, 93
71, 2, 99, 1, 93
71, 2, 99, 1, 93
71, 2, 99, 1, 93
71, 2, 99, 1, 93
71, 2, 99, 1, 93
71, 2, 99, 1, 93
71, 2, 99, 1, 93
71, 2, 99, 1, 93
71, 2, 99, 1, 93
71, 2, 99, 1, 93
71, 1, 99, 1, 93
71, 2, 99, 1, 93
71, 2, 99, 1, 93
71, 2, 99, 1, 93
71, 2, 99, 1, 93
71, 2, 99, 1, 93
71, 2, 99, 1, 93
71, 2, 99, 1, 93
71, 2, 99, 1, 93
71, 2, 99, 1, 93
71, 2, 99, 1, 93
71, 2, 99, 1, 93
71, 2, 99, 1, 93
71, 2, 99, 1, 93
71, 2, 99, 1, 93
71, 2, 99, 1, 93
71, 2, 99, 1, 93
71, 2, 99, 1, 93
71, 2, 99, 1, 93
71, 2, 99, 1, 93
71, 2, 99, 1, 93
71, 2, 99, 1, 93
71, 2, 99, 1, 93
71, 1, 99, 1, 93
71, 1, 99, 1, 93
71, 2, 99, 1, 93
71, 2, 99, 1, 93
71, 2, 99, 1, 93
71, 2, 99, 1, 93
71, 2, 99, 1, 93
71, 1, 99, 1, 93
71, 2, 99, 1, 93
71, 2, 99, 1, 93
71, 2, 99, 1, 93
71, 1, 99, 1, 93
71, 1, 99, 1, 93
71, 1, 99, 1, 93
71, 1, 99, 1, 93
71, 1, 99, 1, 93
71, 2, 99, 1, 93
71, 1, 99, 1, 93
71, 1, 99, 1, 93
71, 2, 99, 1, 93
71, 2, 99, 1, 93
71, 1, 99, 1, 93
71, 1, 99, 1, 93
71, 1, 99, 1, 93
71, 1, 99, 1, 93
71, 1, 99, 1, 93
71, 1, 99, 1, 93
71, 2, 99, 1, 93
71, 1, 99, 1, 93
71, 2, 99, 1, 93
71, 1, 99, 1, 93
71, 1, 99, 1, 93
71, 1, 99, 1, 93
71, 1, 99, 1, 93
71, 1, 99, 1, 93
71, 2, 99, 1, 93
71, 2, 99, 1, 93
71, 1, 99, 1, 93
71, 1, 99, 1, 93
71, 1, 99, 1, 93
71, 1, 99, 1, 93
71, 1, 99, 1, 93
71, 1, 99, 1, 93
71, 86, 99, 1, 93
71, 92, 99, 1, 93
71, 96, 99, 1, 93
71, 96, 99, 1, 93
71, 96, 99, 1, 93
71, 96, 99, 1, 93
71, 96, 99, 1, 93
71, 96, 99, 1, 93
71, 97, 99, 1, 93
71, 97, 99, 1, 93
71, 97, 99, 1, 93
71, 97, 99, 1, 93
71, 97, 99, 1, 93
71, 97, 99, 1, 93
71, 97, 99, 1, 93
71, 97, 99, 1, 93
12, 0, 98, 1, 93
12, 0, 98, 1, 93
13, 0, 98, 1, 93
13, 0, 98, 1, 93
13, 0, 98, 1, 93
13, 0, 98, 1, 93
13, 96, 98, 1, 93
13, 97, 98, 1, 93
13, 97, 98, 1, 93
12, 97, 99, 1, 93
12, 97, 99, 1, 93
12, 97, 99, 1, 93
12, 97, 99, 1, 93
12, 97, 99, 1, 93
12, 97, 99, 1, 93
12, 97, 99, 1, 93
12, 97, 99, 1, 93
12, 97, 99, 1, 93
12, 97, 99, 1, 93
12, 97, 99, 1, 93
12, 97, 99, 1, 93
12, 97, 99, 1, 93
12, 97, 99, 1, 93
12, 97, 99, 1, 93
12, 97, 99, 1, 93
12, 97, 99, 1, 93
12, 97, 99, 1, 93
12, 98, 99, 1, 93
12, 97, 99, 1, 93
12, 97, 99, 1, 93
12, 97, 99, 1, 93
12, 97, 99, 1, 93
12, 97, 99, 1, 93
57, 97, 99, 1, 93
57, 97, 99, 1, 93
57, 97, 99, 1, 93
57, 97, 99, 1, 93
57, 97, 99, 1, 93
57, 97, 99, 1, 93
57, 97, 99, 1, 93
57, 97, 99, 1, 93
57, 97, 99, 1, 93
57, 97, 99, 1, 93
57, 97, 99, 1, 93
57, 97, 99, 1, 93
57, 97, 99, 1, 93
57, 97, 99, 1, 93
57, 97, 99, 1, 93
57, 97, 99, 1, 93
57, 97, 99, 1, 93
57, 98, 99, 1, 93
57, 98, 99, 1, 93
58, 98, 99, 1, 93
60, 98, 99, 1, 93
60, 98, 99, 1, 93
60, 98, 99, 1, 93
60, 98, 99, 1, 93
61, 98, 99, 1, 93
61, 98, 99, 1, 93
61, 98, 99, 1, 93
61, 98, 99, 1, 93
61, 98, 99, 1, 93
61, 98, 99, 1, 93
61, 98, 99, 1, 93
61, 98, 99, 1, 93
61, 98, 99, 1, 93
61, 98, 99, 1, 93
61, 98, 99, 1, 93
61, 98, 99, 1, 93
61, 98, 99, 1, 93
61, 98, 99, 1, 93
61, 98, 99, 1, 93
61, 98, 99, 1, 93
61, 98, 99, 1, 93
61, 98, 99, 1, 93
61, 98, 99, 1, 93
61, 98, 99, 1, 93
62, 98, 99, 1, 93
62, 98, 99, 1, 93
62, 98, 99, 1, 93
62, 98, 99, 1, 93
62, 98, 99, 1, 93
62, 98, 99, 1, 93
62, 98, 99, 1, 93
62, 98, 99, 1, 93
62, 98, 99, 1, 93
62, 98, 99, 1, 93
61, 98, 99, 1, 93
61, 98, 99, 1, 93
61, 98, 99, 1, 93
61, 98, 99, 1, 93
61, 98, 99, 1, 93
61, 98, 99, 1, 93
61, 98, 99, 1, 93
61, 98, 99, 1, 93
61, 98, 99, 1, 93
61, 98, 99, 1, 93
61, 98, 99, 1, 93
61, 98, 99, 1, 93
61, 98, 99, 1, 93
61, 98, 99, 1, 93
61, 98, 99, 1, 93
61, 98, 99, 1, 93
61, 98, 99, 1, 93
61, 98, 99, 1, 93
61, 98, 99, 1, 93
61, 98, 99, 1, 93
61, 98, 99, 1, 93
61, 98, 99, 1, 93
61, 98, 99, 1, 93
61, 98, 99, 1, 93
61, 98, 99, 1, 93
61, 98, 99, 1, 93
61, 98, 99, 1, 93
61, 98, 99, 1, 93
61, 98, 99, 1, 93
61, 98, 99, 1, 93
61, 98, 99, 1, 93
61, 98, 99, 1, 93
61, 98, 99, 1, 93
61, 98, 99, 1, 93
61, 98, 99, 1, 93
61, 98, 99, 1, 93
61, 98, 99, 1, 93
61, 98, 99, 1, 93
61, 98, 99, 1, 93
61, 98, 99, 1, 93
61, 98, 99, 1, 93
61, 98, 99, 1, 93
61, 98, 99, 1, 93
61, 98, 99, 1, 93
61, 98, 99, 1, 93
61, 98, 99, 1, 93
61, 98, 99, 1, 93
61, 98, 99, 1, 93
61, 98, 99, 1, 93
61, 98, 99, 1, 93
61, 98, 99, 1, 93
61, 98, 99, 1, 93
61, 98, 99, 1, 93
61, 98, 99, 1, 93
61, 98, 99, 1, 93
61, 98, 99, 1, 93
61, 98, 99, 1, 93
61, 98, 99, 1, 93
61, 98, 99, 1, 93
61, 98, 99, 1, 93
61, 98, 99, 1, 93
62, 98, 99, 1, 93
62, 98, 99, 1, 93
62, 98, 99, 1, 93
62, 98, 99, 1, 93
62, 98, 99, 1, 93
62, 98, 99, 1, 93
62, 98, 99, 1, 93
62, 98, 99, 1, 93
61, 98, 99, 1, 93
61, 98, 99, 1, 93
61, 98, 99, 1, 93
61, 98, 99, 1, 93
61, 98, 99, 1, 93
61, 98, 99, 1, 93
61, 98, 99, 1, 93
61, 98, 99, 1, 93
61, 98, 99, 1, 93
61, 98, 99, 1, 93
61, 98, 99, 1, 93
61, 98, 99, 1, 93
61, 98, 99, 1, 93
61, 98, 99, 1, 93
61, 98, 99, 1, 93
61, 98, 99, 1, 93
61, 98, 99, 1, 93
61, 98, 99, 1, 93
61, 98, 99, 1, 93
61, 98, 99, 1, 93
61, 98, 99, 1, 93
61, 98, 99, 1, 93
61, 98, 99, 1, 93
61, 98, 99, 1, 93
61, 98, 99, 1, 93
61, 98, 99, 1, 93
61, 98, 99, 1, 93
61, 98, 99, 1, 93
61, 98, 99, 1, 93
61, 98, 99, 1, 93
61, 98, 99, 1, 93
61, 98, 99, 1, 93
61, 98, 99, 1, 93
61, 98, 99, 1, 93
61, 98, 99, 1, 93
61, 98, 99, 1, 93
61, 98, 99, 1, 93
61, 98, 99, 1, 93
61, 98, 99, 1, 93
61, 98, 99, 1, 93
61, 98, 99, 1, 93
61, 98, 99, 1, 93
61, 98, 99, 1, 93
61, 98, 99, 1, 93
61, 98, 99, 1, 93
61, 98, 99, 1, 93
61, 97, 99, 1, 93
61, 97, 99, 1, 93
61, 97, 99, 1, 93
61, 97, 99, 1, 93
61, 97, 99, 1, 93
61, 98, 99, 1, 93
61, 97, 99, 1, 93
61, 97, 99, 1, 93
61, 97, 99, 1, 93
61, 97, 99, 1, 93
61, 98, 99, 1, 93
61, 98, 99, 1, 93
61, 98, 99, 1, 93
61, 98, 99, 1, 93
61, 98, 99, 1, 93
61, 98, 99, 1, 93
62, 98, 99, 1, 93
62, 98, 99, 1, 93
62, 98, 99, 1, 93
62, 98, 99, 1, 93
62, 98, 99, 1, 93
62, 98, 99, 1, 93
62, 98, 99, 1, 93
62, 98, 99, 1, 93
62, 98, 99, 1, 93
62, 98, 99, 1, 93
62, 98, 99, 1, 93
62, 98, 99, 1, 93
62, 98, 99, 1, 93
62, 98, 99, 1, 93
62, 98, 99, 1, 93
62, 98, 99, 1, 93
62, 98, 99, 1, 93
62, 98, 99, 1, 93
62, 98, 99, 1, 93
62, 98, 99, 1, 93
62, 98, 99, 1, 93
62, 98, 99, 1, 93
62, 98, 99, 1, 93
62, 98, 99, 1, 93
62, 98, 99, 1, 93
62, 98, 99, 1, 93
62, 98, 99, 1, 93
62, 98, 99, 1, 93
62, 98, 99, 1, 93
62, 98, 99, 1, 93
62, 98, 99, 1, 93
62, 98, 99, 1, 93
62, 98, 99, 1, 93
62, 98, 99, 1, 93
62, 98, 99, 1, 93
62, 98, 99, 1, 93
62, 98, 99, 1, 93
62, 98, 99, 1, 93
62, 98, 99, 1, 93
62, 98, 99, 1, 93
62, 98, 99, 1, 93
62, 98, 99, 1, 93
62, 98, 99, 1, 93
62, 98, 99, 1, 93
62, 98, 99, 1, 93
62, 98, 99, 1, 93
62, 98, 99, 1, 93
62, 98, 99, 1, 93
62, 98, 99, 1, 93
62, 98, 99, 1, 93
62, 98, 99, 1, 93
62, 98, 99, 1, 93
62, 98, 99, 1, 93
62, 98, 99, 1, 93
62, 98, 99, 1, 93
63, 98, 99, 1, 93
63, 98, 99, 1, 93
63, 98, 99, 1, 93
63, 98, 99, 1, 93
63, 98, 99, 1, 93
63, 98, 99, 1, 93
63, 98, 99, 1, 93
64, 98, 99, 1, 93
64, 98, 99, 1, 93
64, 98, 99, 1, 93
64, 98, 99, 1, 93
63, 98, 99, 1, 93
63, 98, 99, 1, 93
63, 98, 99, 1, 93
63, 98, 99, 1, 93
63, 98, 99, 1, 93
63, 98, 99, 1, 93
63, 98, 99, 1, 93
63, 98, 99, 1, 93
63, 98, 99, 1, 93
63, 98, 99, 1, 93
63, 98, 99, 1, 93
63, 98, 99, 1, 93
63, 98, 99, 1, 93
63, 98, 99, 1, 93
63, 98, 99, 1, 93
63, 98, 99, 1, 93
63, 98, 99, 1, 93
63, 98, 99, 1, 93
63, 98, 99, 1, 93
63, 98, 99, 1, 93
63, 98, 99, 1, 93
63, 98, 99, 1, 93
63, 98, 99, 1, 93
63, 98, 99, 1, 93
63, 98, 99, 1, 93
63, 98, 99, 1, 93
62, 98, 99, 1, 93
62, 98, 99, 1, 93
62, 98, 99, 1, 93
62, 98, 99, 1, 93
62, 98, 99, 1, 93
62, 98, 99, 1, 93
62, 98, 99, 1, 93
62, 98, 99, 1, 93
62, 98, 99, 1, 93
62, 98, 99, 1, 93
62, 98, 99, 1, 93
62, 98, 99, 1, 93
63, 98, 99, 1, 93
63, 98, 99, 1, 93
63, 98, 99, 1, 93
63, 98, 99, 1, 93
63, 98, 99, 1, 93
63, 98, 99, 1, 93
63, 98, 99, 1, 93
63, 98, 99, 1, 93
63, 98, 99, 1, 93
63, 98, 99, 1, 93
63, 98, 99, 1, 93
63, 98, 99, 1, 93
63, 98, 99, 1, 93
63, 98, 99, 1, 93
63, 98, 99, 1, 93
63, 98, 99, 1, 93
62, 98, 99, 1, 93
62, 98, 99, 1, 93
62, 98, 99, 1, 93
62, 98, 99, 1, 93
62, 98, 99, 1, 93
62, 98, 99, 1, 93
62, 98, 99, 1, 93
62, 98, 99, 1, 93
62, 98, 99, 1, 93
62, 98, 99, 1, 93
62, 98, 99, 1, 93
62, 98, 99, 1, 93
62, 98, 99, 1, 93
62, 98, 99, 1, 93
61, 98, 99, 1, 93
61, 98, 99, 1, 93
61, 98, 99, 1, 93
61, 98, 99, 1, 93
61, 98, 99, 1, 93
61, 98, 99, 1, 93
61, 98, 99, 1, 93
61, 98, 99, 1, 93
61, 98, 99, 1, 93
61, 98, 99, 1, 93
61, 98, 99, 1, 93
61, 98, 99, 1, 93
61, 98, 99, 1, 93
61, 98, 99, 1, 93
61, 98, 99, 1, 93
61, 98, 99, 1, 93
61, 98, 99, 1, 93
61, 98, 99, 1, 93
61, 98, 99, 1, 93
61, 98, 99, 1, 93
61, 98, 99, 1, 93
61, 98, 99, 1, 93
61, 98, 99, 1, 93
62, 98, 99, 1, 93
62, 98, 99, 1, 93
62, 98, 99, 1, 93
62, 98, 99, 1, 93
62, 98, 99, 1, 93
62, 98, 99, 1, 93
62, 98, 99, 1, 93
62, 98, 99, 1, 93
62, 98, 99, 1, 93
62, 98, 99, 1, 93
62, 98, 99, 1, 93
62, 98, 99, 1, 93
62, 98, 99, 1, 93
62, 98, 99, 1, 93
62, 98, 99, 1, 93
62, 98, 99, 1, 93
62, 98, 99, 1, 93
62, 98, 99, 1, 93
62, 98, 99, 1, 93
62, 98, 99, 1, 93
62, 98, 99, 1, 93
62, 98, 99, 1, 93
62, 98, 99, 1, 93
62, 98, 99, 1, 93
62, 98, 99, 1, 93
62, 98, 99, 1, 93
62, 98, 99, 1, 93
62, 98, 99, 1, 93
62, 98, 99, 1, 93
62, 98, 99, 1, 93
62, 98, 99, 1, 93
62, 98, 99, 1, 93
62, 98, 99, 1, 93
62, 98, 99, 1, 93
62, 98, 99, 1, 93
62, 98, 99, 1, 93
62, 98, 99, 1, 93
62, 98, 99, 1, 93
62, 98, 99, 1, 93
62, 98, 99, 1, 93
62, 98, 99, 1, 93
62, 98, 99, 1, 93
62, 98, 99, 1, 93
62, 98, 99, 1, 93
62, 98, 99, 1, 93
62, 98, 99, 1, 93
62, 98, 99, 1, 93
62, 98, 99, 1, 93
62, 98, 99, 1, 93
62, 98, 99, 1, 93
62, 98, 99, 1, 93
63, 98, 99, 1, 93
63, 98, 99, 1, 93
63, 98, 99, 1, 93
63, 98, 99, 1, 93
63, 98, 99, 1, 93
64, 98, 99, 1, 93
64, 98, 99, 1, 93
64, 98, 99, 1, 93
64, 98, 99, 1, 93
65, 98, 99, 1, 93
65, 98, 99, 1, 93
65, 98, 99, 1, 93
65, 98, 99, 1, 93
65, 98, 99, 1, 93
65, 98, 99, 1, 93
66, 97, 99, 1, 93
66, 97, 99, 1, 93
66, 97, 99, 1, 93
66, 97, 99, 1, 93
66, 97, 99, 1, 93
66, 97, 99, 1, 93
66, 97, 99, 1, 93
66, 97, 99, 1, 93
67, 97, 99, 1, 93
67, 97, 99, 1, 93
67, 97, 99, 1, 93
67, 96, 99, 1, 93
68, 44, 99, 1, 93
68, 14, 99, 1, 93
69, 2, 99, 1, 93
69, 2, 99, 1, 93
70, 2, 99, 1, 93
70, 2, 99, 1, 93
70, 2, 99, 1, 93
70, 2, 99, 1, 93
70, 2, 99, 1, 93
70, 2, 99, 1, 93
70, 2, 99, 1, 93
70, 2, 99, 1, 93
70, 2, 99, 1, 93
71, 2, 99, 1, 93
71, 2, 99, 1, 93
71, 2, 99, 1, 93
71, 2, 99, 1, 93
71, 2, 99, 1, 93
71, 2, 99, 1, 93
71, 2, 99, 1, 93
71, 2, 99, 1, 93
71, 2, 99, 1, 93
71, 2, 99, 1, 93
71, 2, 99, 1, 93
71, 2, 99, 1, 93
71, 2, 99, 1, 93
71, 2, 99, 1, 93
71, 2, 99, 1, 93
71, 2, 99, 1, 93
72, 2, 99, 1, 93
72, 2, 99, 1, 93
72, 2, 99, 1, 93
72, 2, 99, 1, 93
72, 2, 99, 1, 93
72, 2, 99, 1, 93
72, 2, 99, 1, 93
72, 2, 99, 1, 93
72, 2, 99, 1, 93
78, 2, 99, 1, 93
79, 2, 99, 1, 93
79, 2, 99, 1, 93
79, 2, 99, 1, 93
80, 2, 99, 1, 93
81, 2, 99, 1, 93
81, 2, 99, 1, 93
81, 2, 99, 1, 93
81, 2, 99, 1, 93
81, 2, 99, 1, 93
81, 2, 99, 1, 93
82, 2, 99, 1, 93
82, 2, 99, 1, 93
82, 2, 99, 1, 93
82, 2, 99, 1, 93
82, 2, 99, 2, 93
82, 2, 99, 2, 93
82, 2, 99, 1, 93
82, 2, 99, 1, 93
82, 2, 99, 1, 93
82, 2, 99, 1, 93
82, 2, 99, 1, 93
82, 2, 99, 1, 93
82, 2, 99, 1, 93
82, 2, 99, 1, 93
82, 2, 99, 1, 93
82, 2, 99, 1, 93
82, 2, 99, 1, 93
82, 2, 99, 1, 93
82, 2, 99, 1, 93
82, 2, 99, 1, 93
82, 2, 99, 1, 93
82, 2, 99, 1, 93
82, 2, 99, 1, 93
82, 2, 99, 1, 93
82, 2, 99, 1, 93
82, 2, 99, 1, 93
82, 2, 99, 1, 93
82, 2, 99, 1, 93
82, 2, 99, 1, 93
82, 2, 99, 1, 93
82, 2, 99, 1, 93
82, 2, 99, 1, 93
82, 2, 99, 1, 93
82, 2, 99, 1, 93
82, 2, 99, 1, 93
82, 2, 99, 1, 93
82, 2, 99, 1, 93
82, 2, 99, 1, 93
82, 2, 99, 1, 93
82, 2, 99, 1, 93
82, 2, 99, 1, 93
82, 2, 99, 1, 93
82, 2, 99, 1, 93
82, 2, 99, 1, 93
82, 2, 99, 1, 93
82, 2, 99, 1, 93
82, 2, 99, 1, 93
82, 2, 99, 1, 93
82, 2, 99, 1, 93
82, 2, 99, 1, 93
82, 2, 99, 1, 93
82, 2, 99, 1, 93
81, 2, 99, 1, 93
81, 2, 99, 1, 93
81, 2, 99, 1, 93
81, 2, 99, 1, 93
81, 2, 99, 1, 93
81, 2, 99, 1, 93
81, 2, 99, 1, 93
81, 2, 99, 1, 93
81, 2, 99, 1, 93
81, 2, 99, 1, 93
80, 2, 99, 1, 93
80, 2, 99, 1, 93
80, 2, 99, 1, 93
79, 2, 99, 1, 93
79, 2, 99, 1, 93
78, 2, 99, 1, 93
72, 2, 99, 1, 93
72, 2, 99, 1, 93
72, 2, 99, 1, 93
72, 2, 99, 1, 93
72, 2, 99, 1, 93
72, 2, 99, 1, 93
72, 2, 99, 1, 93
71, 2, 99, 1, 93
71, 2, 99, 1, 93
71, 2, 99, 1, 93
71, 2, 99, 1, 93
71, 2, 99, 1, 93
71, 2, 99, 1, 93
71, 2, 99, 1, 93
71, 2, 99, 1, 93
71, 2, 99, 1, 93
71, 2, 99, 1, 93
71, 2, 99, 1, 93
71, 2, 99, 1, 93
71, 2, 99, 1, 93
71, 2, 99, 1, 93
71, 2, 99, 1, 93
71, 2, 99, 1, 93
71, 2, 99, 1, 93
71, 2, 99, 1, 93
71, 2, 99, 1, 93
70, 2, 99, 1, 93
70, 2, 99, 1, 93
70, 2, 99, 1, 93
70, 2, 99, 1, 93
70, 2, 99, 1, 93
70, 2, 99, 1, 93
70, 2, 99, 1, 93
70, 2, 99, 1, 93
70, 2, 99, 1, 93
70, 2, 99, 1, 93
70, 2, 99, 1, 93
70, 2, 99, 1, 93
70, 2, 99, 1, 93
70, 2, 99, 1, 93
70, 2, 99, 1, 93
70, 2, 99, 1, 93
70, 2, 99, 1, 93
70, 2, 99, 1, 93
70, 2, 99, 1, 93
69, 2, 99, 1, 93
69, 2, 99, 1, 93
69, 1, 99, 1, 93
68, 1, 99, 1, 93
68, 1, 99, 1, 93
67, 1, 99, 1, 93
67, 1, 99, 1, 93
67, 1, 99, 1, 93
67, 1, 99, 1, 93
67, 1, 99, 1, 93
67, 1, 99, 1, 93
67, 2, 99, 1, 93
67, 1, 99, 1, 93
66, 1, 99, 1, 93
66, 1, 99, 1, 93
66, 1, 99, 1, 93
65, 1, 99, 1, 93
65, 1, 99, 1, 93
65, 1, 99, 1, 93
63, 1, 99, 1, 93
63, 1, 99, 1, 93
63, 1, 99, 1, 93
62, 1, 99, 1, 93
62, 1, 99, 1, 93
62, 1, 99, 1, 93
62, 1, 99, 1, 93
62, 1, 99, 1, 93
62, 1, 99, 1, 93
62, 1, 99, 1, 93
62, 1, 99, 1, 93
62, 1, 99, 1, 93
62, 1, 99, 1, 93
62, 1, 99, 1, 93
62, 1, 99, 1, 93
62, 1, 99, 1, 93
62, 1, 99, 1, 93
62, 1, 99, 1, 93
62, 1, 99, 1, 93
62, 1, 99, 1, 93
62, 1, 99, 1, 93
62, 1, 99, 1, 93
62, 1, 99, 1, 93
62, 1, 99, 1, 93
62, 1, 99, 1, 93
62, 1, 99, 1, 93
62, 1, 99, 1, 93
62, 1, 99, 1, 93
62, 1, 99, 1, 93
62, 1, 99, 1, 93
62, 1, 99, 1, 93
62, 1, 99, 1, 93
62, 1, 99, 1, 93
62, 1, 99, 1, 93
62, 1, 99, 1, 93
62, 1, 99, 1, 93
62, 1, 99, 1, 93
62, 1, 99, 1, 93
62, 1, 99, 1, 93
62, 1, 99, 1, 93
62, 1, 99, 1, 93
62, 1, 99, 1, 93
62, 1, 99, 1, 93
62, 1, 99, 1, 93
62, 1, 99, 1, 93
62, 1, 99, 1, 93
62, 1, 99, 1, 93
62, 1, 99, 1, 93
62, 1, 99, 1, 93
62, 1, 99, 1, 93
63, 76, 99, 1, 93
63, 95, 99, 1, 93
63, 96, 99, 1, 93
63, 97, 99, 1, 93
63, 97, 99, 1, 93
63, 97, 99, 1, 93
64, 97, 99, 1, 93
64, 97, 99, 1, 93
64, 97, 99, 1, 93
64, 97, 99, 1, 93
64, 97, 99, 1, 93
64, 97, 99, 1, 93
64, 97, 99, 1, 93
64, 97, 99, 1, 93
63, 97, 99, 1, 93
63, 97, 99, 1, 93
63, 97, 99, 1, 93
63, 97, 99, 1, 93
64, 97, 99, 1, 93
64, 97, 99, 1, 93
64, 97, 99, 1, 93
64, 97, 99, 1, 93
64, 97, 99, 1, 93
64, 97, 99, 1, 93
63, 97, 99, 1, 93
63, 97, 99, 1, 93
63, 97, 99, 1, 93
63, 13, 99, 1, 93
63, 13, 99, 1, 93
63, 2, 99, 1, 93
62, 1, 99, 1, 93
62, 1, 99, 1, 93
62, 1, 99, 1, 93
62, 1, 99, 1, 93
62, 1, 99, 1, 93
62, 1, 99, 1, 93
62, 1, 99, 1, 93
62, 1, 99, 1, 93
68, 97, 99, 1, 93
68, 97, 99, 1, 93
68, 97, 99, 1, 93
68, 97, 99, 1, 93
68, 97, 99, 1, 93
68, 97, 99, 1, 93
68, 97, 99, 1, 93
68, 97, 99, 1, 93
68, 97, 99, 1, 93
68, 97, 99, 1, 93
68, 97, 99, 1, 93
68, 97, 99, 1, 93
68, 97, 99, 1, 93
68, 97, 99, 1, 93
69, 97, 99, 1, 93
68, 97, 99, 1, 93
68, 97, 99, 1, 93
68, 97, 99, 1, 93
68, 97, 99, 1, 93
69, 97, 99, 1, 93
69, 97, 99, 1, 93
69, 97, 99, 1, 93
69, 97, 99, 1, 93
69, 97, 99, 1, 93
69, 97, 99, 1, 93
69, 97, 99, 1, 93
69, 97, 99, 1, 93
69, 97, 99, 1, 93
69, 97, 99, 1, 93
69, 97, 99, 1, 93
69, 97, 99, 1, 93
69, 97, 99, 1, 93
69, 97, 99, 1, 93
69, 97, 99, 1, 93
69, 97, 99, 1, 93
69, 97, 99, 1, 93
69, 97, 99, 1, 93
69, 97, 99, 1, 93
69, 97, 99, 1, 93
69, 97, 99, 1, 93
69, 97, 99, 1, 93
69, 97, 99, 1, 93
70, 97, 99, 1, 93
70, 97, 99, 1, 93
69, 97, 99, 1, 93
69, 97, 99, 1, 93
69, 97, 99, 1, 93
69, 97, 99, 1, 93
69, 97, 99, 1, 93
70, 97, 99, 1, 93
69, 97, 99, 1, 93
69, 97, 99, 1, 93
69, 97, 99, 1, 93
69, 97, 99, 1, 93
69, 97, 99, 1, 93
69, 97, 99, 1, 93
69, 97, 99, 1, 93
69, 97, 99, 1, 93
69, 97, 99, 1, 93
69, 97, 99, 1, 93
69, 97, 99, 1, 93
69, 97, 99, 1, 93
69, 97, 99, 1, 93
69, 97, 99, 1, 93
69, 97, 99, 1, 93
69, 97, 99, 1, 93
69, 97, 99, 1, 93
69, 97, 99, 1, 93
69, 97, 99, 1, 93
69, 97, 99, 1, 93
69, 97, 99, 1, 93
69, 97, 99, 1, 93
69, 97, 99, 1, 93
69, 97, 99, 1, 93
69, 97, 99, 1, 93
69, 97, 99, 1, 93
69, 97, 99, 1, 93
69, 97, 99, 1, 93
69, 97, 99, 1, 93
69, 97, 99, 1, 93
69, 97, 99, 1, 93
69, 97, 99, 1, 93
69, 97, 99, 1, 93
69, 97, 99, 1, 93
69, 97, 99, 1, 93
69, 97, 99, 1, 93
69, 97, 99, 1, 93
69, 97, 99, 1, 93
69, 97, 99, 1, 93
69, 97, 99, 1, 93
69, 97, 99, 1, 93
69, 97, 99, 1, 93
69, 97, 99, 1, 93
69, 97, 99, 1, 93
69, 97, 99, 1, 93
69, 97, 99, 1, 93
69, 97, 99, 1, 93
69, 97, 99, 1, 93
69, 97, 99, 1, 93
69, 97, 99, 1, 93
69, 97, 99, 1, 93
69, 97, 99, 1, 93
69, 97, 99, 1, 93
69, 97, 99, 1, 93
69, 97, 99, 1, 93
69, 97, 99, 1, 93
69, 97, 99, 1, 93
69, 97, 99, 1, 93
69, 97, 99, 1, 93
69, 97, 99, 1, 93
69, 97, 99, 1, 93
69, 97, 99, 1, 93
69, 97, 99, 1, 93
69, 97, 99, 1, 93
69, 97, 99, 1, 93
69, 97, 99, 1, 93
69, 97, 99, 1, 93
69, 97, 99, 1, 93
69, 97, 99, 1, 93
69, 97, 99, 1, 93
69, 97, 99, 1, 93
69, 97, 99, 1, 93
69, 97, 99, 1, 93
69, 97, 99, 1, 93
69, 97, 99, 1, 93
69, 97, 99, 1, 93
69, 97, 99, 1, 93
69, 97, 99, 1, 93
69, 97, 99, 1, 93
69, 97, 99, 1, 93
69, 97, 99, 1, 93
69, 97, 99, 1, 93
70, 97, 99, 1, 93
70, 97, 99, 1, 93
70, 97, 99, 1, 93
70, 97, 99, 1, 93
70, 97, 99, 1, 93
70, 97, 99, 1, 93
70, 97, 99, 1, 93
70, 97, 99, 1, 93
70, 97, 99, 1, 93
70, 97, 99, 1, 93
70, 97, 99, 1, 93
70, 97, 99, 1, 93
70, 97, 99, 1, 93
70, 97, 99, 1, 93
70, 97, 99, 1, 93
70, 97, 99, 1, 93
70, 97, 99, 1, 93
70, 97, 99, 1, 93
70, 97, 99, 1, 93
70, 97, 99, 1, 93
70, 97, 99, 1, 93
70, 97, 99, 1, 93
70, 96, 99, 1, 93
70, 96, 99, 1, 93
70, 2, 99, 1, 93
70, 2, 99, 1, 93
70, 2, 99, 1, 93
70, 2, 99, 1, 93
70, 2, 99, 1, 93
70, 2, 99, 1, 93
70, 2, 99, 1, 93
70, 2, 99, 1, 93
70, 2, 99, 1, 93
70, 2, 99, 1, 93
70, 2, 99, 1, 93
70, 2, 99, 1, 93
70, 2, 99, 1, 93
70, 2, 99, 1, 93
70, 2, 99, 1, 93
70, 2, 99, 1, 93
70, 2, 99, 1, 93
70, 2, 99, 1, 93
70, 2, 99, 1, 93
70, 2, 99, 1, 93
70, 2, 99, 1, 93
70, 2, 99, 1, 93
70, 2, 99, 1, 93
70, 2, 99, 1, 93
70, 2, 99, 1, 93
70, 2, 99, 1, 93
70, 2, 99, 1, 93
70, 2, 99, 1, 93
70, 2, 99, 1, 93
70, 2, 99, 1, 93
70, 2, 99, 1, 93
70, 2, 99, 1, 93
70, 2, 99, 1, 93
70, 2, 99, 1, 93
70, 2, 99, 1, 93
70, 2, 99, 1, 93
70, 2, 99, 1, 93
70, 2, 99, 1, 93
70, 2, 99, 1, 93
70, 2, 99, 1, 93
70, 2, 99, 1, 93
70, 2, 99, 1, 93
70, 2, 99, 1, 93
70, 2, 99, 1, 93
70, 2, 99, 1, 93
70, 2, 99, 1, 93
70, 6, 99, 1, 93
70, 68, 99, 1, 93
70, 94, 99, 1, 93
70, 95, 99, 1, 93
70, 95, 99, 1, 93
70, 96, 99, 1, 93
70, 96, 99, 1, 93
70, 96, 99, 1, 93
70, 96, 99, 1, 93
70, 96, 99, 1, 93
70, 96, 99, 1, 93
70, 96, 99, 1, 93
70, 96, 99, 1, 93
70, 97, 99, 1, 93
70, 97, 99, 1, 93
70, 97, 99, 1, 93
70, 97, 99, 1, 93
70, 97, 99, 1, 93
70, 96, 99, 1, 93
70, 96, 99, 1, 93
70, 95, 99, 1, 93
70, 74, 99, 1, 93
70, 75, 99, 1, 93
70, 75, 99, 1, 93
70, 2, 99, 1, 93
70, 2, 99, 1, 93
70, 2, 99, 1, 93
70, 2, 99, 1, 93
70, 2, 99, 1, 93
70, 2, 99, 1, 93
70, 2, 99, 1, 93
70, 2, 99, 1, 93
70, 2, 99, 1, 93
70, 2, 99, 1, 93
70, 2, 99, 1, 93
70, 2, 99, 1, 93
70, 2, 99, 1, 93
70, 2, 99, 1, 93
70, 2, 99, 1, 93
70, 2, 99, 1, 93
70, 2, 99, 1, 93
70, 2, 99, 1, 93
70, 2, 99, 1, 93
70, 2, 99, 1, 93
70, 2, 99, 1, 93
70, 2, 99, 1, 93
70, 2, 99, 1, 93
70, 2, 99, 1, 93
70, 2, 99, 1, 93
70, 2, 99, 1, 93
70, 2, 99, 1, 93
70, 2, 99, 1, 93
70, 2, 99, 1, 93
70, 2, 99, 1, 93
70, 2, 99, 1, 93
70, 2, 99, 1, 93
70, 2, 99, 1, 93
70, 2, 99, 1, 93
70, 2, 99, 1, 93
70, 2, 99, 1, 93
70, 2, 99, 1, 93
70, 2, 99, 1, 93
70, 2, 99, 1, 93
70, 2, 99, 1, 93
70, 2, 99, 1, 93
70, 2, 99, 1, 93
70, 2, 99, 1, 93
70, 2, 99, 1, 93
70, 80, 99, 1, 93
70, 95, 99, 1, 93
70, 96, 99, 1, 93
70, 97, 99, 1, 93
70, 97, 99, 1, 93
70, 97, 99, 1, 93
70, 97, 99, 1, 93
70, 97, 99, 1, 93
70, 97, 99, 1, 93
70, 97, 99, 1, 93
70, 97, 99, 1, 93
70, 97, 99, 1, 93
70, 97, 99, 1, 93
70, 97, 99, 1, 93
70, 97, 99, 1, 93
70, 97, 99, 1, 93
70, 97, 99, 1, 93
70, 97, 99, 1, 93
70, 97, 99, 1, 93
70, 97, 99, 1, 93
70, 97, 99, 1, 93
70, 97, 99, 1, 93
70, 97, 99, 1, 93
70, 97, 99, 1, 93
70, 97, 99, 1, 93
71, 97, 99, 1, 93
71, 97, 99, 1, 93
70, 97, 99, 1, 93
71, 97, 99, 1, 93
71, 97, 99, 1, 93
71, 97, 99, 1, 93
71, 97, 99, 1, 93
71, 97, 99, 1, 93
71, 97, 99, 1, 93
71, 97, 99, 1, 93
71, 97, 99, 1, 93
71, 97, 99, 1, 93
71, 97, 99, 1, 93
71, 97, 99, 1, 93
71, 97, 99, 1, 93
71, 97, 99, 1, 93
71, 97, 99, 1, 93
71, 97, 99, 1, 93
71, 97, 99, 1, 93
71, 97, 99, 1, 93
71, 97, 99, 1, 93
71, 97, 99, 1, 93
71, 97, 99, 1, 93
71, 97, 99, 1, 93
71, 97, 99, 1, 93
71, 97, 99, 1, 93
71, 97, 99, 1, 93
71, 97, 99, 1, 93
71, 97, 99, 1, 93
71, 97, 99, 1, 93
71, 97, 99, 1, 93
71, 97, 99, 1, 93
71, 97, 99, 1, 93
71, 97, 99, 1, 93
71, 97, 99, 1, 93
71, 96, 99, 1, 93
71, 87, 99, 1, 93
71, 2, 99, 1, 93
71, 2, 99, 1, 93
71, 2, 99, 1, 93
71, 2, 99, 1, 93
71, 2, 99, 1, 93
71, 2, 99, 1, 93
71, 2, 99, 1, 93
71, 2, 99, 1, 93
71, 2, 99, 1, 93
71, 2, 99, 1, 93
71, 2, 99, 1, 93
71, 2, 99, 1, 93
71, 2, 99, 1, 93
71, 2, 99, 1, 93
71, 2, 99, 1, 93
71, 2, 99, 1, 93
71, 2, 99, 1, 93
71, 2, 99, 1, 93
71, 2, 99, 1, 93
71, 2, 99, 1, 93
71, 2, 99, 1, 93
71, 2, 99, 1, 93
71, 2, 99, 1, 93
71, 2, 99, 1, 93
71, 2, 99, 1, 93
71, 2, 99, 1, 93
71, 2, 99, 1, 93
71, 2, 99, 1, 93
71, 2, 99, 1, 93
71, 2, 99, 1, 93
71, 2, 99, 1, 93
71, 2, 99, 1, 93
71, 2, 99, 1, 93
71, 2, 99, 1, 93
71, 2, 99, 1, 93
71, 2, 99, 1, 93
71, 2, 99, 1, 93
71, 2, 99, 1, 93
71, 2, 99, 1, 93
71, 2, 99, 1, 93
71, 2, 99, 1, 93
71, 2, 99, 1, 93
71, 2, 99, 1, 93
71, 2, 99, 1, 93
71, 2, 99, 1, 93
71, 2, 99, 1, 93
71, 2, 99, 1, 93
71, 2, 99, 1, 93
71, 2, 99, 1, 93
71, 1, 99, 1, 93
71, 1, 99, 1, 93
71, 1, 99, 1, 93
71, 2, 99, 1, 93
72, 1, 99, 1, 93
72, 2, 99, 1, 93
72, 2, 99, 1, 93
72, 2, 99, 1, 93
72, 2, 99, 1, 93
72, 2, 99, 1, 93
72, 2, 99, 1, 93
72, 2, 99, 1, 93
72, 2, 99, 1, 93
72, 2, 99, 1, 93
72, 2, 99, 1, 93
72, 2, 99, 1, 93
72, 2, 99, 1, 93
72, 2, 99, 1, 93
72, 2, 99, 1, 93
72, 2, 99, 1, 93
73, 2, 99, 1, 93
78, 2, 99, 1, 93
78, 2, 99, 1, 93
79, 2, 99, 1, 93
79, 2, 99, 1, 93
79, 2, 99, 1, 93
79, 2, 99, 1, 93
80, 2, 99, 1, 93
81, 2, 99, 1, 93
81, 2, 99, 1, 93
81, 2, 99, 1, 93
81, 2, 99, 1, 93
81, 2, 99, 1, 93
81, 2, 99, 1, 93
82, 2, 99, 1, 93
82, 2, 99, 1, 93
82, 2, 99, 1, 93
82, 2, 99, 1, 93
82, 2, 99, 1, 93
82, 2, 99, 1, 93
82, 2, 99, 1, 93
83, 2, 99, 1, 93
83, 2, 99, 1, 93
83, 2, 99, 1, 93
83, 2, 99, 1, 93
83, 2, 99, 1, 93
83, 2, 99, 1, 93
83, 2, 99, 1, 93
83, 2, 99, 1, 93
83, 2, 99, 1, 93
83, 2, 99, 1, 93
83, 2, 99, 1, 93
83, 2, 99, 1, 93
83, 2, 99, 2, 93
83, 2, 99, 2, 93
83, 2, 99, 1, 93
83, 2, 99, 1, 93
83, 2, 99, 1, 93
84, 2, 99, 1, 93
84, 2, 99, 1, 93
84, 2, 99, 1, 93
84, 2, 99, 1, 93
84, 2, 99, 1, 93
84, 2, 99, 1, 93
84, 2, 99, 1, 93
84, 2, 99, 1, 93
84, 2, 99, 1, 93
84, 2, 99, 1, 93
84, 2, 99, 1, 93
84, 2, 99, 1, 93
84, 2, 99, 1, 93
84, 2, 99, 1, 93
84, 2, 99, 1, 93
84, 2, 99, 1, 93
84, 2, 98, 1, 93
85, 2, 98, 1, 93
84, 2, 98, 1, 93
85, 2, 98, 1, 93
85, 2, 98, 1, 93
85, 2, 98, 1, 93
85, 2, 98, 1, 93
85, 2, 98, 1, 93
85, 2, 98, 1, 93
85, 2, 98, 1, 93
85, 2, 98, 1, 93
85, 2, 98, 1, 93
85, 2, 98, 1, 93
85, 2, 98, 1, 93
85, 2, 98, 1, 93
85, 2, 98, 1, 93
85, 2, 97, 1, 93
85, 2, 97, 1, 93
85, 2, 97, 1, 93
85, 2, 96, 1, 93
85, 2, 96, 1, 93
85, 2, 96, 1, 93
85, 2, 96, 1, 93
85, 2, 96, 1, 93
85, 2, 96, 1, 93
85, 2, 96, 1, 93
85, 2, 96, 1, 93
85, 2, 96, 1, 93
85, 2, 96, 1, 93
85, 2, 96, 1, 93
86, 2, 96, 1, 93
86, 2, 96, 1, 93
86, 2, 96, 1, 93
86, 2, 96, 1, 93
86, 2, 96, 1, 93
86, 2, 96, 1, 93
86, 2, 96, 1, 93
86, 2, 96, 1, 93
86, 2, 96, 1, 93
87, 2, 96, 1, 93
87, 2, 96, 1, 93
87, 2, 96, 1, 93
87, 2, 96, 1, 93
87, 2, 96, 1, 93
87, 2, 96, 1, 93
87, 2, 96, 1, 93
88, 2, 96, 1, 93
88, 2, 96, 1, 93
88, 2, 96, 1, 93
88, 2, 96, 1, 93
88, 2, 96, 1, 93
88, 2, 96, 1, 93
88, 2, 96, 1, 93
88, 2, 96, 1, 93
88, 2, 96, 1, 93
88, 2, 96, 1, 93
88, 2, 96, 1, 93
88, 2, 96, 1, 93
88, 2, 96, 1, 93
88, 2, 96, 1, 93
88, 2, 96, 1, 93
88, 2, 96, 1, 93
88, 2, 96, 1, 93
88, 2, 96, 1, 93
88, 2, 96, 1, 93
88, 2, 96, 1, 93
88, 2, 96, 1, 93
88, 2, 96, 1, 93
88, 2, 96, 1, 93
88, 2, 96, 2, 93
88, 2, 96, 1, 93
88, 2, 96, 2, 93
88, 2, 96, 1, 93
88, 2, 96, 1, 93
88, 2, 96, 1, 93
88, 2, 96, 1, 93
88, 2, 96, 1, 93
88, 2, 96, 1, 93
88, 2, 96, 1, 93
88, 2, 96, 1, 93
88, 2, 96, 1, 93
88, 2, 96, 1, 93
88, 2, 96, 1, 93
88, 2, 96, 1, 93
88, 2, 96, 1, 93
88, 2, 96, 1, 93
88, 2, 96, 1, 93
88, 2, 95, 2, 93
88, 2, 96, 1, 93
88, 2, 96, 1, 93
88, 2, 96, 1, 93
88, 2, 96, 1, 93
88, 2, 96, 1, 93
88, 2, 96, 1, 93
88, 2, 96, 1, 93
88, 2, 96, 1, 93
88, 2, 96, 2, 93
88, 2, 96, 1, 93
88, 2, 96, 1, 93
89, 2, 96, 1, 93
89, 2, 96, 2, 93
89, 2, 96, 1, 93
89, 2, 96, 1, 93
89, 2, 96, 1, 93
89, 2, 96, 1, 93
89, 2, 96, 1, 93
89, 2, 96, 1, 93
89, 2, 95, 1, 93
89, 2, 95, 1, 93
89, 2, 95, 1, 93
89, 2, 95, 1, 93
89, 2, 95, 1, 93
89, 2, 95, 1, 93
89, 2, 95, 2, 93
89, 2, 95, 2, 93
89, 2, 95, 1, 93
89, 2, 95, 1, 93
89, 2, 95, 1, 93
89, 2, 95, 1, 93
89, 2, 95, 2, 93
89, 2, 95, 2, 93
89, 2, 95, 2, 93
89, 2, 95, 1, 93
89, 2, 95, 1, 93
89, 2, 95, 1, 93
89, 2, 95, 2, 93
89, 2, 95, 2, 93
89, 2, 95, 1, 93
89, 2, 95, 1, 93
89, 2, 95, 1, 93
89, 2, 95, 2, 93
89, 2, 95, 1, 93
89, 2, 95, 1, 93
90, 2, 95, 1, 93
89, 2, 95, 1, 93
89, 2, 95, 1, 93
89, 2, 95, 2, 93
89, 2, 95, 2, 93
89, 2, 95, 1, 93
89, 2, 95, 1, 93
89, 2, 95, 2, 93
89, 2, 95, 2, 93
89, 2, 95, 1, 93
89, 2, 95, 2, 93
89, 2, 95, 1, 93
89, 2, 95, 1, 93
89, 2, 95, 1, 93
89, 2, 95, 1, 93
89, 2, 95, 1, 93
89, 2, 95, 2, 93
89, 2, 95, 1, 93
89, 2, 95, 2, 93
89, 2, 95, 1, 93
89, 2, 95, 1, 93
89, 2, 96, 2, 93
89, 2, 96, 1, 93
89, 2, 96, 2, 93
89, 2, 96, 1, 93
89, 2, 96, 2, 93
89, 2, 96, 1, 93
89, 2, 96, 1, 93
89, 2, 96, 1, 93
89, 2, 96, 1, 93
89, 2, 96, 1, 93
89, 2, 96, 1, 93
89, 2, 96, 1, 93
89, 2, 96, 1, 93
89, 2, 96, 2, 93
89, 2, 96, 2, 93
89, 2, 96, 2, 93
89, 2, 96, 2, 93
89, 2, 96, 1, 93
89, 2, 96, 1, 93
89, 2, 96, 1, 93
89, 2, 96, 1, 93
89, 2, 96, 1, 93
89, 2, 96, 1, 93
89, 2, 96, 1, 93
89, 2, 96, 1, 93
89, 2, 96, 1, 93
89, 2, 96, 1, 93
89, 2, 96, 1, 93
89, 2, 96, 1, 93
89, 2, 96, 1, 93
89, 2, 96, 1, 93
89, 2, 96, 1, 93
89, 2, 96, 1, 93
89, 2, 96, 1, 93
89, 2, 96, 1, 93
89, 2, 96, 1, 93
88, 2, 96, 1, 93
88, 2, 96, 1, 93
88, 2, 96, 1, 93
88, 2, 96, 1, 93
88, 2, 96, 1, 93
88, 2, 96, 1, 93
88, 2, 96, 2, 93
88, 2, 96, 1, 93
88, 2, 96, 1, 93
88, 2, 96, 1, 93
88, 2, 96, 1, 93
88, 2, 96, 1, 93
88, 2, 96, 1, 93
88, 2, 96, 2, 93
88, 2, 96, 1, 93
88, 2, 96, 1, 93
88, 2, 96, 1, 93
88, 2, 96, 1, 93
88, 2, 96, 1, 93
88, 2, 96, 1, 93
88, 2, 96, 1, 93
88, 2, 96, 1, 93
88, 2, 96, 1, 93
88, 2, 96, 1, 93
88, 2, 96, 1, 93
88, 2, 96, 1, 93
88, 2, 96, 1, 93
88, 2, 96, 1, 93
88, 2, 96, 1, 93
88, 2, 96, 1, 93
88, 2, 96, 1, 93
88, 2, 96, 1, 93
88, 2, 96, 1, 93
88, 2, 96, 1, 93
88, 2, 96, 1, 93
88, 2, 96, 1, 93
88, 2, 96, 1, 93
88, 2, 96, 1, 93
88, 2, 96, 1, 93
88, 2, 97, 1, 93
88, 2, 97, 1, 93
88, 2, 98, 1, 93
88, 2, 98, 1, 93
88, 2, 98, 1, 93
88, 2, 98, 1, 93
88, 2, 98, 1, 93
88, 2, 98, 1, 93
88, 2, 98, 1, 93
87, 2, 98, 1, 93
87, 2, 98, 2, 93
87, 2, 98, 1, 93
87, 2, 98, 1, 93
87, 2, 98, 1, 93
87, 2, 97, 1, 93
87, 2, 96, 1, 93
87, 2, 96, 1, 93
87, 2, 96, 1, 93
87, 2, 96, 1, 93
86, 2, 96, 1, 93
86, 2, 96, 1, 93
86, 2, 96, 1, 93
86, 2, 96, 1, 93
86, 2, 96, 1, 93
86, 2, 96, 1, 93
86, 2, 96, 1, 93
86, 2, 96, 1, 93
86, 2, 96, 1, 93
86, 2, 96, 1, 93
86, 2, 96, 1, 93
86, 2, 96, 1, 93
86, 2, 96, 1, 93
86, 2, 96, 1, 93
86, 2, 96, 1, 93
86, 2, 96, 1, 93
86, 2, 96, 1, 93
86, 2, 96, 1, 93
86, 2, 96, 1, 93
84, 2, 99, 1, 93
84, 2, 99, 1, 93
84, 2, 99, 1, 93
83, 2, 99, 1, 93
84, 2, 99, 1, 93
84, 2, 99, 1, 93
83, 2, 99, 1, 93
83, 2, 99, 1, 93
83, 2, 99, 1, 93
83, 2, 99, 1, 93
83, 2, 99, 1, 93
83, 2, 99, 1, 93
83, 2, 99, 1, 93
83, 2, 99, 1, 93
83, 2, 99, 1, 93
83, 2, 99, 1, 93
83, 2, 99, 1, 93
83, 2, 99, 1, 93
83, 2, 99, 1, 93
83, 2, 99, 1, 93
83, 2, 99, 1, 93
83, 2, 99, 1, 93
83, 2, 99, 1, 93
83, 2, 99, 1, 93
83, 2, 99, 1, 93
83, 2, 99, 1, 93
83, 2, 99, 1, 93
83, 2, 99, 1, 93
83, 2, 99, 1, 93
83, 2, 99, 1, 93
83, 2, 99, 1, 93
83, 2, 99, 1, 93
83, 2, 99, 1, 93
83, 2, 99, 1, 93
83, 2, 99, 1, 93
83, 2, 99, 1, 93
83, 2, 99, 1, 93
83, 2, 99, 1, 93
83, 2, 99, 1, 93
83, 2, 99, 1, 93
83, 2, 99, 1, 93
83, 2, 99, 1, 93
83, 2, 99, 1, 93
83, 2, 99, 1, 93
82, 2, 99, 1, 93
82, 2, 99, 1, 93
82, 2, 99, 2, 93
82, 2, 99, 2, 93
82, 2, 99, 2, 93
82, 2, 99, 1, 93
82, 2, 99, 1, 93
82, 2, 99, 1, 93
82, 2, 99, 1, 93
82, 2, 99, 1, 93
82, 2, 99, 1, 93
82, 2, 99, 1, 93
82, 2, 99, 1, 93
82, 2, 99, 1, 93
82, 2, 99, 1, 93
82, 2, 99, 1, 93
82, 2, 99, 1, 93
82, 2, 99, 1, 93
82, 2, 99, 1, 93
82, 2, 99, 1, 93
82, 2, 99, 1, 93
82, 2, 99, 1, 93
82, 2, 99, 1, 93
82, 2, 99, 1, 93
82, 2, 99, 1, 93
82, 2, 99, 1, 93
82, 2, 99, 1, 93
82, 2, 99, 1, 93
82, 2, 99, 1, 93
82, 2, 99, 1, 93
82, 2, 99, 1, 93
82, 2, 99, 1, 93
82, 2, 99, 1, 93
82, 2, 99, 1, 93
82, 2, 99, 1, 93
82, 2, 99, 1, 93
82, 2, 99, 1, 93
82, 2, 99, 1, 93
82, 2, 99, 1, 93
82, 2, 99, 1, 93
82, 2, 99, 1, 93
82, 2, 99, 1, 93
82, 2, 99, 1, 93
82, 2, 99, 1, 93
82, 2, 99, 1, 93
82, 2, 99, 1, 93
82, 2, 99, 1, 93
82, 2, 99, 1, 93
82, 2, 99, 1, 93
82, 2, 99, 1, 93
82, 2, 99, 1, 93
82, 2, 99, 1, 93
82, 2, 99, 1, 93
82, 2, 99, 1, 93
82, 2, 99, 1, 93
82, 2, 99, 1, 93
82, 2, 99, 1, 93
82, 2, 99, 1, 93
82, 2, 99, 1, 93
82, 2, 99, 1, 93
82, 2, 99, 1, 93
82, 2, 99, 1, 93
82, 2, 99, 1, 93
82, 2, 99, 1, 93
82, 2, 99, 1, 93
82, 2, 99, 1, 93
82, 2, 99, 1, 93
82, 2, 99, 1, 93
82, 2, 99, 1, 93
82, 2, 99, 1, 93
82, 2, 99, 1, 93
82, 2, 99, 1, 93
82, 2, 99, 1, 93
82, 2, 99, 1, 93
82, 2, 99, 1, 93
82, 2, 99, 1, 93
82, 2, 99, 1, 93
82, 2, 99, 1, 93
82, 2, 99, 1, 93
82, 2, 99, 1, 93
82, 2, 99, 1, 93
82, 2, 99, 1, 93
82, 2, 99, 1, 93
81, 2, 99, 1, 93
81, 2, 99, 1, 93
81, 2, 99, 1, 93
81, 2, 99, 1, 93
81, 2, 99, 1, 93
81, 2, 99, 1, 93
81, 2, 99, 1, 93
81, 2, 99, 1, 93
81, 2, 99, 1, 93
81, 2, 99, 1, 93
81, 2, 99, 1, 93
81, 2, 99, 1, 93
81, 2, 99, 1, 93
81, 2, 99, 1, 93
81, 2, 99, 1, 93
81, 2, 99, 1, 93
81, 2, 99, 1, 93
81, 2, 99, 1, 93
80, 2, 99, 1, 93
80, 2, 99, 1, 93
80, 2, 99, 1, 93
80, 2, 99, 1, 93
80, 2, 99, 1, 93
80, 2, 99, 1, 93
80, 2, 99, 2, 93
80, 2, 99, 2, 93
80, 2, 99, 2, 93
81, 2, 99, 1, 93
81, 2, 99, 2, 93
81, 2, 99, 1, 93
81, 2, 99, 1, 93
81, 2, 99, 1, 93
81, 2, 99, 1, 93
82, 2, 99, 1, 93
82, 2, 99, 1, 93
82, 2, 99, 1, 93
82, 2, 99, 1, 93
82, 2, 99, 1, 93
82, 2, 99, 1, 93
82, 2, 99, 1, 93
82, 2, 99, 1, 93
82, 2, 99, 1, 93
82, 2, 99, 1, 93
82, 2, 99, 1, 93
82, 2, 99, 1, 93
82, 2, 99, 1, 93
82, 2, 99, 1, 93
82, 2, 99, 1, 93
82, 2, 99, 1, 93
82, 2, 99, 1, 93
82, 2, 99, 1, 93
82, 2, 99, 1, 93
83, 2, 99, 1, 93
83, 2, 99, 1, 93
83, 2, 99, 1, 93
83, 2, 99, 1, 93
83, 2, 99, 1, 93
83, 2, 99, 1, 93
83, 2, 99, 1, 93
83, 2, 99, 1, 93
83, 2, 99, 1, 93
82, 2, 99, 1, 93
83, 2, 99, 1, 93
83, 2, 99, 1, 93
82, 2, 99, 1, 93
82, 2, 99, 1, 93
82, 2, 99, 1, 93
82, 2, 99, 1, 93
82, 2, 99, 1, 93
82, 2, 99, 1, 93
82, 2, 99, 1, 93
82, 2, 99, 1, 93
82, 2, 99, 1, 93
82, 2, 99, 1, 93
82, 2, 99, 1, 93
82, 2, 99, 1, 93
82, 2, 99, 1, 93
81, 2, 99, 1, 93
81, 2, 99, 1, 93
81, 2, 99, 1, 93
81, 2, 99, 1, 93
81, 2, 99, 1, 93
81, 2, 99, 1, 93
81, 2, 99, 1, 93
81, 2, 99, 1, 93
82, 2, 99, 1, 93
82, 2, 99, 1, 93
82, 2, 99, 1, 93
82, 2, 99, 1, 93
82, 2, 99, 1, 93
82, 2, 99, 1, 93
82, 2, 99, 1, 93
82, 2, 99, 1, 93
82, 2, 99, 1, 93
82, 2, 99, 1, 93
82, 2, 99, 1, 93
82, 2, 99, 1, 93
82, 2, 99, 1, 93
82, 2, 99, 1, 93
82, 2, 99, 1, 93
83, 2, 99, 1, 93
83, 2, 99, 1, 93
83, 2, 99, 1, 93
83, 2, 99, 1, 93
83, 2, 99, 1, 93
83, 2, 99, 1, 93
83, 2, 99, 1, 93
83, 2, 99, 1, 93
83, 2, 99, 1, 93
83, 2, 99, 1, 93
83, 2, 99, 1, 93
83, 2, 99, 1, 93
83, 2, 99, 1, 93
83, 2, 99, 1, 93
83, 2, 99, 1, 93
83, 2, 99, 1, 93
83, 2, 99, 1, 93
83, 2, 99, 1, 93
83, 2, 99, 1, 93
83, 2, 99, 1, 93
83, 2, 99, 1, 93
83, 2, 99, 1, 93
83, 2, 99, 1, 93
83, 2, 99, 1, 93
83, 2, 99, 1, 93
83, 2, 99, 1, 93
83, 2, 99, 1, 93
83, 2, 99, 1, 93
83, 2, 99, 1, 93
83, 2, 99, 1, 93
83, 2, 99, 1, 93
83, 2, 99, 1, 93
83, 2, 99, 1, 93
83, 2, 99, 1, 93
83, 2, 99, 1, 93
83, 2, 99, 1, 93
83, 2, 99, 1, 93
83, 2, 99, 1, 93
83, 2, 99, 1, 93
83, 2, 99, 1, 93
83, 2, 99, 1, 93
83, 2, 99, 1, 93
83, 2, 99, 1, 93
83, 2, 99, 1, 93
83, 2, 99, 1, 93
83, 2, 99, 1, 93
83, 2, 99, 1, 93
83, 2, 99, 1, 93
83, 2, 99, 1, 93
83, 2, 99, 1, 93
83, 2, 99, 1, 93
83, 2, 99, 1, 93
83, 2, 99, 1, 93
83, 2, 99, 1, 93
83, 2, 99, 1, 93
83, 2, 99, 1, 93
83, 2, 99, 1, 93
83, 2, 99, 1, 93
83, 2, 99, 1, 93
83, 2, 99, 1, 93
83, 2, 99, 1, 93
83, 2, 99, 1, 93
83, 2, 99, 1, 93
83, 2, 99, 1, 93
83, 2, 99, 1, 93
83, 2, 99, 1, 93
83, 2, 99, 1, 93
83, 2, 99, 1, 93
83, 2, 99, 1, 93
83, 2, 99, 1, 93
83, 2, 99, 1, 93
83, 2, 99, 1, 93
83, 2, 99, 1, 93
83, 2, 99, 1, 93
83, 2, 99, 1, 93
83, 2, 99, 1, 93
83, 2, 99, 1, 93
83, 2, 99, 1, 93
83, 2, 99, 1, 93
83, 2, 99, 1, 93
83, 2, 99, 1, 93
83, 2, 99, 1, 93
83, 2, 99, 1, 93
83, 2, 99, 1, 93
83, 2, 99, 1, 93
83, 2, 99, 1, 93
83, 2, 99, 1, 93
83, 2, 99, 1, 93
83, 2, 99, 1, 93
83, 2, 99, 1, 93
83, 2, 99, 1, 93
83, 2, 99, 1, 93
83, 2, 99, 1, 93
83, 2, 99, 1, 93
83, 2, 99, 1, 93
83, 2, 99, 1, 93
83, 2, 99, 1, 93
83, 2, 99, 1, 93
83, 2, 99, 1, 93
83, 2, 99, 1, 93
83, 2, 99, 1, 93
83, 2, 99, 1, 93
83, 2, 99, 1, 93
83, 2, 99, 1, 93
83, 2, 99, 1, 93
83, 2, 99, 1, 93
83, 2, 99, 1, 93
83, 2, 99, 1, 93
83, 2, 99, 1, 93
83, 2, 99, 1, 93
83, 2, 99, 1, 93
83, 2, 99, 1, 93
83, 2, 99, 1, 93
83, 2, 99, 1, 93
83, 2, 99, 1, 93
83, 2, 99, 1, 93
83, 2, 99, 1, 93
83, 2, 99, 1, 93
83, 2, 99, 1, 93
83, 2, 99, 1, 93
83, 2, 99, 1, 93
83, 2, 99, 1, 93
83, 2, 99, 1, 93
83, 2, 99, 1, 93
83, 2, 99, 1, 93
83, 2, 99, 1, 93
83, 2, 99, 1, 93
83, 2, 99, 1, 93
83, 2, 99, 1, 93
83, 2, 99, 1, 93
83, 2, 99, 1, 93
83, 2, 99, 1, 93
83, 2, 99, 1, 93
83, 2, 99, 1, 93
83, 2, 99, 1, 93
83, 2, 99, 1, 93
83, 2, 99, 1, 93
83, 2, 99, 1, 93
83, 2, 99, 1, 93
83, 2, 99, 1, 93
83, 2, 99, 1, 93
83, 2, 99, 1, 93
83, 2, 99, 1, 93
83, 2, 99, 1, 93
83, 2, 99, 2, 93
83, 2, 99, 1, 93
83, 2, 99, 1, 93
83, 2, 99, 1, 93
83, 2, 99, 1, 93
83, 2, 99, 1, 93
83, 2, 99, 1, 93
83, 2, 99, 1, 93
83, 2, 99, 1, 93
83, 2, 99, 1, 93
83, 2, 99, 1, 93
83, 2, 99, 1, 93
83, 2, 99, 1, 93
83, 2, 99, 1, 93
83, 2, 99, 1, 93
83, 2, 99, 1, 93
83, 2, 99, 1, 93
83, 2, 99, 1, 93
83, 2, 99, 1, 93
83, 2, 99, 1, 93
83, 2, 99, 1, 93
83, 2, 99, 1, 93
83, 2, 99, 1, 93
83, 2, 99, 1, 93
83, 2, 99, 1, 93
83, 2, 99, 1, 93
83, 2, 99, 1, 93
83, 2, 99, 1, 93
83, 2, 99, 1, 93
83, 2, 99, 1, 93
83, 2, 99, 1, 93
83, 2, 99, 1, 93
83, 2, 99, 1, 93
83, 2, 99, 1, 93
83, 2, 99, 1, 93
83, 2, 99, 1, 93
83, 2, 99, 1, 93
83, 2, 99, 1, 93
83, 2, 99, 1, 93
83, 2, 99, 1, 93
83, 2, 99, 1, 93
83, 2, 99, 1, 93
83, 2, 99, 1, 93
83, 2, 99, 1, 93
83, 2, 99, 1, 93
83, 2, 99, 1, 93
83, 2, 99, 1, 93
83, 2, 99, 1, 93
83, 2, 99, 1, 93
83, 2, 99, 1, 93
83, 2, 99, 1, 93
83, 2, 99, 1, 93
83, 2, 99, 1, 93
83, 2, 99, 1, 93
83, 2, 99, 1, 93
83, 2, 99, 1, 93
83, 2, 99, 1, 93
83, 2, 99, 1, 93
83, 2, 99, 1, 93
83, 2, 99, 1, 93
82, 2, 99, 1, 93
82, 2, 99, 1, 93
82, 2, 99, 1, 93
82, 2, 99, 1, 93
82, 2, 99, 1, 93
82, 2, 99, 1, 93
82, 2, 99, 1, 93
82, 2, 99, 1, 93
82, 2, 99, 1, 93
82, 2, 99, 1, 93
82, 2, 99, 1, 93
82, 2, 99, 1, 93
82, 2, 99, 1, 93
81, 2, 99, 1, 93
81, 2, 99, 1, 93
81, 2, 99, 1, 93
81, 2, 99, 1, 93
81, 2, 99, 1, 93
81, 2, 99, 1, 93
80, 2, 99, 1, 93
80, 2, 99, 1, 93
80, 2, 99, 1, 93
80, 2, 99, 1, 93
80, 2, 99, 1, 93
80, 2, 99, 1, 93
79, 2, 99, 1, 93
79, 2, 99, 1, 93
79, 2, 99, 1, 93
79, 2, 99, 1, 93
79, 2, 99, 1, 93
79, 2, 99, 1, 93
79, 2, 99, 1, 93
79, 2, 99, 1, 93
79, 2, 99, 1, 93
79, 2, 99, 1, 93
79, 2, 99, 1, 93
79, 2, 99, 1, 93
79, 2, 99, 1, 93
79, 2, 99, 1, 93
79, 2, 99, 1, 93
79, 2, 99, 1, 93
79, 2, 99, 1, 93
79, 2, 99, 1, 93
79, 2, 99, 1, 93
79, 2, 99, 1, 93
79, 2, 99, 1, 93
79, 2, 99, 1, 93
79, 2, 99, 1, 93
79, 2, 99, 1, 93
79, 2, 99, 1, 93
79, 2, 99, 1, 93
80, 2, 99, 1, 93
80, 2, 99, 1, 93
80, 2, 99, 1, 93
80, 2, 99, 1, 93
80, 2, 99, 1, 93
80, 2, 99, 1, 93
80, 2, 99, 1, 93
80, 2, 99, 1, 93
81, 2, 99, 1, 93
81, 2, 99, 1, 93
81, 2, 99, 1, 93
81, 2, 99, 1, 93
81, 2, 99, 1, 93
81, 2, 99, 1, 93
81, 2, 99, 1, 93
81, 2, 99, 1, 93
81, 2, 99, 1, 93
81, 2, 99, 1, 93
81, 2, 99, 1, 93
81, 2, 99, 1, 93
81, 2, 99, 1, 93
81, 2, 99, 1, 93
81, 2, 99, 1, 93
81, 2, 99, 1, 93
81, 2, 99, 1, 93
81, 2, 99, 1, 93
81, 2, 99, 1, 93
81, 2, 99, 1, 93
82, 2, 99, 1, 93
82, 2, 99, 1, 93
82, 2, 99, 1, 93
82, 2, 99, 1, 93
82, 2, 99, 1, 93
82, 2, 99, 1, 93
82, 2, 99, 1, 93
82, 2, 99, 1, 93
82, 2, 99, 1, 93
82, 2, 99, 1, 93
82, 2, 99, 1, 93
82, 2, 99, 1, 93
83, 2, 99, 1, 93
83, 2, 99, 1, 93
83, 2, 99, 1, 93
83, 2, 99, 1, 93
83, 2, 99, 1, 93
83, 2, 99, 1, 93
83, 2, 99, 1, 93
83, 2, 99, 1, 93
83, 2, 99, 1, 93
83, 2, 99, 1, 93
83, 2, 99, 1, 93
83, 2, 99, 1, 93
83, 2, 99, 1, 93
83, 2, 99, 1, 93
83, 2, 99, 1, 93
83, 2, 99, 1, 93
83, 2, 99, 1, 93
83, 2, 99, 1, 93
83, 2, 99, 1, 93
83, 2, 98, 1, 93
83, 2, 98, 1, 93
83, 2, 98, 1, 93
83, 2, 98, 1, 93
83, 2, 98, 1, 93
83, 2, 98, 1, 93
83, 2, 98, 1, 93
83, 2, 98, 1, 93
83, 2, 98, 1, 93
83, 2, 98, 1, 93
83, 2, 98, 1, 93
83, 2, 99, 1, 93
83, 2, 99, 1, 93
83, 2, 99, 1, 93
83, 2, 99, 1, 93
83, 2, 99, 1, 93
83, 2, 99, 1, 93
83, 2, 99, 1, 93
83, 2, 99, 1, 93
83, 2, 99, 1, 93
83, 2, 99, 1, 93
83, 2, 99, 1, 93
83, 2, 99, 1, 93
83, 2, 99, 1, 93
83, 2, 99, 1, 93
83, 2, 99, 1, 93
83, 2, 99, 1, 93
83, 2, 99, 1, 93
83, 2, 99, 1, 93
83, 2, 99, 1, 93
83, 2, 99, 1, 93
83, 2, 99, 1, 93
83, 2, 99, 1, 93
83, 2, 99, 1, 93
83, 2, 99, 1, 93
83, 2, 99, 1, 93
83, 2, 99, 1, 93
83, 2, 99, 1, 93
83, 2, 99, 1, 93
83, 2, 99, 1, 93
83, 2, 99, 1, 93
83, 2, 99, 1, 93
83, 2, 99, 1, 93
83, 2, 99, 1, 93
82, 2, 99, 1, 93
82, 2, 99, 1, 93
83, 2, 99, 1, 93
83, 2, 99, 1, 93
82, 2, 99, 1, 93
82, 2, 99, 1, 93
82, 2, 99, 1, 93
82, 2, 99, 1, 93
82, 2, 99, 1, 93
82, 2, 99, 1, 93
82, 2, 99, 1, 93
82, 2, 99, 1, 93
82, 2, 99, 1, 93
82, 2, 99, 1, 93
82, 2, 99, 1, 93
82, 2, 99, 1, 93
82, 2, 99, 1, 93
82, 2, 99, 1, 93
82, 2, 99, 1, 93
82, 2, 99, 1, 93
82, 2, 99, 1, 93
82, 2, 99, 1, 93
82, 2, 99, 1, 93
82, 2, 99, 1, 93
82, 2, 99, 1, 93
82, 2, 99, 1, 93
82, 2, 99, 1, 93
82, 2, 99, 1, 93
82, 2, 99, 1, 93
82, 2, 99, 1, 93
82, 2, 99, 1, 93
82, 2, 99, 1, 93
82, 2, 99, 1, 93
82, 2, 99, 1, 93
82, 2, 99, 1, 93
82, 2, 99, 1, 93
82, 2, 99, 1, 93
82, 2, 99, 1, 93
82, 2, 99, 1, 93
82, 2, 99, 1, 93
82, 2, 99, 1, 93
82, 2, 99, 1, 93
82, 2, 99, 1, 93
82, 2, 99, 1, 93
82, 2, 99, 1, 93
82, 2, 99, 1, 93
82, 2, 99, 1, 93
82, 2, 99, 1, 93
82, 2, 99, 1, 93
82, 2, 99, 1, 93
81, 2, 99, 1, 93
81, 2, 99, 1, 93
81, 2, 99, 1, 93
81, 2, 99, 1, 93
81, 2, 99, 1, 93
81, 2, 99, 1, 93
81, 2, 99, 1, 93
81, 2, 99, 1, 93
81, 2, 99, 1, 93
81, 2, 99, 1, 93
81, 2, 99, 1, 93
81, 2, 99, 1, 93
81, 2, 99, 1, 93
81, 2, 99, 1, 93
81, 2, 99, 1, 93
81, 2, 99, 1, 93
81, 2, 99, 1, 93
81, 2, 99, 1, 93
81, 2, 99, 1, 93
81, 2, 99, 1, 93
81, 2, 99, 1, 93
81, 2, 99, 1, 93
81, 2, 99, 1, 93
81, 2, 99, 1, 93
81, 2, 99, 1, 93
81, 2, 99, 1, 93
81, 2, 99, 1, 93
81, 2, 99, 1, 93
81, 2, 99, 1, 93
81, 2, 99, 1, 93
81, 2, 99, 1, 93
81, 2, 99, 1, 93
82, 2, 99, 1, 93
82, 2, 99, 1, 93
82, 2, 99, 1, 93
82, 2, 99, 1, 93
82, 2, 99, 1, 93
82, 2, 99, 1, 93
82, 2, 99, 1, 93
83, 2, 99, 1, 93
83, 2, 99, 1, 93
83, 2, 99, 1, 93
83, 2, 99, 1, 93
83, 2, 99, 1, 93
83, 2, 99, 1, 93
83, 2, 99, 1, 93
83, 2, 99, 1, 93
83, 2, 99, 1, 93
83, 2, 99, 1, 93
83, 2, 99, 1, 93
83, 2, 99, 1, 93
83, 2, 99, 1, 93
83, 2, 99, 1, 93
83, 2, 99, 1, 93
83, 2, 99, 1, 93
83, 2, 99, 1, 93
83, 2, 99, 1, 93
83, 2, 99, 1, 93
83, 2, 99, 1, 93
83, 2, 99, 1, 93
83, 2, 99, 1, 93
83, 2, 99, 1, 93
83, 2, 99, 1, 93
83, 2, 99, 1, 93
83, 2, 99, 1, 93
83, 2, 99, 1, 93
83, 2, 99, 1, 93
83, 2, 99, 1, 93
83, 2, 99, 1, 93
83, 2, 99, 1, 93
83, 2, 99, 1, 93
83, 2, 99, 1, 93
83, 2, 99, 1, 93
83, 2, 99, 1, 93
83, 2, 99, 1, 93
83, 2, 99, 1, 93
83, 2, 99, 1, 93
83, 2, 99, 1, 93
83, 2, 99, 1, 93
83, 2, 99, 1, 93
83, 2, 99, 1, 93
83, 2, 99, 1, 93
83, 2, 99, 1, 93
83, 2, 99, 1, 93
83, 2, 99, 1, 93
83, 2, 99, 1, 93
83, 2, 99, 1, 93
83, 2, 99, 1, 93
83, 2, 99, 1, 93
83, 2, 99, 1, 93
83, 2, 99, 1, 93
83, 2, 99, 1, 93
83, 2, 99, 1, 93
83, 2, 99, 1, 93
83, 2, 99, 1, 93
83, 2, 99, 1, 93
83, 2, 99, 1, 93
83, 2, 99, 1, 93
83, 2, 98, 1, 93
83, 2, 98, 1, 93
83, 2, 98, 1, 93
83, 2, 98, 1, 93
83, 2, 98, 1, 93
83, 2, 98, 1, 93
83, 2, 98, 1, 93
83, 2, 98, 1, 93
83, 2, 97, 1, 93
83, 2, 97, 1, 93
83, 2, 97, 1, 93
83, 2, 97, 1, 93
83, 2, 97, 1, 93
83, 2, 97, 1, 93
83, 2, 96, 1, 93
83, 2, 96, 1, 93
83, 2, 96, 1, 93
83, 2, 97, 1, 93
83, 2, 96, 1, 93
83, 2, 97, 1, 93
83, 2, 97, 1, 93
83, 2, 97, 1, 93
83, 2, 98, 1, 93
83, 2, 98, 1, 93
83, 2, 98, 1, 93
83, 2, 98, 1, 93
83, 2, 98, 1, 93
83, 2, 99, 1, 93
83, 2, 99, 1, 93
83, 2, 99, 1, 93
83, 2, 99, 1, 93
83, 2, 99, 1, 93
83, 2, 99, 1, 93
83, 2, 99, 1, 93
83, 2, 99, 1, 93
83, 2, 99, 1, 93
83, 2, 99, 1, 93
83, 2, 99, 1, 93
83, 2, 99, 1, 93
83, 2, 99, 1, 93
83, 2, 99, 1, 93
83, 2, 99, 1, 93
83, 2, 99, 2, 93
83, 2, 99, 2, 93
83, 2, 99, 1, 93
83, 2, 99, 1, 93
83, 2, 99, 1, 93
83, 2, 99, 1, 93
83, 2, 99, 1, 93
83, 2, 99, 1, 93
83, 2, 99, 1, 93
83, 2, 99, 1, 93
83, 2, 99, 1, 93
83, 2, 99, 1, 93
83, 2, 99, 1, 93
83, 2, 99, 1, 93
83, 2, 99, 1, 93
83, 2, 99, 1, 93
83, 2, 99, 1, 93
83, 2, 99, 1, 93
83, 2, 99, 1, 93
83, 2, 99, 1, 93
83, 2, 99, 1, 93
83, 2, 99, 1, 93
83, 2, 99, 1, 93
83, 2, 99, 1, 93
83, 2, 99, 1, 93
83, 2, 99, 1, 93
83, 2, 99, 1, 93
83, 2, 99, 1, 93
83, 2, 99, 1, 93
83, 2, 99, 1, 93
83, 2, 99, 1, 93
83, 2, 99, 1, 93
83, 2, 99, 1, 93
83, 2, 99, 1, 93
83, 2, 99, 1, 93
83, 2, 99, 1, 93
83, 2, 99, 1, 93
83, 2, 99, 1, 93
83, 2, 99, 1, 93
83, 2, 99, 1, 93
83, 2, 99, 1, 93
83, 2, 99, 1, 93
83, 2, 99, 1, 93
83, 2, 99, 1, 93
83, 2, 99, 1, 93
83, 2, 99, 1, 93
83, 2, 99, 1, 93
83, 2, 99, 1, 93
83, 2, 99, 1, 93
83, 2, 99, 1, 93
83, 2, 99, 1, 93
83, 2, 99, 1, 93
83, 2, 99, 1, 93
83, 2, 99, 1, 93
83, 2, 99, 2, 93
83, 2, 99, 2, 93
83, 2, 99, 1, 93
82, 2, 99, 1, 93
83, 2, 99, 1, 93
82, 2, 99, 1, 93
82, 2, 99, 1, 93
82, 2, 99, 1, 93
82, 2, 99, 1, 93
82, 2, 99, 1, 93
82, 2, 99, 1, 93
82, 2, 99, 1, 93
82, 2, 99, 1, 93
82, 2, 99, 1, 93
82, 2, 99, 1, 93
82, 2, 99, 1, 93
81, 2, 99, 1, 93
81, 2, 99, 1, 93
81, 2, 99, 1, 93
81, 2, 99, 1, 93
81, 2, 99, 1, 93
81, 2, 99, 1, 93
81, 2, 99, 1, 93
81, 2, 99, 1, 93
81, 2, 99, 1, 93
81, 2, 99, 1, 93
81, 2, 99, 2, 93
81, 2, 99, 1, 93
81, 2, 99, 1, 93
81, 2, 99, 1, 93
81, 2, 99, 1, 93
81, 2, 99, 1, 93
80, 2, 99, 1, 93
80, 2, 99, 1, 93
80, 2, 99, 1, 93
80, 2, 99, 1, 93
80, 2, 99, 1, 93
80, 2, 99, 1, 93
79, 2, 99, 1, 93
79, 2, 99, 1, 93
73, 2, 99, 1, 93
73, 2, 99, 1, 93
73, 2, 99, 1, 93
73, 2, 99, 1, 93
73, 2, 99, 1, 93
73, 2, 99, 1, 93
72, 2, 99, 1, 93
72, 2, 99, 1, 93
72, 2, 99, 1, 93
72, 2, 99, 1, 93
72, 2, 99, 1, 93
72, 2, 99, 1, 93
72, 2, 99, 1, 93
72, 2, 99, 1, 93
72, 2, 99, 1, 93
72, 2, 99, 1, 93
72, 2, 99, 1, 93
72, 2, 99, 1, 93
72, 2, 99, 1, 93
72, 1, 99, 1, 93
72, 1, 99, 1, 93
72, 2, 99, 1, 93
72, 2, 99, 1, 93
72, 1, 99, 1, 93
72, 1, 99, 1, 93
72, 2, 99, 1, 93
72, 1, 99, 1, 93
72, 1, 99, 1, 93
72, 2, 99, 1, 93
72, 2, 99, 1, 93
72, 2, 99, 1, 93
72, 2, 99, 1, 93
72, 2, 99, 1, 93
72, 2, 99, 1, 93
72, 2, 99, 1, 93
72, 2, 99, 1, 93
72, 2, 99, 1, 93
72, 2, 99, 1, 93
72, 2, 99, 1, 93
72, 2, 99, 1, 93
72, 2, 99, 1, 93
72, 2, 99, 1, 93
72, 2, 99, 1, 93
72, 2, 99, 1, 93
72, 2, 99, 1, 93
72, 2, 99, 1, 93
72, 2, 99, 1, 93
72, 2, 99, 1, 93
72, 2, 99, 1, 93
72, 2, 99, 1, 93
72, 2, 99, 1, 93
72, 2, 99, 1, 93
72, 2, 99, 1, 93
72, 2, 99, 1, 93
72, 2, 99, 1, 93
72, 2, 99, 1, 93
72, 2, 99, 1, 93
72, 2, 99, 1, 93
72, 2, 99, 1, 93
72, 2, 99, 1, 93
72, 2, 99, 1, 93
72, 2, 99, 1, 93
72, 2, 99, 1, 93
72, 2, 99, 1, 93
72, 2, 99, 1, 93
72, 2, 99, 1, 93
72, 2, 99, 1, 93
72, 2, 99, 1, 93
72, 2, 99, 1, 93
72, 2, 99, 1, 93
72, 2, 99, 1, 93
72, 2, 99, 1, 93
72, 2, 99, 1, 93
72, 2, 99, 1, 93
72, 2, 99, 1, 93
78, 2, 99, 1, 93
78, 2, 99, 1, 93
78, 2, 99, 1, 93
79, 2, 99, 1, 93
79, 2, 99, 1, 93
79, 2, 99, 1, 93
79, 2, 99, 1, 93
79, 2, 99, 1, 93
79, 2, 99, 1, 93
79, 2, 99, 1, 93
79, 2, 99, 1, 93
79, 2, 99, 1, 93
79, 2, 99, 1, 93
78, 2, 99, 1, 93
78, 2, 99, 1, 93
78, 2, 99, 1, 93
73, 2, 99, 1, 93
73, 2, 99, 1, 93
72, 2, 99, 1, 93
72, 2, 99, 1, 93
72, 2, 99, 1, 93
72, 2, 99, 1, 93
72, 2, 99, 1, 93
72, 2, 99, 1, 93
72, 2, 99, 1, 93
76, 2, 99, 1, 93
77, 2, 99, 1, 93
77, 2, 99, 1, 93
78, 2, 99, 1, 93
78, 2, 99, 1, 93
78, 2, 99, 1, 93
78, 2, 99, 1, 93
78, 2, 99, 1, 93
78, 2, 99, 1, 93
78, 2, 99, 1, 93
78, 2, 99, 1, 93
78, 2, 99, 1, 93
79, 2, 99, 1, 93
79, 2, 99, 1, 93
79, 2, 99, 1, 93
79, 2, 99, 1, 93
79, 2, 99, 1, 93
79, 2, 99, 1, 93
79, 2, 99, 1, 93
79, 2, 99, 1, 93
79, 2, 99, 1, 93
79, 2, 99, 1, 93
79, 2, 99, 1, 93
79, 2, 99, 1, 93
79, 2, 99, 1, 93
79, 2, 99, 1, 93
79, 2, 99, 1, 93
79, 2, 99, 1, 93
79, 2, 99, 1, 93
79, 2, 99, 1, 93
79, 2, 99, 1, 93
79, 2, 99, 1, 93
79, 2, 99, 1, 93
79, 2, 99, 1, 93
79, 2, 99, 1, 93
79, 2, 99, 1, 93
78, 2, 99, 1, 93
78, 2, 99, 1, 93
78, 2, 99, 1, 93
78, 2, 99, 1, 93
78, 2, 99, 1, 93
78, 2, 99, 1, 93
78, 2, 99, 1, 93
78, 2, 99, 1, 93
74, 2, 99, 1, 93
73, 2, 99, 1, 93
73, 2, 99, 1, 93
72, 2, 99, 1, 93
72, 2, 99, 1, 93
72, 2, 99, 1, 93
72, 2, 99, 1, 93
72, 2, 99, 1, 93
72, 2, 99, 1, 93
72, 2, 99, 1, 93
72, 2, 99, 1, 93
72, 2, 99, 1, 93
72, 2, 99, 1, 93
72, 2, 99, 1, 93
72, 2, 99, 1, 93
72, 2, 99, 1, 93
72, 2, 99, 1, 93
72, 2, 99, 1, 93
72, 2, 99, 1, 93
72, 2, 99, 1, 93
72, 2, 99, 1, 93
72, 2, 99, 1, 93
72, 2, 99, 1, 93
72, 2, 99, 1, 93
72, 1, 99, 1, 93
72, 2, 99, 1, 93
72, 2, 99, 1, 93
72, 2, 99, 1, 93
72, 2, 99, 1, 93
72, 2, 99, 1, 93
72, 2, 99, 1, 93
72, 2, 99, 1, 93
72, 2, 99, 1, 93
72, 1, 99, 1, 93
72, 2, 99, 1, 93
72, 2, 99, 1, 93
72, 2, 99, 1, 93
72, 2, 99, 1, 93
72, 2, 99, 1, 93
72, 2, 99, 1, 93
72, 2, 99, 1, 93
72, 2, 99, 1, 93
72, 2, 99, 1, 93
72, 2, 99, 1, 93
72, 2, 99, 1, 93
72, 1, 99, 1, 93
72, 2, 99, 1, 93
72, 2, 99, 1, 93
72, 2, 99, 1, 93
72, 2, 99, 1, 93
72, 2, 99, 1, 93
72, 2, 99, 1, 93
72, 2, 99, 1, 93
72, 2, 99, 1, 93
72, 2, 99, 1, 93
72, 2, 99, 1, 93
72, 2, 99, 1, 93
72, 2, 99, 1, 93
72, 2, 99, 1, 93
72, 2, 99, 1, 93
72, 2, 99, 1, 93
72, 2, 99, 1, 93
72, 2, 99, 1, 93
72, 2, 99, 1, 93
72, 2, 99, 1, 93
72, 2, 99, 1, 93
72, 2, 99, 1, 93
72, 2, 99, 1, 93
72, 2, 99, 1, 93
72, 2, 99, 1, 93
72, 2, 99, 1, 93
72, 1, 99, 1, 93
72, 2, 99, 1, 93
72, 2, 99, 1, 93
72, 2, 99, 1, 93
72, 2, 99, 1, 93
72, 2, 99, 1, 93
72, 2, 99, 1, 93
72, 2, 99, 1, 93
72, 2, 99, 1, 93
72, 2, 99, 1, 93
72, 2, 99, 1, 93
72, 1, 99, 1, 93
72, 2, 99, 1, 93
72, 2, 99, 1, 93
72, 2, 99, 1, 93
72, 1, 99, 1, 93
72, 2, 99, 1, 93
72, 2, 99, 1, 93
72, 2, 99, 1, 93
72, 2, 99, 1, 93
72, 2, 99, 1, 93
72, 2, 99, 1, 93
72, 2, 99, 1, 93
72, 2, 99, 1, 93
72, 2, 99, 1, 93
72, 2, 99, 1, 93
72, 2, 99, 1, 93
72, 2, 99, 1, 93
72, 2, 99, 1, 93
72, 2, 99, 1, 93
72, 2, 99, 1, 93
72, 2, 99, 1, 93
72, 2, 99, 1, 93
72, 2, 99, 1, 93
72, 2, 99, 1, 93
72, 2, 99, 1, 93
72, 2, 99, 1, 93
72, 2, 99, 1, 93
72, 1, 99, 1, 93
72, 2, 99, 1, 93
72, 1, 99, 1, 93
72, 2, 99, 1, 93
72, 2, 99, 1, 93
72, 2, 99, 1, 93
72, 2, 99, 1, 93
72, 2, 99, 1, 93
72, 2, 99, 1, 93
72, 2, 99, 1, 93
72, 2, 99, 1, 93
72, 2, 99, 1, 93
72, 2, 99, 1, 93
72, 2, 99, 1, 93
72, 2, 99, 1, 93
72, 2, 99, 1, 93
72, 2, 99, 1, 93
74, 2, 99, 1, 93
75, 2, 99, 1, 93
78, 2, 99, 1, 93
78, 2, 99, 1, 93
78, 2, 99, 1, 93
79, 2, 99, 1, 93
79, 2, 99, 1, 93
79, 2, 99, 1, 93
79, 2, 99, 1, 93
79, 2, 99, 1, 93
80, 2, 99, 1, 93
80, 2, 99, 1, 93
80, 2, 99, 1, 93
81, 2, 99, 1, 93
81, 2, 99, 1, 93
81, 2, 99, 1, 93
81, 2, 99, 1, 93
81, 2, 99, 1, 93
82, 2, 99, 1, 93
82, 2, 99, 1, 93
82, 2, 99, 1, 93
82, 2, 99, 1, 93
82, 2, 99, 1, 93
82, 2, 99, 1, 93
83, 2, 99, 1, 93
83, 2, 99, 1, 93
83, 2, 99, 1, 93
83, 2, 99, 1, 93
83, 2, 99, 1, 93
83, 2, 99, 1, 93
83, 2, 99, 1, 93
83, 2, 99, 1, 93
83, 2, 99, 1, 93
84, 2, 99, 1, 93
84, 2, 99, 1, 93
84, 2, 99, 1, 93
84, 2, 99, 1, 93
84, 2, 99, 1, 93
84, 2, 99, 1, 93
84, 2, 99, 1, 93
84, 2, 99, 1, 93
84, 2, 99, 1, 93
84, 2, 99, 1, 93
84, 2, 99, 1, 93
84, 2, 99, 1, 93
84, 2, 99, 1, 93
84, 2, 99, 1, 93
84, 2, 99, 1, 93
85, 2, 99, 1, 93
85, 2, 99, 1, 93
85, 2, 99, 1, 93
85, 2, 99, 1, 93
85, 2, 99, 1, 93
85, 2, 99, 1, 93
85, 2, 99, 1, 93
85, 2, 99, 1, 93
85, 2, 99, 1, 93
85, 2, 99, 1, 93
86, 2, 98, 1, 93
86, 2, 98, 1, 93
86, 2, 98, 1, 93
86, 2, 98, 1, 93
86, 2, 98, 1, 93
86, 2, 98, 1, 93
86, 2, 98, 1, 93
87, 2, 98, 1, 93
87, 2, 98, 1, 93
87, 2, 98, 1, 93
87, 2, 98, 1, 93
87, 2, 98, 1, 93
87, 2, 98, 1, 93
87, 2, 98, 1, 93
87, 2, 98, 1, 93
88, 2, 98, 1, 93
88, 2, 98, 1, 93
88, 2, 98, 1, 93
88, 2, 98, 1, 93
88, 2, 98, 1, 93
88, 2, 97, 1, 93
88, 2, 97, 1, 93
88, 2, 97, 1, 93
88, 2, 96, 1, 93
88, 2, 96, 1, 93
88, 2, 96, 1, 93
88, 2, 96, 1, 93
88, 2, 96, 1, 93
88, 2, 96, 1, 93
88, 2, 96, 1, 93
88, 2, 96, 1, 93
88, 2, 96, 1, 93
88, 2, 96, 1, 93
88, 2, 96, 1, 93
88, 2, 96, 1, 93
88, 2, 96, 1, 93
88, 2, 96, 2, 93
88, 2, 96, 2, 93
88, 2, 96, 1, 93
88, 2, 96, 2, 93
88, 2, 96, 1, 93
88, 2, 96, 1, 93
88, 2, 96, 1, 93
89, 2, 96, 1, 93
89, 2, 96, 1, 93
89, 2, 96, 1, 93
89, 2, 96, 2, 93
89, 2, 96, 1, 93
89, 2, 96, 1, 93
89, 2, 96, 2, 93
89, 2, 96, 2, 93
89, 2, 96, 2, 93
89, 2, 96, 2, 93
89, 2, 96, 1, 93
89, 2, 96, 1, 93
89, 2, 96, 2, 93
89, 2, 96, 2, 93
89, 2, 96, 1, 93
89, 2, 96, 1, 93
89, 2, 96, 1, 93
89, 2, 96, 1, 93
89, 2, 96, 2, 93
89, 2, 96, 1, 93
89, 2, 96, 1, 93
89, 2, 96, 1, 93
89, 2, 96, 1, 93
89, 2, 96, 1, 93
89, 2, 95, 1, 93
89, 2, 96, 1, 93
89, 2, 95, 2, 93
89, 2, 95, 1, 93
89, 2, 95, 1, 93
89, 2, 95, 1, 93
89, 2, 95, 1, 93
89, 2, 95, 1, 93
89, 2, 95, 2, 93
89, 2, 95, 1, 93
89, 2, 95, 1, 93
89, 2, 95, 1, 93
89, 2, 95, 1, 93
89, 2, 95, 1, 93
89, 2, 95, 1, 93
89, 2, 95, 1, 93
89, 2, 95, 1, 93
89, 2, 95, 1, 93
89, 2, 95, 2, 93
89, 2, 95, 1, 93
89, 2, 95, 2, 93
89, 2, 96, 2, 93
89, 2, 96, 2, 93
89, 2, 96, 1, 93
89, 2, 96, 1, 93
89, 2, 96, 1, 93
89, 2, 96, 1, 93
90, 2, 96, 1, 93
90, 2, 96, 1, 93
90, 2, 96, 1, 93
90, 2, 96, 2, 93
90, 2, 96, 1, 93
90, 2, 96, 1, 93
90, 2, 96, 1, 93
90, 2, 96, 1, 93
90, 2, 96, 2, 93
90, 2, 96, 2, 93
90, 2, 96, 2, 93
90, 2, 96, 1, 93
90, 2, 96, 1, 93
90, 2, 96, 1, 93
90, 2, 96, 1, 93
90, 2, 96, 2, 93
91, 2, 96, 2, 93
91, 2, 96, 2, 93
91, 2, 96, 2, 93
91, 2, 96, 2, 93
91, 2, 96, 2, 93
91, 2, 96, 2, 93
91, 2, 96, 2, 93
91, 2, 96, 2, 93
91, 2, 96, 2, 93
91, 2, 96, 2, 93
91, 2, 96, 2, 93
91, 2, 96, 2, 93
91, 2, 96, 2, 93
91, 2, 96, 2, 93
91, 2, 96, 2, 93
91, 2, 96, 1, 93
91, 2, 96, 1, 93
91, 2, 96, 2, 93
91, 2, 96, 2, 93
91, 2, 96, 2, 93
91, 2, 96, 1, 93
91, 2, 96, 1, 93
91, 2, 96, 2, 93
91, 2, 96, 1, 93
91, 2, 96, 2, 93
91, 2, 96, 1, 93
91, 2, 96, 2, 93
91, 2, 96, 2, 93
91, 2, 96, 2, 93
91, 2, 96, 2, 93
91, 2, 96, 2, 93
91, 2, 96, 2, 93
91, 2, 96, 2, 93
91, 2, 96, 2, 93
92, 2, 96, 2, 93
91, 2, 96, 2, 93
92, 2, 95, 1, 93
92, 2, 96, 2, 93
92, 2, 96, 2, 93
92, 2, 96, 2, 93
92, 2, 96, 2, 93
92, 2, 96, 2, 93
92, 2, 96, 2, 93
92, 2, 95, 2, 93
92, 2, 95, 2, 93
92, 2, 95, 2, 93
92, 2, 95, 2, 93
92, 2, 95, 2, 93
92, 2, 95, 2, 93
92, 2, 95, 2, 93
92, 2, 95, 2, 93
92, 2, 95, 2, 93
92, 2, 95, 2, 93
92, 2, 95, 2, 93
92, 2, 95, 2, 93
93, 2, 95, 2, 93
93, 2, 95, 2, 93
93, 2, 95, 2, 93
93, 2, 95, 2, 93
93, 2, 95, 2, 93
93, 2, 95, 2, 93
93, 2, 95, 2, 93
93, 2, 95, 2, 93
93, 2, 95, 2, 93
93, 2, 95, 2, 93
93, 2, 95, 2, 93
93, 2, 95, 2, 93
93, 2, 95, 1, 93
93, 2, 95, 2, 93
93, 2, 95, 2, 93
93, 2, 95, 2, 93
93, 2, 95, 2, 93
93, 2, 95, 2, 93
93, 2, 95, 2, 93
93, 2, 95, 2, 93
93, 2, 95, 2, 93
93, 2, 95, 2, 93
93, 2, 95, 2, 93
93, 2, 95, 2, 93
93, 2, 95, 2, 93
93, 2, 95, 2, 93
93, 2, 95, 2, 93
93, 2, 95, 2, 93
93, 2, 95, 2, 93
93, 2, 95, 2, 93
93, 2, 95, 2, 93
93, 2, 95, 2, 93
93, 2, 95, 2, 93
93, 2, 94, 2, 93
93, 2, 94, 2, 93
93, 2, 95, 2, 93
93, 2, 95, 2, 93
93, 2, 95, 2, 93
93, 2, 95, 2, 93
94, 2, 95, 2, 93
94, 2, 95, 2, 93
94, 2, 95, 2, 93
94, 2, 95, 2, 93
94, 2, 95, 2, 93
94, 2, 95, 2, 93
94, 2, 95, 2, 93
94, 2, 95, 2, 93
94, 2, 95, 2, 93
94, 2, 95, 2, 93
94, 2, 95, 2, 93
94, 2, 95, 2, 93
94, 2, 95, 2, 93
94, 2, 95, 2, 93
94, 2, 95, 2, 93
94, 2, 95, 2, 93
94, 2, 95, 2, 93
94, 2, 95, 2, 93
94, 2, 95, 2, 93
94, 2, 95, 2, 93
94, 2, 95, 2, 93
94, 2, 95, 1, 93
94, 2, 95, 2, 93
94, 2, 95, 2, 93
94, 2, 94, 1, 93
94, 2, 95, 2, 93
94, 2, 95, 2, 93
94, 2, 95, 2, 93
94, 2, 94, 2, 93
94, 2, 94, 2, 93
94, 2, 94, 2, 93
94, 2, 94, 2, 93
94, 2, 94, 2, 93
94, 2, 95, 2, 93
94, 2, 94, 2, 93
94, 2, 94, 2, 93
94, 2, 94, 2, 93
94, 2, 94, 2, 93
94, 2, 94, 2, 93
94, 2, 94, 2, 93
94, 2, 94, 2, 93
94, 2, 94, 2, 93
93, 2, 94, 2, 93
