87, 99, 89, 0, 94
87, 99, 92, 0, 94
87, 99, 92, 0, 94
86, 99, 92, 0, 94
86, 99, 90, 0, 94
86, 99, 87, 0, 94
86, 99, 90, 0, 94
86, 99, 89, 0, 94
86, 99, 94, 0, 94
85, 99, 97, 0, 94
85, 99, 97, 0, 94
85, 99, 97, 0, 94
85, 99, 97, 0, 94
85, 99, 97, 0, 94
84, 99, 97, 0, 94
84, 99, 97, 0, 94
84, 99, 97, 0, 94
75, 99, 97, 0, 94
75, 100, 97, 0, 94
75, 99, 97, 0, 93
74, 99, 97, 0, 93
74, 99, 97, 0, 94
72, 100, 97, 0, 94
72, 100, 97, 0, 94
71, 100, 97, 0, 93
70, 100, 97, 0, 93
19, 100, 97, 0, 93
16, 99, 97, 0, 93
5, 99, 97, 0, 93
5, 99, 97, 0, 93
1, 100, 96, 0, 93
1, 99, 96, 0, 93
1, 100, 96, 0, 94
0, 100, 95, 0, 94
0, 100, 95, 0, 93
0, 99, 94, 0, 93
0, 99, 94, 0, 93
0, 99, 93, 0, 93
0, 100, 92, 0, 93
0, 99, 85, 0, 93
0, 99, 85, 0, 93
0, 99, 89, 0, 93
0, 99, 90, 0, 93
0, 100, 90, 0, 93
0, 100, 89, 0, 94
0, 99, 90, 0, 93
0, 100, 88, 0, 93
0, 99, 87, 0, 93
0, 100, 86, 0, 94
0, 99, 83, 0, 94
0, 100, 83, 0, 93
0, 100, 82, 0, 93
0, 99, 77, 0, 93
0, 99, 75, 0, 93
0, 99, 75, 0, 93
0, 100, 69, 0, 93
0, 100, 70, 0, 93
0, 100, 68, 0, 0
0, 99, 66, 0, 0
0, 99, 66, 0, 0
0, 100, 59, 0, 0
0, 100, 59, 0, 0
0, 99, 59, 0, 0
0, 100, 56, 0, 0
0, 100, 56, 0, 0
0, 100, 57, 0, 0
0, 99, 57, 0, 0
0, 99, 56, 0, 0
0, 100, 54, 0, 0
0, 100, 54, 0, 0
1, 100, 0, 0, 0
1, 99, 0, 0, 0
1, 99, 0, 0, 0
1, 99, 0, 0, 0
1, 99, 0, 0, 0
1, 99, 0, 0, 0
1, 100, 0, 0, 0
1, 100, 0, 0, 0
1, 100, 0, 0, 0
2, 100, 0, 0, 0
6, 100, 0, 0, 0
6, 100, 0, 0, 0
6, 100, 0, 0, 0
6, 99, 0, 0, 0
6, 99, 0, 0, 0
6, 99, 0, 0, 0
6, 100, 0, 0, 0
6, 99, 0, 0, 0
6, 99, 0, 0, 0
6, 100, 0, 0, 0
6, 100, 0, 0, 0
6, 100, 0, 0, 0
6, 99, 0, 0, 0
6, 99, 0, 0, 0
6, 99, 0, 0, 0
7, 99, 0, 0, 96
7, 99, 0, 0, 96
7, 99, 0, 0, 97
7, 99, 0, 0, 97
7, 100, 0, 0, 97
7, 100, 0, 0, 97
7, 99, 0, 0, 97
7, 99, 0, 0, 97
7, 99, 0, 0, 97
7, 99, 0, 0, 97
6, 99, 0, 0, 0
6, 99, 0, 0, 0
6, 99, 0, 0, 0
6, 99, 0, 0, 0
6, 99, 0, 0, 0
6, 99, 0, 0, 0
6, 99, 0, 0, 0
6, 99, 0, 0, 0
6, 99, 0, 0, 0
6, 99, 0, 0, 0
6, 99, 0, 0, 0
6, 99, 0, 0, 0
6, 99, 0, 0, 0
6, 99, 0, 0, 0
6, 99, 0, 0, 0
6, 99, 0, 0, 0
6, 99, 0, 0, 0
6, 99, 0, 0, 0
6, 99, 0, 0, 0
6, 99, 0, 0, 0
6, 99, 0, 0, 0
6, 99, 0, 0, 0
6, 99, 0, 0, 0
6, 99, 0, 0, 0
6, 99, 0, 0, 0
6, 99, 0, 0, 0
6, 99, 0, 0, 0
6, 99, 0, 0, 0
6, 99, 0, 0, 0
6, 99, 0, 0, 0
6, 99, 0, 0, 0
6, 99, 0, 0, 0
6, 99, 0, 1, 0
6, 99, 0, 1, 0
6, 99, 0, 0, 0
6, 99, 0, 1, 0
6, 99, 0, 1, 0
6, 99, 0, 1, 0
6, 99, 0, 0, 0
6, 99, 0, 1, 0
6, 99, 0, 1, 0
6, 99, 0, 1, 0
6, 99, 0, 0, 0
6, 99, 0, 0, 0
6, 99, 0, 1, 0
6, 99, 0, 0, 0
6, 99, 0, 0, 0
6, 99, 0, 0, 0
6, 99, 0, 1, 0
6, 99, 0, 1, 0
6, 99, 0, 0, 0
6, 99, 0, 1, 0
6, 99, 0, 1, 0
6, 99, 0, 0, 0
6, 99, 0, 1, 0
6, 99, 0, 1, 0
6, 99, 0, 1, 0
6, 99, 0, 1, 0
6, 99, 0, 1, 0
6, 99, 0, 1, 0
6, 99, 0, 1, 0
6, 99, 0, 1, 0
6, 99, 0, 0, 0
6, 99, 0, 1, 0
6, 99, 0, 1, 0
6, 99, 0, 1, 0
6, 99, 0, 1, 0
6, 99, 0, 1, 0
6, 99, 0, 0, 0
6, 99, 0, 1, 0
6, 99, 0, 0, 0
6, 99, 0, 1, 0
6, 99, 0, 1, 0
6, 99, 0, 1, 0
6, 99, 0, 1, 0
6, 99, 0, 0, 0
6, 99, 0, 1, 0
6, 99, 0, 1, 0
6, 99, 0, 0, 0
6, 99, 0, 1, 0
6, 99, 0, 0, 0
6, 99, 0, 1, 0
6, 99, 0, 1, 0
6, 99, 0, 0, 0
6, 99, 0, 1, 0
6, 99, 0, 1, 0
6, 99, 0, 0, 0
6, 99, 0, 0, 0
6, 99, 0, 0, 0
6, 99, 0, 0, 0
6, 99, 0, 0, 0
6, 99, 0, 1, 0
6, 99, 0, 1, 0
6, 99, 0, 0, 0
6, 99, 0, 0, 0
6, 99, 0, 0, 0
6, 99, 0, 1, 0
6, 99, 0, 1, 0
6, 99, 0, 1, 0
6, 99, 0, 1, 0
6, 99, 0, 1, 0
6, 99, 0, 1, 0
6, 99, 0, 0, 0
6, 99, 0, 0, 0
6, 99, 0, 0, 0
6, 99, 0, 0, 0
6, 99, 0, 0, 0
6, 99, 0, 0, 0
6, 99, 0, 0, 0
6, 99, 0, 0, 0
6, 99, 0, 0, 0
6, 99, 0, 0, 0
6, 99, 0, 0, 0
6, 99, 0, 0, 0
6, 99, 62, 1, 0
6, 99, 69, 1, 0
6, 99, 72, 1, 0
7, 99, 74, 1, 92
89, 99, 76, 1, 93
90, 99, 76, 1, 93
88, 99, 79, 1, 93
88, 99, 80, 1, 93
89, 99, 81, 1, 93
89, 99, 81, 1, 93
89, 99, 79, 1, 93
89, 99, 78, 1, 93
88, 99, 79, 1, 93
88, 99, 79, 1, 93
89, 99, 80, 1, 93
89, 99, 81, 1, 93
88, 99, 80, 1, 93
88, 99, 80, 1, 93
88, 99, 80, 1, 93
88, 99, 81, 0, 93
89, 99, 82, 0, 93
89, 99, 82, 0, 93
89, 99, 82, 0, 93
89, 99, 81, 0, 93
89, 99, 81, 0, 93
89, 99, 88, 0, 93
89, 99, 90, 0, 93
89, 99, 90, 0, 93
89, 99, 91, 0, 93
89, 99, 92, 0, 93
89, 99, 92, 0, 93
90, 99, 92, 0, 93
90, 99, 92, 0, 93
89, 99, 89, 0, 94
90, 99, 87, 0, 94
90, 99, 87, 0, 94
90, 99, 89, 0, 94
90, 99, 88, 0, 94
90, 99, 90, 0, 94
90, 99, 89, 0, 94
90, 99, 89, 0, 94
90, 99, 94, 0, 94
90, 99, 95, 0, 94
90, 99, 95, 0, 94
90, 99, 96, 0, 93
89, 99, 96, 0, 94
89, 99, 96, 0, 94
89, 99, 96, 0, 94
89, 99, 96, 0, 94
88, 99, 97, 0, 93
88, 99, 97, 0, 94
88, 99, 97, 0, 94
88, 99, 97, 0, 94
88, 100, 97, 0, 94
87, 99, 97, 0, 94
87, 99, 97, 0, 94
87, 99, 97, 0, 94
80, 99, 97, 0, 94
80, 100, 97, 0, 94
80, 100, 97, 0, 94
78, 99, 97, 0, 94
78, 100, 97, 0, 93
76, 100, 97, 0, 94
76, 100, 97, 0, 94
75, 100, 97, 0, 93
74, 100, 97, 0, 94
74, 100, 97, 0, 94
74, 100, 97, 0, 94
19, 100, 96, 0, 93
13, 99, 96, 0, 93
2, 100, 95, 0, 93
2, 100, 93, 0, 93
0, 99, 93, 0, 93
0, 99, 93, 0, 93
0, 99, 94, 0, 94
0, 99, 94, 0, 93
0, 100, 93, 0, 93
0, 99, 93, 0, 93
0, 99, 91, 0, 94
0, 99, 91, 0, 93
0, 100, 90, 0, 93
0, 100, 87, 0, 94
0, 100, 87, 0, 93
0, 99, 87, 0, 94
0, 99, 86, 0, 94
0, 100, 84, 0, 94
0, 99, 80, 0, 94
0, 100, 79, 0, 94
0, 100, 79, 0, 93
0, 99, 69, 0, 94
0, 100, 72, 0, 94
0, 99, 73, 0, 94
0, 99, 71, 0, 93
0, 100, 71, 0, 94
0, 100, 69, 0, 94
0, 100, 68, 0, 93
0, 99, 67, 0, 93
0, 99, 61, 0, 0
0, 99, 61, 0, 0
0, 100, 56, 0, 0
0, 100, 56, 0, 0
0, 100, 56, 0, 0
0, 99, 56, 0, 0
0, 99, 56, 0, 0
0, 99, 55, 0, 0
0, 100, 53, 0, 0
1, 99, 54, 0, 0
1, 99, 54, 0, 0
2, 99, 48, 0, 0
2, 100, 0, 0, 0
7, 99, 83, 0, 93
5, 100, 83, 0, 93
2, 100, 83, 0, 93
2, 99, 83, 0, 93
2, 99, 83, 0, 93
2, 99, 83, 0, 93
3, 100, 83, 0, 93
2, 99, 83, 0, 93
2, 99, 84, 0, 93
1, 99, 84, 0, 93
1, 99, 84, 0, 93
0, 99, 84, 0, 93
0, 99, 84, 0, 93
0, 99, 84, 0, 93
0, 99, 84, 0, 93
0, 100, 84, 0, 93
0, 100, 83, 0, 93
0, 99, 82, 0, 93
0, 99, 82, 0, 93
0, 99, 81, 0, 93
0, 99, 81, 0, 93
0, 100, 81, 0, 93
0, 99, 78, 0, 93
0, 99, 78, 0, 93
0, 99, 77, 0, 93
0, 99, 77, 0, 93
0, 100, 76, 0, 93
0, 100, 76, 0, 93
0, 99, 70, 0, 93
0, 100, 72, 0, 93
0, 99, 73, 0, 93
0, 99, 73, 0, 93
0, 100, 74, 0, 94
0, 100, 74, 0, 94
0, 99, 74, 0, 93
0, 100, 73, 0, 93
0, 99, 73, 0, 93
0, 100, 72, 0, 93
0, 100, 72, 0, 93
0, 100, 72, 0, 93
0, 100, 72, 0, 93
0, 100, 72, 0, 93
0, 100, 72, 0, 93
0, 100, 71, 0, 93
0, 99, 71, 0, 93
0, 99, 71, 0, 93
0, 100, 72, 0, 93
0, 100, 72, 0, 93
0, 100, 72, 0, 93
0, 100, 72, 0, 93
0, 100, 71, 0, 93
0, 99, 71, 0, 93
0, 100, 71, 0, 93
0, 100, 71, 0, 93
0, 100, 71, 0, 93
0, 100, 71, 0, 93
0, 100, 71, 0, 0
0, 100, 71, 0, 0
0, 100, 71, 0, 0
0, 99, 71, 0, 0
0, 99, 71, 0, 0
0, 100, 71, 0, 0
0, 100, 72, 0, 0
0, 99, 72, 0, 0
0, 99, 72, 0, 0
0, 99, 72, 0, 0
0, 99, 72, 0, 87
0, 99, 72, 0, 93
0, 99, 72, 0, 93
0, 99, 72, 0, 93
0, 99, 72, 0, 93
0, 99, 72, 0, 93
0, 100, 73, 0, 93
0, 99, 73, 0, 93
0, 100, 73, 0, 93
0, 99, 73, 0, 93
0, 100, 73, 0, 93
0, 99, 73, 0, 93
0, 99, 72, 0, 93
0, 100, 72, 0, 93
0, 100, 71, 0, 0
0, 100, 71, 0, 0
0, 100, 71, 0, 0
0, 99, 69, 0, 0
0, 99, 69, 0, 0
0, 99, 68, 0, 0
0, 99, 57, 0, 0
0, 99, 58, 0, 0
0, 99, 58, 0, 0
0, 99, 61, 0, 0
0, 99, 61, 0, 0
1, 100, 59, 0, 0
1, 99, 0, 0, 0
1, 99, 0, 0, 0
1, 100, 0, 0, 0
1, 99, 0, 0, 0
1, 99, 0, 0, 0
1, 99, 0, 0, 0
1, 99, 0, 0, 0
6, 99, 0, 0, 0
6, 99, 0, 0, 0
6, 99, 0, 0, 0
6, 100, 0, 0, 0
6, 100, 0, 0, 0
6, 99, 0, 0, 0
6, 99, 0, 0, 0
6, 99, 0, 0, 0
6, 99, 0, 0, 0
6, 99, 0, 0, 0
6, 99, 0, 0, 0
6, 99, 0, 0, 0
6, 99, 0, 0, 0
6, 99, 0, 0, 0
6, 99, 0, 0, 0
6, 99, 0, 0, 0
6, 99, 0, 0, 0
6, 99, 0, 0, 0
6, 99, 0, 0, 0
6, 99, 0, 0, 0
6, 99, 0, 0, 0
6, 99, 0, 0, 0
6, 99, 0, 0, 0
6, 99, 0, 0, 0
6, 99, 0, 0, 0
6, 99, 0, 0, 0
6, 99, 0, 0, 0
6, 99, 0, 0, 0
6, 99, 0, 0, 0
6, 99, 0, 0, 0
6, 99, 0, 0, 0
6, 99, 0, 0, 0
6, 99, 0, 0, 0
6, 99, 0, 0, 0
6, 99, 0, 0, 0
6, 99, 0, 0, 0
6, 99, 0, 0, 0
6, 99, 0, 0, 0
6, 99, 0, 0, 0
6, 99, 0, 0, 0
6, 99, 0, 0, 0
6, 99, 0, 0, 0
6, 99, 0, 0, 0
6, 99, 0, 0, 0
6, 99, 0, 0, 0
6, 99, 0, 0, 0
6, 99, 0, 0, 0
6, 99, 0, 0, 0
6, 99, 0, 0, 0
6, 99, 0, 0, 0
6, 99, 0, 0, 0
6, 99, 0, 0, 0
6, 99, 0, 0, 0
6, 99, 0, 0, 0
6, 99, 0, 0, 0
6, 99, 0, 0, 0
6, 99, 0, 0, 0
6, 99, 0, 0, 0
6, 99, 0, 0, 0
6, 99, 0, 0, 0
6, 99, 0, 0, 0
6, 99, 0, 0, 0
6, 99, 0, 0, 0
6, 99, 0, 0, 0
6, 99, 0, 0, 0
6, 99, 0, 0, 0
6, 99, 0, 0, 0
6, 99, 0, 0, 0
6, 99, 0, 0, 0
6, 99, 0, 0, 0
6, 99, 0, 0, 0
6, 99, 0, 1, 0
6, 99, 0, 0, 0
6, 99, 0, 0, 0
6, 99, 0, 0, 0
6, 99, 0, 0, 0
6, 99, 0, 0, 0
6, 99, 0, 0, 0
6, 99, 0, 0, 0
6, 99, 0, 0, 0
6, 99, 0, 1, 0
6, 99, 0, 0, 0
6, 99, 0, 1, 0
6, 99, 0, 1, 0
6, 99, 0, 1, 0
6, 99, 0, 1, 0
6, 99, 0, 1, 0
6, 99, 0, 1, 0
6, 99, 0, 1, 0
6, 99, 0, 1, 0
6, 99, 0, 1, 0
6, 99, 0, 1, 0
6, 99, 0, 1, 0
6, 99, 0, 1, 0
6, 99, 0, 1, 0
6, 99, 0, 1, 0
6, 99, 0, 0, 0
6, 99, 0, 0, 0
6, 99, 0, 1, 0
6, 99, 0, 0, 0
6, 99, 0, 0, 0
6, 99, 0, 1, 0
6, 99, 0, 1, 0
6, 99, 0, 1, 0
6, 99, 0, 1, 0
6, 99, 0, 1, 0
6, 99, 0, 1, 0
6, 99, 0, 1, 0
6, 99, 0, 1, 0
6, 99, 0, 1, 0
6, 99, 0, 1, 0
6, 99, 0, 1, 0
6, 99, 0, 1, 0
6, 99, 0, 1, 0
6, 99, 75, 1, 0
6, 99, 75, 1, 0
6, 99, 75, 1, 93
89, 99, 74, 1, 93
89, 99, 75, 1, 93
89, 99, 75, 1, 93
96, 99, 76, 1, 93
96, 99, 76, 1, 93
96, 99, 80, 1, 93
96, 99, 80, 1, 93
96, 99, 81, 1, 93
96, 99, 81, 1, 93
96, 99, 82, 1, 94
95, 99, 82, 0, 93
95, 99, 82, 0, 93
95, 99, 83, 0, 93
95, 99, 83, 0, 94
95, 99, 83, 0, 94
95, 99, 83, 0, 93
96, 99, 83, 0, 94
96, 99, 82, 0, 94
96, 99, 83, 0, 94
97, 99, 92, 0, 94
97, 99, 93, 0, 94
97, 99, 93, 0, 94
97, 99, 93, 0, 94
97, 99, 93, 0, 94
97, 99, 93, 0, 94
97, 99, 93, 0, 94
97, 99, 93, 0, 94
96, 99, 92, 0, 94
96, 99, 92, 0, 94
96, 99, 91, 0, 94
96, 100, 93, 0, 94
96, 99, 93, 0, 94
96, 100, 92, 0, 94
96, 100, 91, 0, 94
96, 99, 90, 0, 94
96, 100, 90, 0, 94
96, 99, 90, 0, 94
96, 100, 91, 0, 94
96, 99, 91, 0, 94
96, 99, 91, 0, 94
96, 99, 91, 0, 94
96, 100, 91, 0, 94
97, 99, 91, 0, 94
97, 99, 92, 0, 2
98, 99, 92, 0, 2
98, 99, 92, 0, 2
98, 99, 92, 0, 2
98, 99, 92, 0, 2
99, 99, 92, 0, 2
99, 100, 92, 0, 2
99, 100, 92, 0, 2
99, 100, 92, 0, 2
99, 100, 92, 0, 2
99, 99, 92, 0, 2
99, 99, 93, 0, 2
99, 99, 93, 0, 2
99, 99, 93, 0, 2
99, 99, 93, 0, 2
99, 99, 93, 0, 2
99, 100, 93, 0, 2
99, 100, 93, 0, 2
99, 100, 93, 0, 2
99, 99, 93, 0, 2
99, 99, 93, 0, 2
99, 99, 93, 0, 2
99, 99, 93, 0, 2
99, 99, 93, 0, 2
99, 100, 93, 0, 2
99, 99, 94, 0, 2
99, 99, 94, 0, 2
99, 99, 94, 0, 2
99, 99, 94, 0, 2
99, 99, 94, 0, 2
99, 100, 94, 0, 2
99, 99, 94, 0, 2
99, 99, 94, 0, 2
99, 99, 94, 0, 2
99, 100, 94, 0, 2
99, 99, 94, 0, 2
99, 99, 94, 0, 2
99, 99, 94, 0, 2
99, 99, 94, 0, 2
99, 99, 94, 0, 2
98, 99, 94, 0, 2
97, 99, 95, 0, 2
97, 99, 95, 0, 2
97, 99, 96, 0, 2
96, 99, 96, 0, 2
96, 99, 96, 0, 2
96, 99, 96, 0, 2
95, 99, 96, 0, 2
94, 99, 96, 0, 2
94, 99, 96, 0, 2
94, 99, 96, 0, 2
93, 99, 96, 0, 2
93, 99, 96, 0, 2
93, 100, 96, 0, 2
92, 100, 94, 0, 2
92, 100, 94, 0, 3
91, 99, 94, 0, 3
91, 99, 94, 0, 3
86, 99, 94, 0, 3
85, 100, 93, 0, 3
85, 99, 93, 0, 3
84, 99, 92, 0, 3
84, 99, 91, 0, 3
84, 100, 91, 0, 3
83, 100, 91, 0, 4
82, 100, 91, 0, 4
82, 99, 87, 0, 4
82, 99, 87, 0, 4
82, 99, 87, 0, 4
81, 100, 86, 0, 4
80, 100, 91, 0, 4
79, 100, 91, 0, 5
77, 99, 90, 0, 5
32, 99, 90, 0, 5
23, 100, 90, 0, 5
8, 100, 89, 0, 6
4, 100, 88, 0, 6
3, 99, 87, 0, 7
1, 99, 85, 0, 94
8, 100, 83, 0, 94
8, 100, 83, 0, 94
99, 82, 0, 94, 9
100, 82, 0, 94, 9
1, 99, 80, 0, 94
3, 100, 78, 0, 94
7, 99, 76, 0, 94
94, 100, 74, 0, 94
94, 99, 73, 0, 94
94, 100, 72, 0, 94
94, 100, 72, 0, 94
94, 100, 71, 0, 94
94, 100, 66, 0, 94
94, 100, 66, 0, 94
94, 100, 64, 0, 94
93, 99, 62, 0, 98
93, 99, 62, 0, 98
93, 99, 54, 0, 99
92, 100, 54, 0, 99
93, 100, 54, 0, 99
93, 100, 53, 0, 99
93, 99, 53, 0, 99
93, 99, 53, 0, 99
93, 99, 53, 0, 99
4, 99, 51, 0, 99
93, 100, 52, 0, 97
93, 100, 52, 0, 97
93, 99, 52, 0, 97
2, 99, 52, 0, 97
2, 100, 52, 0, 97
2, 100, 52, 0, 97
3, 99, 52, 0, 98
3, 99, 52, 0, 98
5, 100, 0, 0, 98
6, 99, 0, 0, 98
6, 100, 0, 0, 98
7, 100, 0, 0, 98
7, 100, 0, 0, 98
7, 99, 0, 0, 98
7, 99, 0, 0, 98
7, 99, 0, 0, 98
7, 99, 0, 0, 98
7, 99, 0, 0, 98
7, 99, 0, 0, 98
7, 99, 0, 0, 97
7, 100, 0, 0, 97
7, 99, 0, 0, 96
7, 99, 0, 0, 86
7, 99, 0, 0, 86
7, 99, 0, 0, 86
6, 99, 0, 0, 0
6, 99, 0, 0, 0
6, 99, 0, 0, 0
6, 99, 0, 0, 0
6, 99, 0, 0, 0
6, 99, 0, 0, 0
6, 99, 0, 0, 0
6, 99, 0, 0, 0
6, 99, 0, 0, 0
6, 99, 0, 0, 0
6, 99, 0, 0, 0
6, 99, 0, 0, 0
6, 99, 0, 0, 0
6, 99, 0, 0, 0
6, 99, 0, 0, 0
6, 99, 0, 0, 0
6, 99, 0, 0, 0
6, 99, 0, 0, 0
6, 99, 0, 1, 0
6, 99, 0, 1, 0
6, 99, 0, 0, 0
6, 99, 0, 1, 0
6, 99, 0, 1, 0
6, 99, 0, 0, 0
6, 99, 0, 0, 0
6, 99, 0, 1, 0
6, 99, 0, 1, 0
6, 99, 0, 1, 0
6, 99, 0, 1, 0
6, 99, 0, 1, 0
6, 99, 0, 1, 0
6, 99, 0, 1, 0
6, 99, 0, 1, 0
6, 99, 0, 1, 0
6, 99, 0, 1, 0
6, 99, 0, 1, 0
6, 99, 0, 1, 0
6, 99, 0, 1, 0
6, 99, 0, 1, 0
6, 99, 0, 1, 0
6, 99, 0, 1, 0
6, 99, 0, 1, 0
6, 99, 0, 1, 0
6, 99, 0, 1, 0
6, 99, 0, 1, 0
6, 99, 0, 1, 0
6, 99, 0, 1, 0
6, 99, 0, 1, 0
6, 99, 0, 1, 0
6, 99, 0, 1, 0
6, 99, 0, 1, 0
6, 99, 0, 1, 0
6, 99, 0, 1, 0
6, 99, 0, 1, 0
6, 99, 0, 1, 0
6, 99, 0, 1, 0
6, 99, 0, 1, 0
6, 99, 0, 0, 0
6, 99, 0, 1, 0
6, 99, 0, 1, 0
6, 99, 0, 0, 0
6, 99, 0, 1, 0
6, 99, 0, 1, 0
6, 99, 0, 0, 0
6, 99, 0, 0, 0
6, 99, 0, 0, 0
6, 99, 0, 0, 0
6, 99, 0, 0, 0
6, 99, 0, 0, 0
6, 99, 0, 0, 0
6, 99, 0, 0, 0
6, 99, 0, 0, 0
6, 99, 0, 0, 0
6, 99, 0, 0, 0
6, 99, 0, 0, 0
6, 99, 0, 0, 0
6, 99, 0, 0, 0
6, 99, 0, 0, 0
6, 99, 0, 0, 0
6, 99, 0, 0, 0
6, 99, 0, 0, 0
6, 99, 0, 0, 0
6, 99, 0, 0, 0
6, 99, 68, 0, 0
6, 99, 68, 0, 0
7, 99, 77, 0, 92
7, 99, 82, 0, 93
28, 100, 90, 0, 94
20, 99, 90, 0, 93
13, 99, 94, 0, 94
13, 99, 94, 0, 94
13, 99, 92, 0, 94
12, 99, 91, 0, 94
3, 99, 89, 0, 94
2, 99, 89, 0, 94
0, 100, 88, 0, 94
0, 100, 88, 0, 94
0, 100, 88, 0, 94
0, 99, 85, 0, 99
0, 100, 85, 0, 99
0, 100, 84, 0, 99
0, 99, 83, 0, 99
0, 100, 82, 0, 99
0, 100, 77, 0, 99
0, 100, 76, 0, 99
0, 100, 76, 0, 99
0, 99, 70, 0, 99
0, 100, 69, 0, 99
0, 100, 72, 0, 99
0, 100, 70, 0, 99
0, 100, 70, 0, 99
0, 100, 68, 0, 97
0, 100, 67, 0, 99
0, 100, 67, 0, 99
0, 99, 61, 0, 99
0, 99, 61, 0, 99
0, 99, 60, 0, 99
0, 100, 57, 0, 99
0, 100, 57, 0, 99
0, 99, 56, 0, 99
0, 99, 56, 0, 99
0, 99, 56, 0, 99
1, 99, 56, 0, 99
1, 99, 56, 0, 99
1, 99, 56, 0, 99
2, 99, 53, 0, 99
2, 99, 0, 0, 99
2, 99, 0, 0, 99
2, 99, 0, 0, 99
2, 99, 0, 0, 99
2, 99, 0, 0, 99
2, 99, 0, 0, 99
7, 99, 0, 0, 98
7, 99, 0, 0, 98
7, 99, 0, 0, 98
7, 99, 0, 0, 98
7, 99, 0, 0, 98
7, 99, 0, 0, 98
7, 99, 0, 0, 98
7, 100, 0, 0, 98
7, 99, 0, 0, 98
7, 100, 0, 0, 98
7, 100, 0, 0, 98
7, 99, 0, 0, 98
7, 99, 0, 0, 98
7, 99, 0, 0, 98
7, 99, 0, 0, 98
7, 100, 0, 0, 98
7, 99, 0, 0, 98
7, 99, 0, 0, 98
7, 99, 0, 0, 98
7, 99, 0, 0, 98
7, 99, 0, 0, 98
7, 99, 0, 0, 98
7, 99, 0, 0, 98
7, 99, 0, 0, 99
7, 99, 0, 0, 99
7, 99, 0, 0, 99
7, 99, 0, 0, 99
7, 99, 0, 0, 99
7, 99, 0, 0, 99
7, 99, 0, 0, 99
7, 99, 0, 0, 99
7, 99, 0, 0, 99
7, 99, 0, 0, 99
7, 99, 0, 0, 99
7, 99, 0, 0, 99
7, 99, 0, 0, 98
7, 99, 0, 0, 98
7, 99, 0, 0, 98
7, 99, 0, 0, 98
7, 99, 0, 0, 98
7, 99, 0, 0, 97
7, 99, 0, 0, 86
6, 99, 0, 0, 0
6, 99, 0, 0, 0
6, 99, 0, 0, 0
6, 99, 0, 0, 0
6, 99, 0, 0, 0
6, 99, 0, 0, 0
6, 99, 0, 0, 0
6, 99, 0, 0, 0
6, 99, 0, 0, 0
6, 99, 0, 0, 0
6, 99, 0, 0, 0
6, 99, 0, 0, 0
6, 99, 0, 0, 0
6, 99, 0, 0, 0
6, 99, 0, 0, 0
6, 99, 0, 0, 0
6, 99, 0, 0, 0
6, 99, 0, 0, 0
6, 99, 0, 0, 0
6, 99, 0, 0, 0
6, 99, 0, 0, 0
6, 99, 0, 0, 0
6, 99, 0, 0, 0
6, 99, 0, 1, 0
6, 99, 0, 1, 0
6, 99, 0, 1, 0
6, 99, 0, 1, 0
6, 99, 0, 1, 0
6, 99, 0, 1, 0
6, 99, 0, 1, 0
6, 99, 0, 1, 0
6, 99, 0, 1, 0
6, 99, 0, 1, 0
6, 99, 0, 1, 0
6, 99, 0, 1, 0
6, 99, 0, 1, 0
6, 99, 0, 1, 0
6, 99, 0, 1, 0
6, 99, 0, 1, 0
6, 99, 0, 1, 0
6, 99, 0, 1, 0
6, 99, 0, 1, 0
6, 99, 0, 1, 0
6, 99, 0, 1, 0
6, 99, 0, 1, 0
6, 99, 0, 1, 0
6, 99, 0, 1, 0
6, 99, 0, 1, 0
6, 99, 0, 1, 0
6, 99, 0, 1, 0
6, 99, 0, 1, 0
6, 99, 0, 1, 0
6, 99, 0, 1, 0
6, 99, 0, 1, 0
6, 99, 0, 1, 0
6, 99, 0, 1, 0
6, 99, 0, 1, 0
6, 99, 0, 0, 0
6, 99, 0, 0, 0
6, 99, 0, 0, 0
6, 99, 0, 0, 0
6, 99, 0, 0, 0
6, 99, 0, 0, 0
6, 99, 0, 0, 0
6, 99, 0, 0, 0
6, 99, 0, 0, 0
6, 99, 0, 0, 0
6, 99, 0, 0, 0
6, 99, 0, 0, 0
6, 99, 0, 0, 0
6, 99, 0, 1, 0
6, 99, 0, 0, 0
6, 99, 0, 0, 0
6, 99, 0, 0, 0
6, 99, 0, 0, 0
6, 99, 0, 0, 0
6, 99, 0, 0, 0
6, 99, 0, 0, 0
6, 99, 0, 0, 0
6, 99, 0, 0, 0
6, 99, 0, 0, 0
6, 99, 0, 0, 0
6, 99, 0, 0, 0
6, 99, 0, 0, 0
6, 99, 0, 0, 0
6, 99, 0, 0, 0
6, 99, 0, 0, 0
6, 99, 0, 0, 0
6, 99, 0, 0, 0
6, 99, 0, 0, 0
6, 99, 0, 0, 0
6, 99, 0, 0, 0
6, 99, 62, 0, 0
6, 99, 62, 0, 0
6, 99, 72, 0, 0
7, 99, 78, 0, 93
7, 99, 83, 0, 93
87, 100, 90, 0, 94
87, 100, 90, 0, 94
87, 99, 90, 0, 94
87, 99, 90, 0, 94
87, 99, 90, 0, 94
87, 100, 90, 0, 94
87, 99, 90, 0, 94
86, 100, 91, 0, 94
86, 99, 92, 0, 94
86, 99, 92, 0, 94
85, 100, 93, 0, 94
20, 99, 93, 0, 94
18, 99, 94, 0, 94
14, 99, 94, 0, 94
5, 99, 94, 0, 94
5, 99, 94, 0, 94
4, 99, 95, 0, 94
4, 100, 95, 0, 94
4, 99, 94, 0, 94
4, 99, 93, 0, 94
4, 99, 93, 0, 94
4, 99, 93, 0, 94
3, 100, 93, 0, 94
3, 99, 93, 0, 94
3, 99, 94, 0, 94
3, 99, 94, 0, 94
3, 99, 94, 0, 94
3, 100, 95, 0, 94
3, 100, 94, 0, 94
3, 100, 94, 0, 94
3, 100, 93, 0, 94
3, 99, 93, 0, 94
3, 99, 92, 0, 94
6, 99, 92, 0, 94
13, 100, 92, 0, 94
7, 100, 91, 0, 94
5, 99, 91, 0, 94
5, 99, 91, 0, 94
1, 99, 88, 0, 94
1, 99, 88, 0, 94
1, 100, 88, 0, 94
2, 99, 87, 0, 94
2, 99, 87, 0, 94
6, 99, 0, 0, 0
6, 99, 0, 0, 0
6, 99, 0, 0, 0
6, 99, 0, 1, 0
6, 99, 0, 1, 0
6, 99, 0, 1, 0
6, 99, 0, 1, 0
6, 99, 0, 1, 0
6, 99, 0, 1, 0
6, 99, 0, 1, 0
6, 99, 0, 1, 0
6, 99, 0, 1, 0
6, 99, 0, 1, 0
6, 99, 0, 1, 0
6, 99, 0, 1, 0
6, 99, 0, 1, 0
6, 99, 0, 1, 0
6, 99, 0, 1, 0
6, 99, 0, 1, 0
6, 99, 0, 1, 0
6, 99, 0, 1, 0
6, 99, 0, 1, 0
6, 99, 0, 1, 0
6, 99, 0, 0, 0
6, 99, 0, 1, 0
6, 99, 0, 0, 0
6, 99, 0, 0, 0
6, 99, 0, 1, 0
6, 99, 0, 1, 0
6, 99, 0, 1, 0
6, 99, 0, 1, 0
6, 99, 0, 1, 0
6, 99, 0, 1, 0
6, 99, 0, 1, 0
6, 99, 0, 1, 0
6, 99, 0, 1, 0
6, 99, 0, 1, 0
6, 99, 0, 1, 0
6, 99, 0, 1, 0
6, 99, 0, 1, 0
6, 99, 0, 1, 0
6, 99, 0, 1, 0
6, 99, 0, 1, 0
6, 99, 0, 1, 0
6, 99, 0, 1, 0
6, 99, 0, 1, 0
6, 99, 0, 1, 0
6, 99, 0, 1, 0
6, 99, 0, 1, 0
6, 99, 0, 1, 0
6, 99, 0, 1, 0
6, 99, 0, 1, 0
6, 99, 0, 1, 0
6, 99, 0, 1, 0
6, 99, 0, 1, 0
6, 99, 0, 1, 0
6, 99, 0, 1, 0
6, 99, 0, 1, 0
6, 99, 0, 1, 0
6, 99, 0, 1, 0
6, 99, 0, 0, 0
6, 99, 0, 1, 0
6, 99, 0, 0, 0
6, 99, 0, 0, 0
6, 99, 0, 0, 0
6, 99, 0, 0, 0
6, 100, 0, 0, 0
6, 100, 0, 0, 0
2, 99, 0, 0, 98
2, 99, 0, 0, 98
1, 99, 60, 0, 98
0, 100, 72, 0, 93
0, 100, 75, 0, 94
0, 100, 74, 0, 98
0, 100, 75, 0, 98
0, 99, 75, 0, 98
0, 100, 75, 0, 99
0, 100, 75, 0, 99
0, 100, 74, 0, 99
0, 100, 74, 0, 99
0, 99, 74, 0, 99
0, 100, 74, 0, 99
0, 100, 75, 0, 99
0, 99, 74, 0, 99
0, 99, 74, 0, 99
0, 100, 74, 0, 100
0, 100, 74, 0, 99
0, 99, 74, 0, 99
0, 99, 74, 0, 99
0, 99, 74, 0, 99
0, 99, 74, 0, 99
0, 100, 74, 0, 99
0, 100, 73, 0, 99
0, 100, 73, 0, 99
0, 100, 73, 0, 99
0, 100, 68, 0, 99
0, 99, 57, 0, 99
0, 100, 56, 0, 99
0, 100, 56, 0, 0
1, 100, 48, 0, 0
2, 100, 0, 0, 0
2, 99, 0, 0, 0
2, 99, 0, 0, 0
6, 99, 0, 0, 0
6, 99, 0, 0, 0
6, 99, 0, 0, 0
6, 100, 0, 0, 0
6, 99, 0, 0, 0
6, 100, 0, 0, 0
2, 99, 0, 0, 0
2, 100, 62, 0, 0
2, 100, 62, 0, 0
2, 100, 59, 0, 0
1, 99, 56, 0, 0
0, 100, 72, 0, 94
0, 100, 72, 0, 94
0, 100, 76, 0, 99
0, 100, 76, 0, 99
0, 100, 76, 0, 99
0, 99, 76, 0, 99
0, 99, 76, 0, 99
0, 99, 76, 0, 99
0, 100, 76, 0, 99
0, 100, 76, 0, 99
0, 99, 76, 0, 99
0, 100, 75, 0, 99
0, 100, 75, 0, 99
0, 99, 75, 0, 99
0, 100, 75, 0, 99
0, 99, 74, 0, 99
0, 99, 73, 0, 99
0, 99, 74, 0, 99
0, 100, 73, 0, 99
0, 99, 73, 0, 99
0, 99, 73, 0, 99
0, 100, 71, 0, 99
