5, 98, 0, 1, 0
5, 98, 0, 1, 0
5, 98, 0, 1, 0
5, 98, 0, 1, 0
5, 98, 0, 1, 0
5, 98, 0, 1, 0
5, 98, 0, 1, 0
5, 98, 0, 1, 0
5, 98, 0, 1, 0
5, 98, 0, 1, 0
5, 98, 0, 1, 0
5, 98, 0, 1, 0
5, 98, 0, 1, 0
5, 98, 0, 1, 0
5, 98, 0, 1, 0
5, 98, 0, 1, 0
5, 98, 0, 1, 0
5, 98, 0, 1, 0
5, 98, 0, 1, 0
5, 98, 0, 1, 0
5, 98, 0, 1, 0
5, 98, 0, 1, 0
5, 98, 0, 1, 0
5, 98, 0, 1, 0
5, 98, 0, 1, 0
5, 98, 0, 1, 0
5, 98, 0, 1, 0
5, 98, 0, 1, 0
5, 98, 0, 1, 0
5, 98, 0, 1, 0
5, 98, 0, 1, 0
5, 98, 0, 1, 0
5, 98, 0, 1, 0
5, 98, 0, 1, 0
5, 98, 0, 1, 0
5, 98, 0, 1, 0
5, 98, 0, 1, 0
5, 98, 0, 1, 0
5, 98, 0, 1, 0
5, 98, 0, 1, 0
5, 98, 0, 1, 0
5, 98, 0, 1, 0
5, 98, 0, 1, 0
5, 98, 0, 1, 0
5, 98, 0, 1, 0
5, 98, 0, 1, 0
5, 98, 0, 1, 0
5, 98, 0, 1, 0
5, 98, 0, 1, 0
5, 98, 0, 1, 0
5, 98, 0, 1, 0
5, 98, 0, 1, 0
5, 98, 0, 1, 0
5, 98, 0, 1, 0
5, 98, 0, 1, 0
5, 98, 0, 1, 0
5, 98, 0, 1, 0
5, 98, 0, 1, 0
5, 98, 0, 1, 0
5, 98, 0, 1, 0
5, 98, 0, 1, 0
5, 98, 0, 1, 0
5, 98, 0, 1, 0
5, 98, 0, 1, 0
5, 98, 0, 1, 0
5, 98, 0, 1, 0
5, 98, 0, 1, 0
5, 98, 0, 1, 0
5, 98, 0, 1, 0
5, 98, 0, 1, 0
5, 98, 0, 1, 0
5, 98, 0, 1, 0
5, 98, 0, 1, 0
5, 98, 0, 1, 0
5, 97, 0, 1, 0
5, 85, 0, 1, 0
5, 85, 0, 1, 0
5, 0, 0, 1, 0
5, 0, 0, 1, 0
5, 0, 0, 1, 0
5, 0, 0, 1, 0
5, 0, 0, 1, 0
5, 0, 0, 1, 0
5, 0, 0, 1, 0
5, 0, 0, 1, 0
5, 0, 0, 1, 0
5, 0, 0, 1, 0
5, 0, 0, 1, 0
5, 0, 78, 1, 0
5, 0, 78, 1, 0
5, 0, 79, 1, 0
89, 2, 78, 1, 2
89, 2, 78, 1, 2
90, 2, 76, 1, 9
90, 2, 76, 1, 9
90, 2, 76, 1, 8
90, 98, 75, 1, 7
90, 98, 75, 1, 7
91, 98, 75, 1, 7
91, 98, 75, 1, 7
91, 98, 77, 1, 7
91, 98, 77, 1, 7
91, 98, 76, 1, 6
91, 98, 76, 1, 6
92, 99, 74, 1, 6
92, 99, 74, 1, 5
92, 99, 83, 0, 5
92, 99, 84, 1, 5
92, 99, 80, 0, 5
92, 99, 80, 0, 5
92, 99, 79, 0, 5
92, 99, 80, 0, 5
92, 99, 82, 0, 5
92, 99, 85, 0, 5
92, 99, 86, 0, 5
92, 99, 86, 0, 5
92, 99, 86, 0, 5
92, 99, 87, 0, 5
93, 99, 87, 0, 4
93, 99, 87, 0, 4
93, 99, 88, 0, 4
93, 99, 88, 0, 5
93, 99, 88, 0, 5
93, 99, 88, 0, 4
93, 99, 89, 0, 4
93, 100, 89, 0, 4
93, 100, 89, 0, 4
93, 99, 89, 0, 4
93, 99, 90, 0, 4
93, 100, 89, 0, 4
93, 99, 90, 0, 4
93, 99, 90, 0, 4
93, 99, 90, 0, 4
94, 99, 90, 0, 4
94, 99, 91, 0, 4
94, 99, 91, 0, 4
94, 100, 91, 0, 4
94, 100, 91, 0, 4
94, 99, 91, 0, 4
94, 100, 91, 0, 4
94, 99, 91, 0, 4
94, 99, 92, 0, 4
94, 99, 92, 0, 4
94, 100, 92, 0, 4
93, 99, 92, 0, 4
93, 99, 92, 0, 4
93, 100, 92, 0, 4
93, 100, 92, 0, 4
93, 99, 92, 0, 4
93, 99, 92, 0, 4
93, 100, 92, 0, 4
93, 99, 93, 0, 4
93, 99, 93, 0, 4
93, 99, 93, 0, 4
93, 100, 93, 0, 4
93, 99, 93, 0, 3
93, 99, 93, 0, 3
93, 99, 93, 0, 4
93, 99, 93, 0, 4
93, 99, 93, 0, 3
93, 99, 93, 0, 4
93, 99, 93, 0, 3
93, 99, 93, 0, 4
93, 99, 93, 0, 3
93, 99, 93, 0, 3
93, 100, 94, 0, 3
93, 99, 94, 0, 3
93, 99, 94, 0, 3
93, 99, 94, 0, 3
93, 99, 94, 0, 3
93, 99, 94, 0, 3
93, 99, 94, 0, 3
93, 100, 94, 0, 3
93, 99, 94, 0, 3
93, 99, 94, 0, 3
93, 99, 94, 0, 3
93, 99, 94, 0, 3
93, 99, 94, 0, 3
93, 99, 94, 0, 3
93, 99, 94, 0, 3
93, 100, 94, 0, 3
93, 100, 94, 0, 3
93, 99, 94, 0, 3
93, 100, 94, 0, 3
93, 100, 94, 0, 4
93, 100, 94, 0, 3
93, 100, 94, 0, 3
93, 100, 94, 0, 3
93, 100, 94, 0, 3
93, 99, 95, 0, 3
93, 99, 95, 0, 3
93, 99, 95, 0, 3
93, 99, 95, 0, 3
93, 99, 95, 0, 3
93, 99, 95, 0, 3
93, 100, 94, 0, 3
93, 100, 94, 0, 3
93, 100, 95, 0, 3
93, 99, 95, 0, 3
93, 99, 95, 0, 3
93, 99, 95, 0, 3
93, 100, 95, 0, 3
93, 99, 95, 0, 3
93, 99, 95, 0, 3
93, 99, 95, 0, 3
93, 100, 95, 0, 3
93, 100, 95, 0, 3
93, 100, 95, 0, 3
93, 99, 94, 0, 3
93, 100, 94, 0, 3
93, 99, 94, 0, 3
93, 100, 94, 0, 4
93, 99, 94, 0, 3
93, 100, 94, 0, 3
93, 99, 94, 0, 3
93, 100, 94, 0, 3
93, 99, 94, 0, 3
93, 100, 94, 0, 3
93, 100, 94, 0, 3
93, 99, 94, 0, 3
93, 99, 94, 0, 3
93, 99, 94, 0, 3
93, 99, 94, 0, 3
93, 99, 94, 0, 3
93, 99, 94, 0, 3
93, 99, 94, 0, 3
93, 99, 94, 0, 3
93, 100, 94, 0, 3
93, 99, 94, 0, 3
93, 99, 94, 0, 3
92, 100, 94, 0, 3
93, 100, 94, 0, 4
93, 100, 94, 0, 4
93, 99, 94, 0, 3
93, 100, 94, 0, 3
93, 100, 94, 0, 3
93, 100, 94, 0, 3
93, 99, 94, 0, 3
92, 99, 94, 0, 3
93, 100, 94, 0, 4
93, 99, 94, 0, 3
93, 99, 94, 0, 3
93, 99, 94, 0, 3
93, 99, 94, 0, 3
93, 99, 94, 0, 3
93, 100, 94, 0, 3
93, 100, 94, 0, 3
93, 99, 94, 0, 3
93, 99, 94, 0, 3
93, 100, 94, 0, 3
93, 99, 94, 0, 3
93, 99, 94, 0, 4
93, 99, 94, 0, 3
93, 99, 94, 0, 3
93, 99, 94, 0, 3
93, 99, 94, 0, 3
93, 99, 94, 0, 3
93, 99, 94, 0, 4
93, 99, 94, 0, 3
93, 100, 94, 0, 4
93, 99, 94, 0, 3
93, 99, 94, 0, 3
93, 99, 94, 0, 3
93, 99, 94, 0, 3
93, 99, 94, 0, 3
93, 100, 94, 0, 3
93, 99, 93, 0, 3
93, 99, 93, 0, 3
93, 99, 93, 0, 3
93, 100, 93, 0, 4
93, 99, 93, 0, 3
93, 99, 93, 0, 3
93, 99, 93, 0, 3
93, 99, 93, 0, 3
93, 99, 93, 0, 3
93, 99, 93, 0, 3
93, 99, 93, 0, 3
93, 99, 93, 0, 3
93, 99, 93, 0, 4
93, 100, 93, 0, 4
93, 99, 93, 0, 4
93, 99, 93, 0, 4
93, 99, 93, 0, 4
93, 99, 93, 0, 4
93, 99, 93, 0, 4
93, 99, 93, 0, 4
93, 99, 93, 0, 4
93, 99, 93, 0, 4
93, 100, 93, 0, 4
93, 99, 93, 0, 4
93, 99, 93, 0, 4
93, 100, 93, 0, 4
93, 99, 93, 0, 4
93, 99, 93, 0, 4
93, 99, 93, 0, 4
93, 99, 93, 0, 4
93, 100, 93, 0, 4
93, 99, 93, 0, 4
93, 100, 93, 0, 4
93, 100, 93, 0, 4
92, 99, 93, 0, 4
92, 99, 93, 0, 4
92, 99, 93, 0, 4
92, 99, 93, 0, 4
92, 99, 92, 0, 4
92, 99, 92, 0, 4
92, 99, 92, 0, 4
92, 99, 92, 0, 4
92, 99, 92, 0, 4
92, 99, 92, 0, 4
92, 99, 92, 0, 4
92, 100, 92, 0, 4
92, 100, 92, 0, 4
92, 100, 92, 0, 4
92, 100, 92, 0, 4
92, 99, 92, 0, 4
92, 99, 92, 0, 4
91, 99, 92, 0, 4
91, 99, 92, 0, 4
91, 100, 92, 0, 4
91, 99, 92, 0, 4
91, 99, 91, 0, 4
91, 100, 91, 0, 4
91, 99, 91, 0, 4
91, 100, 91, 0, 5
91, 100, 91, 0, 5
91, 100, 91, 0, 5
91, 100, 91, 0, 5
91, 99, 91, 0, 4
91, 99, 91, 0, 5
91, 99, 91, 0, 4
91, 99, 91, 0, 4
91, 100, 91, 0, 5
91, 99, 91, 0, 4
91, 100, 91, 0, 5
91, 99, 91, 0, 4
91, 99, 91, 0, 4
91, 99, 91, 0, 5
91, 99, 91, 0, 4
91, 99, 91, 0, 4
91, 99, 91, 0, 5
91, 99, 91, 0, 4
91, 99, 91, 0, 4
91, 100, 91, 0, 5
91, 99, 91, 0, 4
91, 99, 91, 0, 4
91, 100, 91, 0, 4
91, 99, 91, 0, 4
91, 99, 91, 0, 4
91, 99, 91, 0, 4
91, 100, 91, 0, 4
91, 100, 91, 0, 4
91, 99, 91, 0, 4
92, 99, 91, 0, 4
92, 99, 91, 0, 4
92, 99, 91, 0, 4
92, 99, 91, 0, 4
92, 99, 91, 0, 4
92, 99, 91, 0, 4
92, 100, 91, 0, 4
92, 99, 91, 0, 4
92, 99, 91, 0, 4
92, 99, 91, 0, 4
92, 99, 91, 0, 4
92, 99, 91, 0, 4
92, 99, 91, 0, 4
92, 99, 91, 0, 4
92, 99, 91, 0, 4
92, 99, 91, 0, 4
92, 100, 91, 0, 4
92, 99, 91, 0, 4
92, 99, 91, 0, 4
92, 100, 91, 0, 4
92, 100, 91, 0, 4
92, 99, 91, 0, 4
92, 99, 91, 0, 4
92, 99, 91, 0, 4
92, 99, 91, 0, 4
92, 99, 91, 0, 4
92, 99, 91, 0, 4
92, 99, 91, 0, 4
92, 99, 91, 0, 4
92, 99, 91, 0, 4
92, 99, 91, 0, 4
92, 99, 91, 0, 4
93, 99, 91, 0, 4
93, 99, 91, 0, 4
93, 99, 91, 0, 4
93, 99, 91, 0, 4
93, 99, 91, 0, 4
93, 99, 91, 0, 4
93, 99, 91, 0, 4
93, 99, 91, 0, 4
93, 99, 91, 0, 4
93, 99, 91, 0, 4
93, 99, 91, 0, 4
93, 99, 91, 0, 4
93, 100, 91, 0, 4
93, 100, 91, 0, 4
93, 99, 91, 0, 4
93, 99, 91, 0, 4
93, 99, 91, 0, 4
93, 99, 91, 0, 4
93, 99, 91, 0, 4
93, 99, 91, 0, 4
93, 99, 91, 0, 4
93, 99, 91, 0, 4
93, 99, 91, 0, 4
93, 99, 91, 0, 4
93, 99, 91, 0, 4
93, 99, 91, 0, 4
93, 100, 91, 0, 4
93, 100, 91, 0, 4
93, 99, 91, 0, 4
93, 99, 91, 0, 4
93, 99, 91, 0, 4
93, 99, 91, 0, 4
93, 99, 91, 0, 4
93, 99, 91, 0, 4
93, 99, 91, 0, 4
93, 99, 91, 0, 4
93, 99, 91, 0, 4
93, 99, 91, 0, 4
93, 99, 91, 0, 4
93, 99, 91, 0, 4
93, 99, 91, 0, 4
93, 99, 91, 0, 4
93, 99, 91, 0, 4
93, 99, 91, 0, 4
93, 99, 91, 0, 4
93, 99, 91, 0, 4
93, 99, 91, 0, 4
93, 99, 91, 0, 4
93, 99, 91, 0, 4
93, 99, 91, 0, 4
93, 100, 91, 0, 4
93, 99, 91, 0, 4
93, 99, 91, 0, 4
93, 99, 91, 0, 4
93, 99, 91, 0, 4
93, 99, 91, 0, 4
93, 99, 91, 0, 4
93, 99, 91, 0, 4
93, 99, 91, 0, 4
93, 99, 91, 0, 4
93, 99, 91, 0, 4
93, 99, 91, 0, 4
92, 99, 91, 0, 4
92, 100, 91, 0, 4
93, 99, 91, 0, 4
93, 99, 91, 0, 4
92, 99, 91, 0, 4
93, 99, 91, 0, 4
93, 99, 91, 0, 4
92, 100, 91, 0, 4
92, 100, 91, 0, 4
93, 99, 91, 0, 4
93, 99, 91, 0, 4
93, 99, 91, 0, 4
93, 99, 91, 0, 4
93, 100, 91, 0, 4
93, 100, 91, 0, 4
93, 100, 91, 0, 4
93, 99, 91, 0, 4
93, 99, 91, 0, 4
93, 99, 91, 0, 4
93, 99, 91, 0, 4
93, 99, 91, 0, 4
93, 99, 91, 0, 4
93, 100, 91, 0, 4
93, 100, 91, 0, 4
93, 99, 91, 0, 4
92, 99, 91, 0, 4
93, 99, 91, 0, 4
92, 99, 91, 0, 4
92, 99, 91, 0, 4
92, 99, 91, 0, 4
92, 99, 91, 0, 4
92, 99, 91, 0, 4
92, 99, 91, 0, 4
92, 99, 91, 0, 4
92, 99, 91, 0, 4
92, 99, 91, 0, 4
92, 99, 91, 0, 4
92, 99, 91, 0, 4
92, 99, 91, 0, 4
92, 100, 91, 0, 4
92, 99, 91, 0, 4
92, 99, 91, 0, 4
92, 100, 91, 0, 4
93, 99, 91, 0, 4
93, 99, 91, 0, 4
93, 99, 91, 0, 4
93, 99, 91, 0, 4
93, 99, 91, 0, 4
93, 99, 91, 0, 4
93, 99, 91, 0, 4
93, 99, 91, 0, 4
93, 99, 91, 0, 4
93, 99, 91, 0, 4
93, 100, 91, 0, 4
93, 99, 91, 0, 4
93, 99, 91, 0, 4
93, 99, 91, 0, 4
93, 99, 91, 0, 4
93, 99, 91, 0, 4
93, 99, 91, 0, 4
93, 100, 91, 0, 4
93, 99, 91, 0, 4
93, 99, 91, 0, 4
93, 99, 91, 0, 4
93, 99, 91, 0, 4
93, 100, 91, 0, 4
93, 100, 91, 0, 4
93, 100, 91, 0, 4
93, 99, 91, 0, 4
93, 99, 91, 0, 4
93, 99, 91, 0, 4
93, 99, 91, 0, 4
93, 99, 91, 0, 4
93, 99, 91, 0, 4
93, 99, 91, 0, 4
93, 99, 91, 0, 4
93, 99, 91, 0, 4
93, 99, 91, 0, 4
93, 99, 91, 0, 4
93, 100, 91, 0, 4
93, 99, 91, 0, 4
93, 100, 91, 0, 4
93, 99, 91, 0, 4
93, 99, 91, 0, 4
93, 99, 91, 0, 4
93, 99, 91, 0, 4
93, 99, 91, 0, 4
93, 99, 91, 0, 4
93, 99, 91, 0, 4
93, 100, 91, 0, 4
93, 100, 91, 0, 4
93, 99, 91, 0, 4
93, 100, 91, 0, 4
93, 100, 91, 0, 4
93, 99, 91, 0, 4
93, 99, 91, 0, 4
93, 99, 91, 0, 4
93, 100, 91, 0, 4
93, 99, 91, 0, 4
93, 99, 91, 0, 4
93, 99, 91, 0, 4
93, 99, 91, 0, 4
93, 99, 91, 0, 4
93, 99, 91, 0, 4
93, 99, 91, 0, 4
93, 99, 91, 0, 4
93, 99, 91, 0, 4
93, 99, 91, 0, 4
93, 100, 91, 0, 4
93, 99, 91, 0, 4
93, 99, 91, 0, 4
93, 99, 91, 0, 4
93, 100, 91, 0, 4
93, 99, 91, 0, 4
93, 99, 91, 0, 4
93, 99, 91, 0, 4
93, 99, 91, 0, 4
93, 99, 91, 0, 4
93, 99, 91, 0, 4
93, 99, 91, 0, 4
93, 99, 91, 0, 4
93, 99, 91, 0, 4
93, 99, 91, 0, 4
93, 99, 91, 0, 4
93, 99, 91, 0, 4
93, 99, 91, 0, 4
93, 99, 91, 0, 4
93, 99, 91, 0, 4
93, 100, 91, 0, 4
93, 99, 91, 0, 4
93, 99, 91, 0, 4
93, 99, 91, 0, 4
93, 99, 91, 0, 4
93, 99, 91, 0, 4
93, 99, 91, 0, 4
93, 99, 91, 0, 4
93, 99, 91, 0, 4
93, 99, 91, 0, 4
93, 99, 91, 0, 4
93, 99, 91, 0, 4
93, 99, 91, 0, 4
93, 99, 91, 0, 4
93, 100, 91, 0, 4
93, 99, 91, 0, 4
93, 99, 91, 0, 4
93, 99, 91, 0, 4
93, 99, 91, 0, 4
93, 100, 91, 0, 4
93, 99, 91, 0, 4
93, 99, 91, 0, 4
93, 99, 91, 0, 4
93, 100, 91, 0, 4
93, 99, 91, 0, 4
93, 99, 91, 0, 4
93, 99, 91, 0, 4
93, 100, 91, 0, 4
93, 99, 91, 0, 4
93, 100, 91, 0, 4
93, 99, 91, 0, 4
93, 100, 91, 0, 4
93, 99, 91, 0, 4
93, 99, 91, 0, 4
93, 99, 91, 0, 4
93, 100, 91, 0, 4
93, 99, 91, 0, 4
93, 99, 91, 0, 4
93, 99, 91, 0, 4
93, 99, 91, 0, 4
93, 99, 91, 0, 4
93, 99, 91, 0, 4
93, 99, 91, 0, 4
93, 99, 91, 0, 4
93, 99, 91, 0, 4
93, 99, 91, 0, 4
93, 100, 91, 0, 4
93, 99, 91, 0, 4
93, 99, 91, 0, 4
93, 100, 91, 0, 4
93, 99, 91, 0, 4
93, 99, 91, 0, 4
93, 99, 91, 0, 4
93, 99, 91, 0, 4
93, 99, 91, 0, 4
93, 99, 91, 0, 4
93, 99, 91, 0, 4
93, 99, 91, 0, 4
93, 100, 91, 0, 4
93, 99, 91, 0, 4
93, 99, 91, 0, 4
93, 99, 91, 0, 4
93, 99, 91, 0, 4
93, 99, 91, 0, 4
93, 99, 91, 0, 4
93, 99, 91, 0, 4
93, 99, 91, 0, 4
93, 99, 91, 0, 4
93, 99, 91, 0, 4
93, 99, 91, 0, 4
93, 99, 91, 0, 4
93, 99, 91, 0, 4
93, 99, 92, 0, 4
93, 99, 91, 0, 4
93, 99, 91, 0, 4
93, 99, 91, 0, 4
93, 100, 91, 0, 4
93, 100, 91, 0, 4
93, 100, 91, 0, 4
93, 99, 91, 0, 4
93, 99, 91, 0, 4
93, 100, 92, 0, 4
93, 99, 91, 0, 4
93, 99, 92, 0, 4
93, 99, 91, 0, 4
93, 99, 92, 0, 4
93, 99, 92, 0, 4
93, 99, 92, 0, 4
94, 100, 92, 0, 4
94, 100, 92, 0, 4
93, 99, 92, 0, 4
93, 99, 92, 0, 4
94, 99, 92, 0, 4
94, 99, 92, 0, 4
94, 99, 92, 0, 4
94, 99, 92, 0, 4
94, 99, 92, 0, 4
93, 99, 92, 0, 4
93, 99, 92, 0, 4
93, 99, 92, 0, 4
94, 99, 92, 0, 4
94, 99, 92, 0, 4
94, 99, 92, 0, 4
94, 99, 92, 0, 4
93, 100, 92, 0, 4
94, 99, 92, 0, 4
93, 99, 92, 0, 4
93, 100, 92, 0, 4
94, 99, 91, 0, 4
94, 100, 92, 0, 4
94, 99, 91, 0, 4
94, 99, 92, 0, 4
93, 99, 92, 0, 4
93, 100, 92, 0, 4
94, 100, 92, 0, 4
93, 100, 92, 0, 4
93, 100, 92, 0, 4
93, 99, 92, 0, 4
94, 99, 92, 0, 4
94, 99, 92, 0, 4
94, 100, 92, 0, 4
94, 99, 92, 0, 4
94, 100, 92, 0, 4
93, 100, 92, 0, 4
93, 99, 92, 0, 4
93, 100, 92, 0, 4
94, 99, 92, 0, 4
93, 100, 92, 0, 4
93, 99, 92, 0, 4
93, 99, 92, 0, 4
93, 100, 92, 0, 4
94, 99, 92, 0, 4
93, 99, 92, 0, 4
93, 99, 92, 0, 4
93, 99, 92, 0, 4
93, 99, 92, 0, 4
93, 100, 92, 0, 4
94, 99, 92, 0, 4
94, 99, 92, 0, 4
94, 99, 91, 0, 4
94, 99, 92, 0, 4
94, 100, 92, 0, 4
94, 99, 92, 0, 4
94, 99, 92, 0, 4
93, 99, 92, 0, 4
94, 99, 92, 0, 4
93, 100, 92, 0, 4
93, 100, 92, 0, 4
93, 100, 92, 0, 4
94, 99, 92, 0, 4
94, 99, 92, 0, 4
93, 100, 92, 0, 4
94, 99, 92, 0, 4
93, 100, 92, 0, 4
93, 99, 92, 0, 4
93, 99, 92, 0, 4
94, 99, 92, 0, 4
94, 99, 92, 0, 4
94, 99, 92, 0, 4
93, 100, 92, 0, 4
94, 99, 92, 0, 4
94, 99, 92, 0, 4
93, 100, 92, 0, 4
93, 99, 92, 0, 4
94, 99, 92, 0, 4
94, 99, 92, 0, 4
93, 99, 92, 0, 4
93, 99, 92, 0, 4
93, 99, 92, 0, 4
94, 99, 92, 0, 4
94, 99, 92, 0, 4
94, 100, 92, 0, 4
94, 99, 92, 0, 4
93, 99, 92, 0, 4
93, 100, 92, 0, 4
94, 99, 92, 0, 4
93, 99, 92, 0, 4
94, 99, 92, 0, 4
94, 100, 92, 0, 4
94, 100, 92, 0, 4
94, 100, 92, 0, 4
94, 100, 92, 0, 4
94, 99, 92, 0, 4
94, 99, 92, 0, 4
94, 99, 92, 0, 4
94, 99, 92, 0, 4
94, 99, 92, 0, 4
94, 99, 92, 0, 4
93, 99, 91, 0, 4
94, 99, 92, 0, 4
94, 99, 92, 0, 4
94, 100, 92, 0, 4
94, 100, 92, 0, 4
94, 100, 92, 0, 4
94, 99, 92, 0, 4
94, 99, 92, 0, 4
93, 99, 92, 0, 4
94, 99, 92, 0, 4
93, 100, 92, 0, 4
93, 100, 92, 0, 4
94, 99, 92, 0, 4
94, 99, 92, 0, 4
94, 99, 91, 0, 4
94, 99, 91, 0, 4
94, 100, 92, 0, 4
93, 99, 92, 0, 4
93, 99, 92, 0, 4
94, 99, 92, 0, 4
94, 99, 92, 0, 4
94, 99, 91, 0, 4
94, 99, 92, 0, 4
94, 99, 92, 0, 4
94, 99, 91, 0, 4
94, 99, 91, 0, 4
94, 99, 92, 0, 4
94, 99, 92, 0, 4
94, 99, 92, 0, 4
94, 99, 92, 0, 4
94, 99, 92, 0, 4
94, 99, 92, 0, 4
93, 99, 92, 0, 4
93, 99, 92, 0, 4
94, 100, 92, 0, 4
94, 99, 92, 0, 4
94, 99, 92, 0, 4
94, 99, 92, 0, 4
94, 99, 91, 0, 4
94, 99, 91, 0, 4
94, 99, 92, 0, 4
94, 100, 92, 0, 4
94, 99, 92, 0, 4
94, 100, 92, 0, 4
94, 99, 91, 0, 4
94, 99, 92, 0, 4
94, 100, 92, 0, 4
94, 99, 92, 0, 4
94, 99, 92, 0, 4
94, 99, 92, 0, 4
94, 99, 92, 0, 4
94, 99, 92, 0, 4
94, 99, 92, 0, 4
94, 99, 92, 0, 4
94, 100, 92, 0, 4
94, 99, 92, 0, 4
94, 99, 92, 0, 4
94, 100, 92, 0, 4
94, 99, 92, 0, 4
94, 99, 92, 0, 4
94, 99, 92, 0, 4
94, 99, 92, 0, 4
94, 99, 92, 0, 4
94, 99, 92, 0, 4
94, 100, 92, 0, 4
94, 100, 92, 0, 4
94, 99, 92, 0, 4
94, 100, 92, 0, 4
94, 99, 92, 0, 4
94, 100, 92, 0, 4
94, 100, 92, 0, 4
94, 100, 92, 0, 4
94, 100, 92, 0, 4
94, 99, 92, 0, 4
94, 100, 92, 0, 4
94, 100, 92, 0, 4
94, 99, 92, 0, 4
94, 100, 92, 0, 4
94, 99, 92, 0, 4
94, 99, 92, 0, 4
94, 99, 92, 0, 4
94, 99, 92, 0, 4
94, 99, 92, 0, 4
94, 99, 92, 0, 4
94, 99, 92, 0, 4
94, 99, 92, 0, 4
94, 99, 92, 0, 4
94, 99, 92, 0, 4
94, 99, 92, 0, 4
94, 99, 92, 0, 4
94, 99, 92, 0, 4
94, 100, 92, 0, 4
94, 99, 92, 0, 4
94, 99, 92, 0, 4
94, 100, 92, 0, 4
93, 99, 92, 0, 4
94, 99, 92, 0, 4
94, 99, 92, 0, 4
94, 99, 92, 0, 4
94, 99, 92, 0, 4
94, 99, 92, 0, 4
94, 99, 92, 0, 4
94, 99, 92, 0, 4
94, 99, 92, 0, 4
94, 99, 92, 0, 4
94, 99, 92, 0, 4
94, 99, 92, 0, 4
94, 99, 92, 0, 4
94, 99, 92, 0, 4
94, 99, 92, 0, 4
94, 99, 92, 0, 4
94, 99, 92, 0, 4
94, 99, 92, 0, 4
94, 99, 92, 0, 4
94, 99, 92, 0, 4
94, 99, 92, 0, 4
94, 99, 92, 0, 4
94, 100, 92, 0, 4
94, 99, 92, 0, 4
94, 99, 92, 0, 4
94, 99, 92, 0, 4
94, 99, 92, 0, 4
94, 99, 92, 0, 4
94, 100, 92, 0, 4
94, 100, 92, 0, 4
94, 99, 92, 0, 4
94, 99, 92, 0, 4
94, 99, 92, 0, 4
94, 99, 92, 0, 4
94, 99, 92, 0, 4
94, 99, 92, 0, 4
94, 99, 92, 0, 4
94, 99, 92, 0, 4
94, 99, 92, 0, 4
94, 99, 92, 0, 4
94, 100, 92, 0, 4
94, 99, 92, 0, 4
94, 100, 92, 0, 4
94, 100, 92, 0, 4
94, 100, 92, 0, 4
94, 99, 92, 0, 4
94, 99, 92, 0, 4
94, 100, 92, 0, 4
94, 99, 92, 0, 4
94, 99, 92, 0, 4
94, 99, 92, 0, 4
94, 100, 92, 0, 4
94, 99, 92, 0, 4
94, 99, 92, 0, 4
94, 99, 92, 0, 4
94, 99, 92, 0, 4
94, 100, 92, 0, 4
94, 99, 92, 0, 4
94, 100, 92, 0, 4
94, 100, 92, 0, 4
94, 99, 92, 0, 4
94, 100, 92, 0, 4
94, 99, 92, 0, 4
94, 100, 92, 0, 4
94, 99, 92, 0, 4
94, 100, 92, 0, 4
94, 99, 92, 0, 4
94, 99, 92, 0, 4
94, 99, 92, 0, 4
94, 100, 92, 0, 4
94, 99, 92, 0, 4
94, 100, 92, 0, 4
94, 99, 92, 0, 4
94, 99, 92, 0, 4
94, 100, 92, 0, 4
94, 99, 92, 0, 4
94, 99, 92, 0, 4
94, 99, 92, 0, 4
94, 99, 92, 0, 4
94, 99, 92, 0, 4
94, 99, 92, 0, 4
94, 99, 92, 0, 4
94, 100, 92, 0, 4
94, 99, 92, 0, 4
94, 99, 92, 0, 4
94, 99, 92, 0, 4
94, 99, 92, 0, 4
94, 99, 92, 0, 4
94, 99, 92, 0, 4
94, 99, 92, 0, 4
94, 99, 92, 0, 4
94, 99, 92, 0, 4
94, 99, 92, 0, 4
94, 99, 92, 0, 4
94, 99, 92, 0, 4
94, 99, 92, 0, 4
94, 99, 92, 0, 4
94, 100, 92, 0, 4
94, 100, 92, 0, 4
94, 99, 92, 0, 4
94, 100, 92, 0, 4
94, 99, 92, 0, 4
94, 100, 92, 0, 4
94, 99, 92, 0, 4
94, 100, 92, 0, 4
94, 100, 92, 0, 4
94, 99, 92, 0, 4
94, 100, 92, 0, 4
94, 100, 92, 0, 4
94, 100, 92, 0, 4
94, 99, 92, 0, 4
94, 99, 92, 0, 4
94, 100, 92, 0, 4
94, 99, 92, 0, 4
94, 99, 92, 0, 4
94, 100, 92, 0, 4
94, 100, 92, 0, 4
94, 99, 92, 0, 4
94, 100, 92, 0, 4
94, 100, 92, 0, 4
94, 100, 92, 0, 4
94, 100, 92, 0, 4
94, 99, 92, 0, 4
94, 99, 92, 0, 4
94, 99, 92, 0, 4
94, 99, 92, 0, 4
94, 100, 92, 0, 4
94, 100, 92, 0, 4
94, 99, 92, 0, 4
94, 99, 92, 0, 4
94, 100, 92, 0, 4
94, 99, 92, 0, 4
94, 99, 92, 0, 4
94, 99, 92, 0, 4
94, 100, 92, 0, 4
94, 99, 92, 0, 4
94, 99, 92, 0, 4
94, 99, 92, 0, 4
94, 99, 92, 0, 4
94, 99, 92, 0, 4
94, 99, 92, 0, 4
94, 100, 92, 0, 4
94, 100, 92, 0, 4
94, 99, 92, 0, 4
94, 100, 92, 0, 4
94, 99, 92, 0, 4
94, 100, 92, 0, 4
94, 100, 92, 0, 4
94, 99, 92, 0, 4
94, 99, 92, 0, 4
94, 99, 92, 0, 4
94, 99, 92, 0, 4
94, 99, 92, 0, 4
94, 99, 92, 0, 4
94, 99, 92, 0, 4
94, 99, 92, 0, 4
94, 99, 92, 0, 4
94, 100, 92, 0, 4
94, 100, 92, 0, 4
94, 99, 92, 0, 4
94, 100, 92, 0, 4
94, 100, 92, 0, 4
94, 99, 91, 0, 4
94, 100, 92, 0, 4
94, 100, 92, 0, 4
94, 99, 92, 0, 4
94, 99, 92, 0, 4
94, 99, 92, 0, 4
94, 100, 92, 0, 4
94, 99, 92, 0, 4
94, 99, 92, 0, 4
94, 99, 92, 0, 4
94, 99, 92, 0, 4
94, 99, 92, 0, 4
94, 99, 92, 0, 4
94, 99, 92, 0, 4
94, 99, 92, 0, 4
94, 99, 92, 0, 4
94, 100, 92, 0, 4
94, 100, 92, 0, 4
94, 99, 92, 0, 4
94, 99, 92, 0, 4
94, 100, 92, 0, 4
94, 100, 92, 0, 4
94, 99, 92, 0, 4
94, 99, 92, 0, 4
94, 99, 92, 0, 4
94, 99, 92, 0, 4
94, 99, 92, 0, 4
94, 99, 91, 0, 4
94, 99, 92, 0, 4
94, 100, 92, 0, 4
94, 100, 92, 0, 4
94, 100, 92, 0, 4
94, 99, 92, 0, 4
94, 99, 92, 0, 4
94, 100, 92, 0, 4
94, 99, 92, 0, 4
94, 99, 92, 0, 4
94, 99, 92, 0, 4
94, 99, 92, 0, 4
94, 99, 92, 0, 4
94, 99, 92, 0, 4
94, 99, 92, 0, 4
94, 99, 92, 0, 4
94, 100, 92, 0, 4
94, 100, 92, 0, 4
94, 99, 92, 0, 4
94, 99, 92, 0, 4
94, 99, 92, 0, 4
94, 99, 92, 0, 4
94, 100, 92, 0, 4
94, 100, 92, 0, 4
94, 100, 92, 0, 4
94, 99, 92, 0, 4
94, 99, 92, 0, 4
94, 100, 92, 0, 4
94, 99, 92, 0, 4
94, 99, 92, 0, 4
94, 99, 92, 0, 4
94, 99, 92, 0, 4
94, 99, 92, 0, 4
94, 99, 92, 0, 4
94, 100, 92, 0, 4
94, 99, 92, 0, 4
94, 99, 92, 0, 4
94, 100, 92, 0, 4
94, 99, 92, 0, 4
94, 100, 92, 0, 4
94, 99, 92, 0, 4
94, 99, 92, 0, 4
94, 99, 92, 0, 4
94, 99, 92, 0, 4
94, 100, 92, 0, 4
94, 100, 92, 0, 4
94, 100, 92, 0, 4
94, 100, 92, 0, 4
94, 99, 92, 0, 4
94, 99, 92, 0, 4
94, 99, 92, 0, 4
94, 100, 92, 0, 4
94, 100, 92, 0, 4
94, 99, 92, 0, 4
94, 99, 92, 0, 4
94, 99, 92, 0, 4
94, 99, 92, 0, 4
94, 99, 92, 0, 4
94, 99, 92, 0, 4
94, 99, 92, 0, 4
94, 99, 92, 0, 4
94, 99, 92, 0, 4
94, 99, 92, 0, 4
94, 100, 91, 0, 4
94, 100, 92, 0, 4
94, 99, 92, 0, 4
94, 99, 92, 0, 4
94, 99, 92, 0, 4
94, 100, 92, 0, 4
94, 99, 92, 0, 4
94, 99, 92, 0, 4
94, 99, 92, 0, 4
94, 100, 92, 0, 4
94, 100, 92, 0, 4
94, 99, 92, 0, 4
94, 100, 92, 0, 4
94, 99, 92, 0, 4
94, 99, 92, 0, 4
94, 99, 92, 0, 4
94, 100, 92, 0, 4
94, 99, 92, 0, 4
94, 100, 92, 0, 4
94, 100, 92, 0, 4
94, 99, 92, 0, 4
94, 100, 92, 0, 4
94, 99, 92, 0, 4
94, 99, 92, 0, 4
94, 99, 92, 0, 4
94, 99, 92, 0, 4
94, 99, 92, 0, 4
94, 99, 92, 0, 4
94, 99, 92, 0, 4
94, 100, 92, 0, 4
94, 99, 92, 0, 4
94, 100, 92, 0, 4
94, 100, 92, 0, 4
94, 99, 92, 0, 4
94, 99, 92, 0, 4
94, 99, 92, 0, 4
94, 99, 92, 0, 4
94, 99, 92, 0, 4
94, 99, 92, 0, 4
94, 100, 92, 0, 4
94, 100, 92, 0, 4
94, 100, 92, 0, 4
94, 99, 92, 0, 4
94, 100, 92, 0, 4
94, 99, 92, 0, 4
94, 99, 92, 0, 4
94, 99, 92, 0, 4
94, 99, 92, 0, 4
94, 100, 92, 0, 4
94, 100, 92, 0, 4
94, 100, 92, 0, 4
94, 99, 92, 0, 4
94, 100, 92, 0, 4
94, 99, 92, 0, 4
94, 99, 92, 0, 4
94, 100, 92, 0, 4
94, 99, 92, 0, 4
94, 99, 92, 0, 4
94, 99, 92, 0, 4
94, 99, 92, 0, 4
94, 99, 92, 0, 4
94, 99, 92, 0, 4
94, 99, 92, 0, 4
94, 99, 92, 0, 4
94, 99, 92, 0, 4
94, 99, 92, 0, 4
94, 99, 92, 0, 4
94, 99, 92, 0, 4
94, 99, 92, 0, 4
94, 99, 92, 0, 4
94, 99, 92, 0, 4
94, 99, 92, 0, 4
94, 99, 92, 0, 4
94, 99, 92, 0, 4
94, 99, 92, 0, 4
94, 99, 92, 0, 4
94, 100, 92, 0, 4
94, 99, 92, 0, 4
94, 100, 92, 0, 4
94, 100, 92, 0, 4
94, 100, 92, 0, 4
94, 100, 92, 0, 4
94, 99, 92, 0, 4
94, 100, 92, 0, 4
94, 100, 92, 0, 4
94, 99, 92, 0, 4
94, 99, 92, 0, 4
94, 99, 92, 0, 4
94, 100, 92, 0, 4
94, 99, 92, 0, 4
94, 99, 92, 0, 4
94, 99, 92, 0, 4
94, 99, 92, 0, 4
94, 99, 92, 0, 4
94, 100, 92, 0, 4
94, 100, 92, 0, 4
94, 99, 92, 0, 4
94, 100, 92, 0, 4
94, 99, 92, 0, 4
94, 100, 92, 0, 4
94, 99, 92, 0, 4
94, 100, 92, 0, 4
94, 100, 92, 0, 4
94, 99, 92, 0, 4
94, 99, 92, 0, 4
94, 100, 92, 0, 4
94, 100, 92, 0, 4
94, 100, 92, 0, 4
94, 100, 92, 0, 4
94, 99, 92, 0, 4
94, 99, 92, 0, 4
94, 99, 92, 0, 4
94, 99, 92, 0, 4
94, 100, 92, 0, 4
94, 99, 92, 0, 4
94, 99, 92, 0, 4
94, 100, 92, 0, 4
94, 100, 92, 0, 4
94, 99, 92, 0, 4
94, 99, 92, 0, 4
94, 99, 92, 0, 4
94, 100, 92, 0, 4
94, 100, 92, 0, 4
94, 99, 92, 0, 4
94, 99, 92, 0, 4
94, 100, 92, 0, 4
94, 99, 92, 0, 4
94, 99, 92, 0, 4
94, 100, 92, 0, 4
94, 100, 92, 0, 4
94, 99, 92, 0, 4
94, 100, 92, 0, 4
94, 100, 92, 0, 4
94, 99, 92, 0, 4
94, 100, 92, 0, 4
94, 100, 92, 0, 4
94, 99, 92, 0, 4
94, 99, 92, 0, 4
94, 100, 92, 0, 4
94, 100, 92, 0, 4
94, 99, 92, 0, 4
94, 100, 92, 0, 4
94, 100, 92, 0, 4
94, 100, 92, 0, 4
94, 100, 92, 0, 4
94, 100, 92, 0, 4
94, 100, 92, 0, 4
94, 100, 92, 0, 4
94, 100, 92, 0, 4
94, 100, 92, 0, 4
94, 99, 92, 0, 4
94, 99, 92, 0, 4
94, 99, 92, 0, 4
94, 99, 92, 0, 4
94, 99, 92, 0, 4
94, 100, 92, 0, 4
94, 100, 92, 0, 4
94, 100, 92, 0, 4
94, 99, 92, 0, 4
94, 99, 92, 0, 4
94, 100, 92, 0, 4
94, 100, 92, 0, 4
94, 99, 92, 0, 4
94, 100, 92, 0, 4
94, 100, 92, 0, 4
94, 99, 92, 0, 4
94, 99, 92, 0, 4
94, 99, 92, 0, 4
94, 100, 92, 0, 4
94, 99, 92, 0, 4
94, 100, 92, 0, 4
94, 100, 92, 0, 4
94, 99, 92, 0, 4
94, 100, 92, 0, 4
94, 99, 92, 0, 4
94, 99, 92, 0, 4
94, 99, 92, 0, 4
94, 99, 92, 0, 4
94, 99, 92, 0, 4
94, 99, 92, 0, 4
94, 100, 92, 0, 4
94, 99, 92, 0, 4
94, 99, 92, 0, 4
94, 99, 92, 0, 4
94, 100, 92, 0, 4
94, 99, 92, 0, 4
94, 99, 92, 0, 4
94, 99, 92, 0, 4
94, 99, 92, 0, 4
94, 100, 92, 0, 4
94, 100, 92, 0, 4
94, 100, 92, 0, 4
94, 99, 92, 0, 4
94, 99, 92, 0, 4
94, 99, 92, 0, 4
94, 99, 92, 0, 4
94, 99, 92, 0, 4
94, 99, 92, 0, 4
94, 99, 92, 0, 4
94, 99, 92, 0, 4
94, 100, 92, 0, 4
94, 99, 92, 0, 4
94, 99, 92, 0, 4
94, 99, 92, 0, 4
94, 100, 92, 0, 4
94, 99, 92, 0, 4
94, 99, 92, 0, 4
94, 99, 92, 0, 4
94, 99, 92, 0, 4
94, 99, 92, 0, 4
94, 99, 92, 0, 4
94, 99, 92, 0, 4
94, 100, 92, 0, 4
94, 100, 92, 0, 4
94, 99, 92, 0, 4
94, 100, 92, 0, 4
94, 99, 92, 0, 4
94, 99, 92, 0, 4
94, 99, 92, 0, 4
94, 99, 92, 0, 4
94, 100, 92, 0, 4
94, 100, 92, 0, 4
94, 99, 92, 0, 4
94, 99, 92, 0, 4
94, 100, 92, 0, 4
94, 100, 92, 0, 4
94, 99, 92, 0, 4
94, 99, 92, 0, 4
94, 99, 92, 0, 4
94, 100, 92, 0, 4
94, 100, 92, 0, 4
94, 100, 92, 0, 4
94, 99, 92, 0, 4
94, 99, 92, 0, 4
94, 99, 92, 0, 4
94, 99, 92, 0, 4
94, 100, 92, 0, 4
94, 100, 92, 0, 4
94, 100, 92, 0, 4
94, 100, 92, 0, 4
94, 99, 92, 0, 4
94, 99, 92, 0, 4
94, 99, 92, 0, 4
94, 99, 92, 0, 4
94, 99, 92, 0, 4
94, 99, 92, 0, 4
94, 99, 92, 0, 4
94, 99, 92, 0, 4
94, 99, 92, 0, 4
94, 100, 92, 0, 4
94, 99, 92, 0, 4
94, 99, 92, 0, 4
94, 100, 92, 0, 4
94, 100, 92, 0, 4
94, 100, 92, 0, 4
94, 99, 92, 0, 4
94, 99, 92, 0, 4
94, 100, 92, 0, 4
94, 99, 92, 0, 4
94, 99, 92, 0, 4
94, 100, 92, 0, 4
94, 99, 92, 0, 4
94, 99, 92, 0, 4
94, 100, 92, 0, 4
94, 100, 92, 0, 4
94, 100, 92, 0, 4
94, 100, 92, 0, 4
94, 100, 92, 0, 4
94, 100, 92, 0, 4
94, 99, 92, 0, 4
94, 100, 92, 0, 4
94, 99, 92, 0, 4
94, 99, 92, 0, 4
94, 99, 92, 0, 4
94, 99, 92, 0, 4
94, 100, 92, 0, 4
94, 100, 92, 0, 4
94, 99, 92, 0, 4
94, 99, 92, 0, 4
94, 99, 92, 0, 4
94, 99, 92, 0, 4
94, 100, 92, 0, 4
94, 99, 92, 0, 4
94, 99, 92, 0, 4
94, 99, 92, 0, 4
94, 100, 92, 0, 4
94, 99, 92, 0, 4
94, 100, 92, 0, 4
94, 100, 92, 0, 4
94, 99, 92, 0, 4
94, 100, 92, 0, 4
94, 99, 92, 0, 4
94, 100, 92, 0, 4
94, 99, 92, 0, 4
94, 99, 92, 0, 4
94, 99, 92, 0, 4
94, 100, 92, 0, 4
94, 99, 92, 0, 4
94, 100, 92, 0, 4
94, 99, 92, 0, 4
94, 100, 92, 0, 4
94, 100, 92, 0, 4
94, 100, 92, 0, 4
94, 99, 92, 0, 4
94, 99, 92, 0, 4
94, 100, 92, 0, 4
94, 99, 92, 0, 4
94, 99, 92, 0, 4
94, 100, 92, 0, 4
94, 99, 92, 0, 4
94, 100, 92, 0, 4
94, 99, 92, 0, 4
94, 100, 92, 0, 4
94, 99, 92, 0, 4
94, 100, 92, 0, 4
94, 99, 92, 0, 4
94, 99, 92, 0, 4
94, 100, 92, 0, 4
94, 99, 92, 0, 4
94, 99, 92, 0, 4
94, 100, 92, 0, 4
94, 99, 92, 0, 4
94, 99, 92, 0, 4
94, 99, 92, 0, 4
94, 99, 92, 0, 4
94, 99, 92, 0, 4
94, 99, 92, 0, 4
94, 99, 92, 0, 4
94, 99, 92, 0, 4
94, 100, 92, 0, 4
94, 100, 92, 0, 4
94, 99, 92, 0, 4
94, 99, 92, 0, 4
94, 99, 92, 0, 4
94, 99, 92, 0, 4
94, 100, 92, 0, 4
94, 99, 92, 0, 4
94, 99, 92, 0, 4
94, 99, 92, 0, 4
94, 99, 92, 0, 4
94, 100, 92, 0, 4
94, 100, 92, 0, 4
94, 99, 92, 0, 4
94, 99, 92, 0, 4
94, 99, 92, 0, 4
94, 99, 92, 0, 4
94, 100, 92, 0, 4
94, 100, 92, 0, 4
94, 99, 92, 0, 4
94, 99, 92, 0, 4
94, 100, 92, 0, 4
94, 100, 92, 0, 4
94, 100, 92, 0, 4
94, 99, 92, 0, 4
94, 99, 92, 0, 4
94, 99, 92, 0, 4
94, 99, 92, 0, 4
94, 100, 92, 0, 4
94, 99, 92, 0, 4
94, 100, 92, 0, 4
94, 100, 92, 0, 4
94, 100, 92, 0, 4
94, 99, 92, 0, 4
94, 100, 92, 0, 4
94, 99, 92, 0, 4
94, 99, 92, 0, 4
94, 99, 92, 0, 4
94, 99, 92, 0, 4
94, 99, 92, 0, 4
94, 99, 92, 0, 4
94, 99, 92, 0, 4
94, 99, 92, 0, 4
94, 99, 92, 0, 4
94, 99, 92, 0, 4
94, 99, 92, 0, 4
94, 99, 92, 0, 4
94, 99, 92, 0, 4
94, 99, 92, 0, 4
94, 100, 92, 0, 4
94, 99, 92, 0, 4
94, 99, 92, 0, 4
94, 99, 92, 0, 4
94, 100, 92, 0, 4
94, 99, 92, 0, 4
94, 99, 92, 0, 4
94, 100, 92, 0, 4
94, 99, 92, 0, 4
94, 100, 92, 0, 4
94, 100, 92, 0, 4
94, 100, 92, 0, 4
94, 99, 92, 0, 4
94, 99, 92, 0, 4
94, 99, 92, 0, 4
94, 99, 92, 0, 4
94, 99, 92, 0, 4
94, 100, 92, 0, 4
94, 99, 92, 0, 4
94, 99, 92, 0, 4
94, 99, 92, 0, 4
94, 99, 92, 0, 4
94, 99, 92, 0, 4
94, 99, 92, 0, 4
94, 99, 92, 0, 4
94, 99, 92, 0, 4
94, 99, 92, 0, 4
94, 100, 92, 0, 4
94, 99, 92, 0, 4
94, 99, 92, 0, 4
94, 99, 92, 0, 4
94, 99, 92, 0, 4
94, 100, 92, 0, 4
94, 100, 92, 0, 4
94, 100, 92, 0, 4
94, 100, 92, 0, 4
94, 100, 92, 0, 4
94, 99, 92, 0, 4
94, 99, 92, 0, 4
94, 99, 92, 0, 4
94, 99, 92, 0, 4
94, 99, 92, 0, 4
94, 99, 92, 0, 4
94, 99, 92, 0, 4
94, 99, 92, 0, 4
94, 99, 92, 0, 4
94, 99, 92, 0, 4
94, 99, 92, 0, 4
94, 99, 92, 0, 4
94, 99, 92, 0, 4
94, 99, 92, 0, 4
94, 99, 92, 0, 4
94, 99, 92, 0, 4
94, 99, 92, 0, 4
94, 100, 92, 0, 4
94, 99, 92, 0, 4
94, 99, 92, 0, 4
94, 99, 92, 0, 4
94, 99, 92, 0, 4
94, 99, 92, 0, 4
94, 100, 92, 0, 4
94, 100, 92, 0, 4
94, 99, 92, 0, 4
94, 99, 92, 0, 4
94, 99, 92, 0, 4
94, 99, 92, 0, 4
94, 99, 92, 0, 4
94, 99, 92, 0, 4
94, 99, 92, 0, 4
94, 100, 92, 0, 4
94, 99, 92, 0, 4
94, 99, 92, 0, 4
94, 99, 92, 0, 4
94, 99, 92, 0, 4
94, 99, 92, 0, 4
94, 99, 92, 0, 4
94, 99, 92, 0, 4
94, 99, 92, 0, 4
94, 99, 92, 0, 4
94, 99, 92, 0, 4
94, 99, 92, 0, 4
94, 99, 92, 0, 4
94, 99, 92, 0, 4
94, 99, 92, 0, 4
94, 100, 92, 0, 4
94, 99, 92, 0, 4
94, 99, 92, 0, 4
94, 99, 92, 0, 4
94, 99, 92, 0, 4
94, 99, 92, 0, 4
94, 99, 92, 0, 4
94, 99, 92, 0, 4
94, 99, 92, 0, 4
94, 99, 92, 0, 4
94, 99, 92, 0, 4
94, 99, 92, 0, 4
94, 100, 92, 0, 4
94, 99, 92, 0, 4
94, 99, 92, 0, 4
94, 99, 92, 0, 4
94, 100, 92, 0, 4
94, 99, 92, 0, 4
94, 100, 92, 0, 4
94, 99, 92, 0, 4
94, 100, 92, 0, 4
94, 100, 92, 0, 4
94, 99, 92, 0, 4
94, 99, 92, 0, 4
94, 99, 92, 0, 4
94, 99, 92, 0, 4
94, 100, 92, 0, 4
94, 99, 92, 0, 4
94, 99, 92, 0, 4
94, 99, 92, 0, 4
94, 99, 92, 0, 4
94, 99, 92, 0, 4
94, 100, 92, 0, 4
94, 100, 92, 0, 4
94, 99, 92, 0, 4
94, 100, 92, 0, 4
94, 100, 92, 0, 4
94, 99, 92, 0, 4
94, 99, 92, 0, 4
94, 100, 92, 0, 4
94, 99, 92, 0, 4
94, 99, 92, 0, 4
94, 99, 92, 0, 4
94, 99, 92, 0, 4
94, 99, 92, 0, 4
94, 99, 92, 0, 4
94, 99, 92, 0, 4
94, 99, 92, 0, 4
94, 99, 92, 0, 4
94, 99, 92, 0, 4
94, 99, 92, 0, 4
94, 99, 92, 0, 4
94, 99, 92, 0, 4
94, 100, 92, 0, 4
94, 99, 92, 0, 4
94, 99, 92, 0, 4
94, 99, 92, 0, 4
95, 100, 92, 0, 4
95, 99, 92, 0, 4
95, 99, 92, 0, 4
95, 99, 92, 0, 4
95, 99, 92, 0, 4
95, 100, 92, 0, 4
95, 99, 92, 0, 4
95, 99, 92, 0, 4
95, 99, 92, 0, 4
95, 99, 92, 0, 4
95, 99, 92, 0, 4
95, 100, 92, 0, 4
95, 100, 92, 0, 4
95, 99, 92, 0, 4
95, 99, 92, 0, 4
95, 100, 92, 0, 4
95, 99, 92, 0, 4
95, 99, 93, 0, 4
95, 99, 93, 0, 4
95, 99, 93, 0, 4
95, 99, 93, 0, 4
95, 100, 93, 0, 4
95, 99, 93, 0, 3
95, 99, 93, 0, 3
95, 99, 93, 0, 3
95, 100, 93, 0, 3
95, 99, 93, 0, 3
95, 99, 93, 0, 3
95, 99, 93, 0, 3
95, 99, 94, 0, 3
95, 99, 94, 0, 3
95, 99, 94, 0, 3
95, 99, 94, 0, 3
96, 99, 94, 0, 3
96, 99, 94, 0, 3
96, 99, 94, 0, 3
96, 99, 94, 0, 3
96, 99, 94, 0, 3
96, 99, 95, 0, 3
96, 99, 95, 0, 3
96, 99, 95, 0, 3
96, 99, 95, 0, 3
96, 99, 95, 0, 3
96, 99, 95, 0, 3
96, 99, 95, 0, 3
96, 100, 95, 0, 3
96, 100, 95, 0, 3
96, 99, 95, 0, 3
96, 99, 95, 0, 3
96, 99, 95, 0, 3
96, 100, 95, 0, 3
96, 99, 95, 0, 3
96, 99, 95, 0, 3
96, 100, 95, 0, 3
96, 99, 95, 0, 3
96, 99, 95, 0, 3
96, 100, 95, 0, 3
95, 99, 95, 0, 3
95, 99, 95, 0, 3
95, 99, 95, 0, 3
95, 100, 95, 0, 3
95, 100, 95, 0, 3
95, 99, 94, 0, 3
95, 99, 94, 0, 3
95, 100, 94, 0, 3
94, 99, 94, 0, 3
94, 99, 93, 0, 3
94, 99, 93, 0, 3
94, 99, 93, 0, 3
94, 99, 93, 0, 4
94, 99, 93, 0, 4
94, 99, 92, 0, 4
94, 99, 92, 0, 4
93, 99, 92, 0, 4
93, 99, 92, 0, 4
93, 99, 91, 0, 4
93, 99, 91, 0, 4
93, 99, 91, 0, 4
93, 99, 91, 0, 4
93, 99, 91, 0, 4
93, 99, 91, 0, 4
93, 99, 90, 0, 4
93, 99, 90, 0, 4
92, 99, 89, 1, 4
92, 98, 88, 1, 4
92, 98, 88, 1, 5
92, 98, 87, 1, 5
92, 98, 87, 1, 5
92, 98, 86, 1, 5
92, 98, 84, 1, 5
92, 98, 83, 1, 5
92, 98, 80, 1, 6
91, 98, 79, 1, 6
91, 98, 79, 1, 6
90, 98, 78, 1, 7
90, 98, 78, 1, 7
90, 98, 78, 1, 7
90, 98, 78, 1, 7
90, 98, 75, 1, 8
90, 98, 75, 1, 8
90, 98, 76, 1, 8
90, 98, 75, 1, 9
89, 98, 73, 1, 11
89, 98, 73, 1, 11
89, 98, 72, 1, 11
89, 98, 73, 1, 15
6, 98, 75, 1, 0
6, 98, 0, 1, 0
6, 98, 0, 1, 0
5, 98, 0, 1, 0
5, 98, 0, 1, 0
5, 98, 0, 1, 0
5, 98, 0, 1, 0
5, 98, 0, 1, 0
6, 98, 0, 1, 0
6, 98, 0, 1, 0
6, 98, 0, 1, 0
5, 98, 0, 1, 0
5, 98, 0, 1, 0
5, 98, 0, 1, 0
5, 98, 0, 1, 0
5, 98, 0, 1, 0
5, 98, 0, 1, 0
5, 98, 0, 1, 0
5, 98, 0, 1, 0
5, 98, 0, 1, 0
5, 98, 0, 1, 0
5, 98, 0, 1, 0
5, 98, 0, 1, 0
5, 98, 0, 1, 0
5, 98, 0, 1, 0
5, 98, 0, 1, 0
5, 98, 0, 1, 0
5, 98, 0, 1, 0
5, 98, 0, 1, 0
5, 98, 0, 1, 0
5, 98, 0, 1, 0
5, 98, 0, 1, 0
5, 98, 0, 1, 0
5, 98, 0, 1, 0
5, 98, 0, 1, 0
5, 98, 0, 1, 0
5, 98, 0, 1, 0
5, 98, 0, 1, 0
5, 98, 0, 1, 0
5, 8, 0, 1, 0
5, 98, 0, 1, 0
5, 98, 0, 1, 0
5, 98, 0, 1, 0
5, 98, 0, 1, 0
5, 98, 0, 1, 0
5, 98, 0, 1, 0
5, 98, 0, 1, 0
5, 98, 0, 1, 0
5, 98, 0, 1, 0
5, 98, 0, 1, 0
5, 98, 0, 1, 0
5, 98, 0, 1, 0
5, 98, 0, 1, 0
5, 98, 0, 1, 0
5, 98, 0, 1, 0
5, 98, 0, 1, 0
5, 98, 0, 1, 0
5, 98, 0, 1, 0
5, 98, 0, 1, 0
5, 97, 0, 1, 0
5, 97, 0, 1, 0
5, 63, 0, 1, 0
5, 0, 0, 1, 0
5, 0, 0, 1, 0
5, 0, 0, 1, 0
5, 0, 0, 1, 0
5, 0, 0, 1, 0
5, 0, 0, 1, 0
5, 0, 0, 1, 0
5, 0, 0, 1, 0
5, 0, 0, 1, 0
5, 0, 0, 1, 0
5, 0, 0, 1, 0
5, 0, 0, 1, 0
5, 0, 0, 1, 0
5, 0, 0, 1, 0
5, 0, 0, 1, 0
5, 0, 0, 1, 0
5, 0, 0, 1, 0
5, 98, 0, 1, 0
5, 98, 0, 1, 0
5, 99, 75, 1, 0
5, 99, 75, 1, 9
5, 99, 75, 1, 10
89, 99, 75, 0, 7
88, 99, 77, 0, 7
87, 99, 78, 0, 7
87, 99, 78, 0, 7
87, 99, 77, 1, 7
87, 99, 74, 1, 7
87, 99, 74, 1, 7
87, 99, 74, 0, 7
87, 99, 77, 0, 7
87, 99, 78, 0, 7
87, 99, 78, 1, 7
87, 99, 80, 0, 7
87, 99, 80, 0, 22
87, 99, 84, 0, 26
88, 99, 84, 0, 26
88, 99, 85, 0, 26
88, 99, 87, 0, 26
88, 99, 87, 0, 26
88, 99, 87, 0, 26
88, 99, 88, 0, 26
89, 99, 89, 0, 27
89, 99, 89, 0, 27
89, 99, 89, 0, 28
89, 99, 89, 0, 28
89, 99, 89, 0, 30
89, 100, 89, 0, 30
88, 99, 89, 0, 30
88, 99, 89, 0, 49
88, 99, 89, 0, 50
88, 99, 89, 0, 55
88, 99, 89, 0, 55
87, 99, 89, 0, 57
87, 99, 89, 0, 57
87, 99, 89, 0, 58
87, 99, 89, 0, 58
87, 99, 89, 0, 61
87, 99, 89, 0, 61
87, 99, 88, 0, 62
87, 99, 88, 0, 63
87, 99, 88, 0, 64
87, 99, 88, 0, 64
87, 99, 88, 0, 64
87, 99, 89, 0, 65
87, 99, 89, 0, 66
87, 99, 89, 0, 66
87, 99, 89, 0, 65
87, 99, 89, 0, 65
87, 99, 89, 0, 65
87, 100, 89, 0, 64
88, 99, 89, 0, 64
88, 99, 89, 0, 64
88, 99, 90, 0, 63
88, 99, 90, 0, 62
89, 99, 90, 0, 61
89, 99, 90, 0, 60
89, 99, 90, 0, 59
89, 99, 91, 0, 57
90, 99, 91, 0, 56
90, 99, 91, 0, 56
90, 100, 91, 0, 53
90, 99, 91, 0, 53
91, 99, 92, 0, 48
91, 99, 92, 0, 47
92, 99, 92, 0, 45
92, 99, 92, 0, 33
92, 99, 92, 0, 22
92, 99, 92, 0, 21
93, 99, 93, 0, 20
93, 99, 93, 0, 20
94, 99, 93, 0, 20
94, 99, 93, 0, 20
94, 99, 93, 0, 20
94, 99, 93, 0, 20
94, 99, 93, 0, 19
95, 99, 93, 0, 19
95, 99, 93, 0, 18
95, 99, 93, 0, 18
96, 99, 93, 0, 18
96, 99, 93, 0, 18
96, 99, 93, 0, 18
97, 99, 94, 0, 17
97, 100, 94, 0, 17
97, 99, 93, 0, 17
97, 99, 94, 0, 16
97, 99, 93, 0, 16
97, 99, 93, 0, 13
97, 99, 93, 0, 4
97, 99, 93, 0, 4
97, 99, 93, 0, 4
97, 99, 93, 0, 4
97, 99, 93, 0, 4
97, 99, 92, 0, 4
97, 99, 92, 0, 4
96, 99, 92, 0, 4
96, 99, 91, 0, 4
96, 99, 91, 0, 4
95, 99, 90, 0, 4
95, 99, 90, 0, 4
95, 99, 90, 0, 4
95, 99, 90, 0, 4
95, 99, 90, 0, 4
95, 99, 89, 0, 4
95, 99, 89, 0, 4
95, 99, 89, 0, 4
94, 99, 88, 1, 4
94, 99, 88, 1, 4
94, 99, 88, 1, 4
94, 98, 87, 1, 4
94, 98, 87, 1, 4
93, 98, 86, 1, 5
93, 98, 86, 1, 5
93, 98, 85, 1, 5
92, 98, 84, 1, 6
92, 98, 83, 1, 6
92, 98, 79, 1, 6
92, 98, 79, 1, 6
91, 98, 79, 1, 6
90, 98, 79, 1, 6
90, 98, 79, 1, 6
90, 98, 79, 1, 7
90, 98, 79, 1, 7
90, 98, 79, 1, 7
90, 98, 79, 1, 7
90, 98, 77, 1, 8
90, 98, 77, 1, 10
89, 98, 78, 1, 16
89, 98, 78, 1, 16
6, 98, 76, 1, 17
5, 98, 0, 1, 0
5, 98, 0, 1, 0
6, 98, 0, 1, 0
5, 0, 0, 1, 0
5, 0, 0, 1, 0
5, 0, 0, 1, 0
5, 0, 0, 1, 0
5, 0, 0, 1, 0
5, 0, 0, 1, 0
5, 0, 0, 1, 0
5, 0, 0, 1, 0
5, 0, 0, 1, 0
5, 0, 0, 1, 0
5, 0, 0, 1, 0
5, 0, 0, 1, 0
5, 0, 0, 1, 0
5, 0, 0, 1, 0
5, 0, 0, 1, 0
5, 0, 0, 1, 0
5, 0, 0, 1, 0
5, 0, 0, 1, 0
5, 97, 0, 1, 0
5, 98, 0, 1, 0
5, 98, 0, 1, 0
5, 98, 0, 1, 0
5, 98, 0, 1, 0
5, 98, 0, 1, 0
5, 98, 0, 1, 0
5, 98, 0, 1, 0
5, 98, 0, 1, 0
5, 98, 0, 1, 0
5, 98, 0, 1, 0
5, 98, 0, 1, 0
5, 98, 0, 1, 0
5, 98, 0, 1, 0
5, 98, 0, 1, 0
5, 98, 0, 1, 0
5, 98, 0, 1, 0
5, 98, 0, 1, 0
5, 98, 0, 1, 0
5, 98, 0, 1, 0
5, 98, 0, 1, 0
5, 98, 0, 1, 0
5, 98, 0, 1, 0
5, 98, 0, 1, 0
5, 98, 0, 1, 0
5, 98, 0, 1, 0
5, 98, 0, 1, 0
5, 98, 0, 1, 0
5, 98, 0, 1, 0
5, 98, 0, 1, 0
5, 98, 0, 1, 0
5, 98, 0, 1, 0
5, 98, 0, 1, 0
5, 98, 0, 1, 0
5, 98, 0, 1, 0
5, 98, 0, 1, 0
5, 98, 0, 1, 0
5, 98, 0, 1, 0
5, 98, 0, 1, 0
5, 98, 0, 1, 0
5, 98, 0, 1, 0
5, 98, 0, 1, 0
5, 98, 0, 1, 0
5, 98, 0, 1, 0
5, 98, 0, 1, 0
5, 98, 0, 1, 0
5, 98, 0, 1, 0
5, 98, 0, 1, 0
5, 98, 0, 1, 0
5, 98, 0, 1, 0
5, 98, 0, 1, 0
5, 98, 0, 1, 0
5, 98, 0, 1, 0
5, 98, 0, 1, 0
5, 98, 0, 1, 0
5, 98, 0, 1, 0
5, 98, 0, 1, 0
5, 98, 0, 1, 0
5, 98, 0, 1, 0
5, 98, 0, 1, 0
5, 98, 0, 1, 0
5, 98, 0, 1, 0
5, 98, 0, 1, 0
5, 98, 0, 1, 0
5, 98, 0, 1, 0
5, 98, 0, 1, 0
5, 98, 0, 1, 0
5, 98, 0, 1, 0
5, 98, 0, 1, 0
5, 98, 0, 1, 0
5, 98, 0, 1, 0
5, 98, 0, 1, 0
5, 98, 0, 1, 0
5, 98, 0, 1, 0
5, 98, 0, 1, 0
5, 98, 0, 1, 0
5, 98, 0, 1, 0
5, 98, 0, 1, 0
5, 98, 0, 1, 0
5, 98, 0, 1, 0
5, 98, 0, 1, 0
5, 98, 0, 1, 0
5, 98, 0, 1, 0
5, 98, 0, 1, 0
5, 98, 0, 1, 0
5, 98, 0, 1, 0
5, 98, 0, 1, 0
5, 98, 0, 1, 0
5, 98, 0, 1, 0
5, 98, 0, 1, 0
5, 98, 0, 1, 0
5, 98, 0, 1, 0
5, 98, 0, 1, 0
5, 98, 0, 1, 0
5, 98, 0, 1, 0
5, 98, 0, 1, 0
5, 98, 0, 1, 0
5, 98, 0, 1, 0
5, 98, 0, 1, 0
5, 98, 0, 1, 0
5, 98, 0, 1, 0
5, 98, 0, 1, 0
5, 98, 0, 1, 0
5, 98, 0, 1, 0
5, 98, 0, 1, 0
5, 98, 0, 1, 0
5, 98, 0, 1, 0
5, 98, 0, 1, 0
5, 98, 0, 1, 0
5, 98, 0, 1, 0
5, 20, 0, 1, 0
5, 0, 0, 1, 0
5, 0, 0, 1, 0
5, 0, 0, 1, 0
5, 0, 0, 1, 0
5, 0, 0, 1, 0
5, 0, 0, 1, 0
5, 0, 0, 1, 0
5, 0, 0, 1, 0
5, 0, 0, 1, 0
5, 0, 0, 1, 0
5, 0, 0, 1, 0
5, 0, 0, 1, 0
5, 0, 0, 1, 0
5, 0, 0, 1, 0
5, 0, 0, 1, 0
5, 0, 0, 1, 0
5, 0, 0, 1, 0
5, 0, 0, 1, 0
5, 0, 0, 1, 0
5, 98, 0, 1, 0
5, 98, 0, 1, 0
5, 98, 0, 1, 0
5, 98, 0, 1, 0
5, 98, 0, 1, 0
5, 98, 0, 1, 0
5, 99, 0, 1, 0
5, 99, 0, 1, 0
5, 99, 0, 1, 0
5, 99, 57, 1, 0
5, 99, 57, 1, 0
5, 99, 57, 1, 0
5, 99, 57, 1, 0
5, 99, 57, 1, 0
5, 99, 58, 1, 0
5, 99, 56, 1, 0
5, 99, 56, 1, 0
5, 99, 60, 1, 0
5, 99, 61, 1, 0
5, 99, 60, 1, 0
5, 99, 62, 0, 0
5, 99, 62, 1, 0
5, 99, 62, 1, 0
5, 99, 62, 1, 0
5, 99, 62, 1, 0
5, 99, 61, 1, 0
5, 99, 61, 1, 0
5, 99, 61, 1, 0
5, 99, 61, 1, 0
5, 99, 60, 1, 0
5, 99, 61, 1, 0
5, 99, 60, 1, 0
5, 99, 61, 1, 0
5, 99, 60, 1, 0
5, 99, 60, 1, 0
5, 99, 60, 1, 0
5, 99, 60, 1, 0
5, 99, 60, 0, 0
5, 99, 59, 1, 0
5, 99, 58, 0, 0
5, 99, 58, 1, 0
5, 99, 58, 1, 0
5, 99, 56, 0, 0
5, 99, 56, 1, 0
5, 99, 56, 1, 0
5, 99, 56, 1, 0
5, 99, 55, 1, 0
5, 99, 55, 1, 0
5, 99, 56, 1, 0
5, 99, 55, 1, 0
5, 99, 58, 1, 0
5, 99, 60, 1, 0
5, 99, 60, 1, 0
5, 99, 60, 1, 0
5, 99, 60, 1, 0
5, 99, 60, 1, 0
5, 99, 60, 0, 0
5, 99, 60, 0, 0
5, 99, 60, 0, 0
5, 99, 60, 0, 0
5, 99, 60, 0, 0
5, 99, 60, 0, 0
5, 99, 60, 0, 0
5, 99, 60, 0, 0
5, 99, 60, 0, 0
5, 99, 59, 0, 0
5, 99, 59, 0, 0
5, 99, 59, 0, 0
5, 99, 59, 0, 0
5, 99, 61, 0, 0
5, 99, 61, 0, 0
5, 99, 61, 0, 0
5, 99, 61, 0, 0
5, 99, 61, 0, 0
5, 99, 61, 0, 0
5, 99, 61, 0, 0
5, 99, 61, 0, 0
5, 99, 61, 0, 0
5, 99, 60, 0, 0
5, 99, 60, 0, 0
5, 99, 60, 0, 0
5, 99, 60, 0, 0
5, 99, 60, 0, 0
5, 99, 60, 0, 0
5, 99, 60, 0, 0
5, 99, 60, 0, 0
5, 99, 60, 0, 0
5, 99, 60, 0, 0
5, 99, 60, 0, 0
5, 99, 59, 0, 0
5, 99, 59, 0, 0
5, 99, 60, 0, 0
5, 99, 59, 0, 0
5, 99, 60, 0, 0
5, 99, 60, 0, 0
5, 99, 60, 0, 0
5, 99, 60, 0, 0
5, 99, 59, 0, 0
5, 99, 59, 0, 0
5, 99, 58, 0, 0
5, 99, 55, 0, 0
5, 99, 55, 0, 0
5, 99, 56, 1, 0
5, 99, 56, 1, 0
5, 99, 56, 1, 0
5, 99, 56, 1, 0
5, 99, 56, 1, 0
5, 99, 56, 1, 0
5, 99, 56, 1, 0
5, 99, 56, 1, 0
5, 99, 56, 1, 0
5, 99, 56, 1, 0
5, 99, 56, 1, 0
5, 99, 56, 1, 0
5, 99, 56, 1, 0
5, 99, 56, 1, 0
5, 99, 57, 1, 0
5, 99, 57, 1, 0
5, 99, 57, 1, 0
5, 99, 57, 1, 0
5, 99, 57, 1, 0
5, 99, 57, 1, 0
5, 99, 57, 1, 0
5, 99, 57, 1, 0
5, 99, 57, 1, 0
5, 99, 57, 1, 0
5, 99, 57, 1, 0
5, 99, 57, 1, 0
5, 99, 57, 1, 0
5, 99, 57, 1, 0
5, 99, 57, 1, 0
5, 99, 57, 1, 0
5, 99, 57, 1, 0
5, 99, 57, 1, 0
5, 99, 57, 1, 0
5, 99, 57, 1, 0
5, 99, 57, 1, 0
5, 99, 57, 1, 0
5, 99, 57, 1, 0
5, 99, 57, 1, 0
5, 99, 57, 1, 0
5, 99, 57, 1, 0
5, 99, 57, 1, 0
5, 99, 57, 1, 0
5, 99, 57, 1, 0
5, 99, 57, 1, 0
5, 99, 57, 1, 0
5, 99, 57, 1, 0
5, 99, 57, 1, 0
5, 99, 57, 1, 0
5, 99, 57, 1, 0
5, 99, 57, 1, 0
5, 99, 57, 1, 0
5, 99, 57, 1, 0
5, 99, 56, 1, 0
5, 99, 56, 1, 0
5, 99, 56, 1, 0
5, 99, 56, 1, 0
5, 99, 56, 1, 0
5, 99, 56, 1, 0
5, 99, 56, 1, 0
5, 99, 56, 1, 0
5, 99, 56, 1, 0
5, 99, 54, 1, 0
5, 99, 54, 1, 0
5, 99, 54, 1, 0
5, 99, 54, 1, 0
5, 99, 54, 1, 0
5, 99, 54, 1, 0
5, 99, 54, 1, 0
5, 99, 54, 1, 0
5, 99, 54, 1, 0
5, 99, 54, 1, 0
5, 99, 54, 1, 0
5, 99, 0, 1, 0
5, 99, 0, 1, 0
5, 99, 0, 1, 0
5, 99, 0, 1, 0
5, 99, 0, 1, 0
5, 99, 0, 1, 0
5, 99, 0, 1, 0
5, 99, 0, 1, 0
5, 99, 0, 1, 0
5, 99, 0, 1, 0
5, 99, 0, 1, 0
5, 99, 0, 1, 0
5, 99, 0, 1, 0
5, 99, 0, 1, 0
5, 99, 0, 1, 0
5, 99, 0, 1, 0
5, 99, 0, 1, 0
5, 99, 0, 1, 0
5, 99, 0, 1, 0
5, 99, 0, 1, 0
5, 99, 0, 1, 0
5, 98, 0, 1, 0
5, 98, 0, 1, 0
5, 98, 0, 1, 0
5, 98, 0, 1, 0
5, 98, 0, 1, 0
5, 98, 0, 1, 0
5, 98, 0, 1, 0
5, 98, 0, 1, 0
5, 98, 0, 1, 0
5, 98, 0, 1, 0
5, 98, 0, 1, 0
5, 98, 0, 1, 0
5, 98, 0, 1, 0
5, 98, 0, 1, 0
5, 98, 0, 1, 0
5, 98, 0, 1, 0
5, 98, 0, 1, 0
5, 98, 0, 1, 0
5, 98, 0, 1, 0
5, 98, 0, 1, 0
5, 98, 0, 1, 0
5, 98, 0, 1, 0
5, 98, 0, 1, 0
5, 98, 0, 1, 0
5, 98, 0, 1, 0
5, 98, 0, 1, 0
5, 98, 0, 1, 0
5, 98, 0, 1, 0
5, 98, 0, 1, 0
5, 98, 0, 1, 0
5, 98, 0, 1, 0
5, 98, 0, 1, 0
5, 98, 0, 1, 0
5, 98, 0, 1, 0
5, 98, 0, 1, 0
5, 98, 0, 1, 0
5, 98, 0, 1, 0
5, 98, 0, 1, 0
5, 98, 0, 1, 0
5, 98, 0, 1, 0
5, 98, 0, 1, 0
5, 98, 0, 1, 0
5, 98, 0, 1, 0
5, 98, 0, 1, 0
5, 98, 0, 1, 0
5, 98, 0, 1, 0
5, 98, 0, 1, 0
5, 98, 0, 1, 0
5, 98, 0, 1, 0
5, 98, 0, 1, 0
5, 98, 0, 1, 0
5, 98, 0, 1, 0
5, 98, 0, 1, 0
5, 98, 0, 1, 0
5, 98, 0, 1, 0
5, 98, 0, 1, 0
5, 98, 0, 1, 0
5, 98, 0, 1, 0
5, 98, 0, 1, 0
5, 98, 0, 1, 0
5, 98, 0, 1, 0
5, 98, 0, 1, 0
5, 98, 0, 1, 0
5, 98, 0, 1, 0
5, 98, 0, 1, 0
5, 98, 0, 1, 0
5, 98, 0, 1, 0
5, 98, 0, 1, 0
5, 98, 0, 1, 0
5, 98, 0, 1, 0
5, 98, 0, 1, 0
5, 98, 0, 1, 0
5, 98, 0, 1, 0
5, 98, 0, 1, 0
5, 98, 0, 1, 0
5, 98, 0, 1, 0
5, 98, 0, 1, 0
5, 98, 0, 1, 0
5, 98, 0, 1, 0
5, 98, 0, 1, 0
5, 98, 0, 1, 0
5, 98, 0, 1, 0
5, 98, 0, 1, 0
5, 98, 0, 1, 0
5, 98, 0, 1, 0
5, 98, 0, 1, 0
5, 98, 0, 1, 0
5, 98, 0, 1, 0
5, 98, 0, 1, 0
5, 98, 0, 1, 0
5, 98, 0, 1, 0
5, 98, 0, 1, 0
5, 98, 0, 1, 0
5, 98, 0, 1, 0
5, 98, 0, 1, 0
5, 98, 0, 1, 0
5, 98, 0, 1, 0
5, 98, 0, 1, 0
5, 98, 0, 1, 0
5, 98, 0, 1, 0
5, 98, 0, 1, 0
5, 98, 0, 1, 0
5, 98, 0, 1, 0
5, 98, 0, 1, 0
5, 98, 0, 1, 0
5, 98, 0, 1, 0
5, 98, 0, 1, 0
5, 98, 0, 1, 0
5, 98, 0, 1, 0
5, 98, 0, 1, 0
5, 98, 0, 1, 0
5, 98, 0, 1, 0
5, 98, 0, 1, 0
5, 98, 0, 1, 0
5, 98, 0, 1, 0
5, 0, 0, 1, 0
5, 0, 0, 1, 0
5, 0, 0, 1, 0
5, 0, 0, 1, 0
5, 0, 0, 1, 0
5, 0, 0, 1, 0
5, 0, 0, 1, 0
5, 0, 0, 1, 0
5, 0, 0, 1, 0
5, 0, 0, 1, 0
5, 0, 0, 1, 0
5, 0, 0, 1, 0
5, 0, 0, 1, 0
5, 0, 0, 1, 0
5, 0, 0, 1, 0
5, 0, 0, 1, 0
5, 0, 0, 1, 0
5, 0, 0, 1, 0
5, 0, 0, 1, 0
5, 0, 0, 1, 0
5, 0, 0, 1, 0
5, 0, 0, 1, 0
5, 0, 0, 1, 0
5, 0, 0, 1, 0
5, 0, 0, 1, 0
5, 0, 0, 1, 0
5, 0, 0, 1, 0
5, 0, 0, 1, 0
5, 0, 0, 1, 0
5, 0, 0, 1, 0
5, 0, 0, 1, 0
5, 0, 0, 1, 0
5, 0, 0, 1, 0
5, 0, 0, 1, 0
5, 0, 0, 1, 0
5, 0, 0, 0, 0
5, 0, 0, 0, 0
5, 0, 0, 0, 0
5, 0, 0, 0, 0
5, 0, 0, 0, 0
5, 0, 0, 0, 0
5, 0, 0, 0, 0
5, 0, 0, 0, 0
5, 0, 0, 0, 0
5, 0, 0, 0, 0
5, 0, 0, 0, 0
5, 0, 0, 0, 0
5, 0, 0, 0, 0
5, 0, 0, 0, 0
5, 0, 0, 0, 0
5, 0, 0, 0, 0
5, 0, 0, 0, 0
5, 0, 0, 0, 0
5, 0, 0, 0, 0
5, 0, 0, 0, 0
5, 0, 0, 0, 0
5, 0, 0, 1, 0
5, 0, 0, 1, 0
5, 0, 73, 1, 0
5, 0, 74, 1, 0
5, 0, 74, 1, 1
5, 0, 73, 1, 9
5, 0, 72, 1, 10
89, 2, 77, 1, 9
89, 2, 71, 1, 7
89, 2, 72, 1, 7
89, 2, 71, 1, 7
89, 2, 79, 1, 7
89, 2, 79, 1, 7
89, 2, 79, 1, 7
89, 2, 79, 1, 7
89, 2, 79, 1, 7
89, 2, 80, 1, 7
90, 2, 80, 1, 7
90, 2, 80, 1, 7
90, 98, 85, 1, 5
90, 98, 85, 1, 5
90, 98, 85, 1, 5
90, 98, 86, 1, 5
90, 98, 86, 1, 5
90, 98, 86, 1, 5
90, 98, 86, 1, 5
90, 98, 86, 1, 5
90, 98, 85, 1, 5
90, 98, 85, 1, 5
90, 98, 85, 1, 5
90, 98, 86, 1, 5
90, 98, 86, 1, 5
90, 98, 86, 1, 5
90, 98, 86, 1, 5
90, 98, 86, 1, 5
90, 98, 86, 1, 5
90, 98, 86, 1, 5
90, 98, 86, 1, 5
91, 98, 86, 1, 5
91, 98, 87, 1, 5
91, 98, 86, 1, 5
91, 98, 83, 1, 4
91, 98, 84, 1, 4
91, 98, 87, 1, 4
92, 98, 87, 1, 4
92, 98, 87, 1, 4
91, 98, 87, 1, 4
91, 98, 87, 1, 4
91, 98, 87, 1, 4
91, 98, 87, 1, 4
91, 98, 87, 1, 4
91, 98, 87, 1, 4
91, 98, 87, 1, 4
91, 98, 87, 1, 4
91, 98, 78, 1, 4
91, 98, 78, 1, 4
92, 98, 74, 1, 4
92, 98, 74, 1, 4
92, 98, 73, 1, 4
92, 98, 76, 1, 4
92, 98, 76, 1, 4
92, 98, 76, 1, 4
92, 98, 81, 1, 4
92, 98, 82, 1, 4
92, 98, 81, 1, 4
92, 98, 81, 1, 4
92, 98, 81, 1, 4
92, 98, 81, 1, 4
92, 63, 79, 1, 4
92, 59, 83, 1, 4
92, 53, 83, 1, 4
92, 53, 85, 1, 4
92, 43, 85, 1, 4
92, 2, 85, 1, 4
92, 1, 85, 1, 4
92, 1, 85, 1, 4
92, 1, 85, 1, 4
91, 1, 85, 1, 4
91, 1, 85, 1, 4
91, 1, 85, 1, 4
91, 1, 85, 1, 4
91, 1, 84, 1, 5
91, 1, 84, 1, 5
91, 2, 84, 1, 5
91, 1, 84, 1, 6
91, 1, 84, 1, 6
90, 1, 83, 1, 7
90, 1, 83, 1, 7
90, 1, 83, 1, 7
89, 2, 83, 1, 7
89, 2, 83, 1, 7
89, 2, 83, 1, 7
89, 2, 82, 1, 7
89, 2, 80, 1, 7
89, 2, 80, 1, 7
89, 2, 80, 1, 7
89, 2, 80, 1, 7
89, 2, 81, 1, 7
89, 2, 81, 1, 7
89, 2, 81, 1, 7
89, 2, 81, 1, 7
89, 2, 81, 1, 7
89, 2, 80, 1, 7
89, 2, 80, 1, 7
89, 2, 79, 1, 7
88, 2, 76, 1, 7
88, 2, 77, 1, 7
88, 2, 77, 1, 7
88, 98, 77, 1, 7
88, 98, 77, 1, 7
88, 98, 77, 1, 9
88, 98, 77, 1, 9
88, 98, 77, 1, 9
89, 98, 79, 1, 10
89, 98, 79, 1, 10
89, 98, 79, 1, 10
6, 98, 79, 1, 11
6, 98, 79, 1, 11
5, 98, 78, 1, 16
5, 98, 78, 1, 0
5, 98, 78, 1, 0
5, 98, 78, 1, 0
5, 98, 78, 1, 0
5, 98, 76, 1, 0
5, 98, 0, 1, 0
5, 98, 0, 1, 0
5, 98, 0, 1, 0
5, 98, 0, 1, 0
5, 98, 0, 1, 0
5, 98, 0, 1, 0
5, 98, 0, 1, 0
5, 98, 0, 1, 0
5, 98, 0, 1, 0
5, 98, 0, 1, 0
5, 98, 0, 1, 0
5, 98, 0, 1, 0
5, 98, 0, 1, 0
5, 98, 0, 1, 0
5, 98, 0, 1, 0
5, 98, 0, 1, 0
5, 98, 0, 1, 0
5, 98, 0, 1, 0
5, 98, 0, 1, 0
5, 98, 0, 1, 0
5, 98, 0, 1, 0
5, 99, 0, 1, 0
5, 99, 0, 1, 0
5, 99, 0, 1, 0
5, 99, 0, 1, 0
5, 99, 0, 1, 0
5, 99, 0, 1, 0
5, 99, 0, 1, 0
5, 99, 0, 1, 0
5, 99, 0, 1, 0
5, 99, 0, 1, 0
5, 99, 0, 1, 0
5, 99, 0, 1, 0
5, 98, 0, 1, 0
5, 98, 0, 1, 0
5, 98, 0, 1, 0
5, 98, 0, 1, 0
5, 98, 0, 1, 0
5, 98, 0, 1, 0
5, 98, 0, 1, 0
5, 98, 0, 1, 0
5, 98, 0, 1, 0
5, 98, 0, 1, 0
5, 98, 0, 1, 0
5, 98, 0, 1, 0
5, 98, 0, 1, 0
5, 98, 0, 1, 0
5, 98, 0, 1, 0
5, 98, 0, 1, 0
5, 98, 0, 1, 0
5, 98, 0, 1, 0
5, 98, 0, 1, 0
5, 98, 0, 1, 0
5, 98, 0, 1, 0
5, 98, 0, 1, 0
5, 98, 0, 1, 0
5, 98, 0, 1, 0
5, 98, 0, 1, 0
5, 0, 76, 1, 9
5, 0, 76, 1, 10
5, 0, 76, 1, 10
5, 0, 76, 1, 10
5, 0, 76, 1, 10
5, 0, 76, 1, 10
5, 0, 76, 1, 10
5, 0, 76, 1, 10
5, 0, 76, 1, 10
5, 0, 77, 1, 10
5, 0, 77, 1, 10
5, 0, 77, 1, 10
5, 0, 77, 1, 10
5, 0, 77, 1, 10
88, 2, 77, 1, 10
89, 2, 77, 1, 11
89, 2, 77, 1, 11
89, 2, 77, 1, 11
89, 2, 77, 1, 11
89, 2, 78, 1, 10
89, 2, 78, 1, 10
89, 2, 78, 1, 10
89, 2, 78, 1, 10
89, 2, 78, 1, 10
89, 2, 78, 1, 10
89, 2, 78, 1, 10
89, 2, 79, 1, 10
89, 2, 79, 1, 10
89, 2, 78, 1, 9
89, 2, 78, 1, 9
89, 2, 78, 1, 9
89, 2, 77, 1, 9
89, 2, 77, 1, 9
89, 2, 78, 1, 9
89, 2, 78, 1, 9
89, 2, 78, 1, 9
89, 2, 78, 1, 9
89, 2, 78, 1, 9
89, 2, 78, 1, 9
89, 2, 78, 1, 9
89, 2, 78, 1, 9
89, 2, 78, 1, 9
89, 2, 78, 1, 9
89, 2, 78, 1, 9
89, 2, 78, 1, 9
89, 2, 78, 1, 9
89, 2, 78, 1, 9
89, 2, 78, 1, 9
89, 2, 78, 1, 9
89, 2, 78, 1, 9
89, 2, 78, 1, 9
89, 2, 78, 1, 9
89, 2, 78, 1, 9
89, 2, 79, 1, 9
89, 2, 79, 1, 9
89, 2, 79, 1, 9
89, 2, 79, 1, 9
89, 2, 79, 1, 9
89, 2, 79, 1, 10
89, 2, 80, 1, 10
89, 2, 80, 1, 10
89, 2, 80, 1, 10
89, 2, 80, 1, 10
89, 2, 80, 1, 10
89, 2, 80, 1, 10
89, 2, 80, 1, 10
89, 2, 80, 1, 10
89, 2, 80, 1, 10
89, 2, 80, 1, 9
89, 2, 80, 1, 9
89, 2, 80, 1, 9
89, 2, 80, 1, 9
89, 2, 81, 1, 9
89, 2, 81, 1, 9
89, 2, 80, 1, 9
89, 2, 80, 1, 9
89, 2, 80, 1, 9
89, 2, 80, 1, 9
89, 2, 80, 1, 9
89, 2, 80, 1, 9
89, 2, 80, 1, 9
89, 2, 80, 1, 9
89, 2, 80, 1, 9
89, 2, 80, 1, 9
89, 2, 79, 1, 9
89, 2, 79, 1, 9
89, 0, 79, 1, 9
5, 0, 79, 1, 9
5, 0, 79, 1, 9
5, 0, 79, 1, 9
5, 0, 79, 1, 9
5, 98, 78, 1, 9
5, 98, 78, 1, 9
5, 98, 78, 1, 9
5, 98, 78, 1, 9
5, 98, 78, 1, 9
5, 98, 78, 1, 10
5, 98, 78, 1, 10
5, 98, 78, 1, 10
5, 98, 78, 1, 10
5, 98, 79, 1, 11
5, 98, 79, 1, 11
5, 98, 79, 1, 10
5, 98, 78, 1, 10
5, 98, 78, 1, 10
5, 98, 78, 1, 9
5, 98, 78, 1, 0
5, 98, 77, 1, 0
5, 98, 77, 1, 0
5, 98, 77, 1, 0
5, 98, 77, 1, 0
5, 98, 77, 1, 0
5, 98, 77, 1, 0
5, 98, 76, 1, 0
5, 98, 76, 1, 0
5, 98, 76, 1, 0
5, 98, 76, 1, 0
5, 98, 76, 1, 0
5, 98, 76, 1, 0
5, 98, 76, 1, 0
5, 98, 76, 1, 0
5, 98, 76, 1, 0
5, 98, 77, 1, 0
5, 98, 77, 1, 0
5, 98, 77, 1, 0
5, 98, 77, 1, 0
5, 98, 76, 1, 0
5, 98, 76, 1, 0
5, 98, 76, 1, 0
5, 98, 76, 1, 0
5, 98, 76, 1, 0
5, 98, 76, 1, 0
5, 98, 76, 1, 0
5, 98, 76, 1, 0
5, 98, 76, 1, 0
5, 98, 76, 1, 0
5, 98, 76, 1, 0
5, 98, 76, 1, 0
5, 98, 76, 1, 0
5, 98, 76, 1, 0
5, 98, 76, 1, 0
5, 98, 76, 1, 0
5, 98, 76, 1, 0
5, 98, 76, 1, 0
5, 98, 76, 1, 0
5, 98, 76, 1, 0
5, 98, 76, 1, 0
5, 98, 76, 1, 0
5, 98, 76, 1, 0
5, 98, 76, 1, 0
5, 98, 76, 1, 0
5, 98, 76, 1, 0
5, 98, 76, 1, 0
5, 98, 75, 1, 0
5, 98, 75, 1, 0
5, 98, 75, 1, 0
5, 98, 75, 1, 0
5, 98, 75, 1, 0
5, 98, 75, 1, 0
5, 98, 75, 1, 0
5, 98, 75, 1, 0
5, 98, 75, 1, 0
5, 98, 78, 1, 0
5, 98, 78, 1, 0
5, 98, 78, 1, 0
5, 98, 78, 1, 0
5, 98, 78, 1, 0
5, 98, 0, 1, 0
5, 98, 0, 1, 0
5, 98, 0, 1, 0
5, 98, 0, 1, 0
5, 98, 77, 1, 0
5, 98, 78, 1, 0
5, 98, 78, 1, 0
5, 98, 78, 1, 0
5, 98, 78, 1, 0
5, 98, 78, 1, 0
5, 98, 78, 1, 0
5, 98, 78, 1, 0
5, 98, 78, 1, 0
5, 98, 78, 1, 0
5, 98, 78, 1, 0
5, 98, 78, 1, 0
5, 98, 78, 1, 0
5, 98, 78, 1, 0
5, 98, 78, 1, 0
5, 98, 78, 1, 0
5, 98, 78, 1, 0
5, 98, 78, 1, 0
5, 98, 78, 1, 0
5, 98, 78, 1, 0
5, 98, 0, 1, 0
5, 98, 0, 1, 0
5, 98, 0, 1, 0
5, 98, 0, 1, 0
5, 98, 0, 1, 0
5, 98, 0, 1, 0
5, 98, 0, 1, 0
5, 97, 0, 1, 0
5, 97, 0, 1, 0
5, 97, 0, 1, 0
5, 0, 0, 1, 0
5, 0, 0, 1, 0
5, 0, 0, 1, 0
5, 0, 0, 1, 0
5, 0, 0, 1, 0
5, 0, 0, 1, 0
5, 0, 0, 1, 0
5, 0, 0, 1, 0
5, 0, 0, 1, 0
5, 0, 0, 1, 0
5, 0, 0, 1, 0
5, 92, 0, 1, 0
5, 0, 0, 1, 0
5, 98, 0, 1, 0
5, 0, 0, 1, 0
5, 0, 0, 1, 0
5, 0, 0, 1, 0
5, 0, 0, 1, 0
5, 0, 0, 1, 0
5, 0, 0, 1, 0
5, 0, 0, 1, 0
5, 0, 0, 1, 0
5, 0, 0, 1, 0
5, 0, 0, 1, 0
5, 0, 0, 1, 0
5, 0, 0, 1, 0
5, 0, 0, 1, 0
5, 0, 0, 1, 0
5, 0, 0, 1, 0
5, 0, 0, 1, 0
5, 0, 0, 1, 0
5, 0, 0, 1, 0
5, 0, 0, 1, 0
5, 0, 0, 1, 0
5, 0, 0, 1, 0
5, 0, 0, 1, 0
5, 0, 0, 1, 0
5, 0, 78, 1, 0
5, 0, 79, 1, 0
5, 0, 79, 1, 0
5, 0, 79, 1, 0
5, 0, 79, 1, 0
5, 0, 79, 1, 0
5, 0, 79, 1, 0
5, 0, 79, 1, 0
5, 0, 79, 1, 0
5, 0, 79, 1, 0
5, 0, 79, 1, 0
5, 0, 79, 1, 0
5, 0, 78, 1, 0
5, 0, 78, 1, 0
5, 0, 79, 1, 10
5, 0, 79, 1, 10
5, 0, 80, 1, 10
5, 0, 80, 1, 10
5, 0, 80, 1, 10
5, 0, 80, 1, 10
5, 0, 80, 1, 10
5, 0, 80, 1, 10
5, 0, 79, 1, 10
5, 0, 79, 1, 10
5, 0, 80, 1, 10
5, 0, 79, 1, 10
5, 0, 79, 1, 10
5, 0, 79, 1, 10
5, 0, 80, 1, 10
5, 0, 80, 1, 9
5, 98, 80, 1, 9
5, 98, 80, 1, 9
5, 98, 79, 1, 8
5, 98, 79, 1, 8
5, 98, 79, 1, 9
5, 98, 79, 1, 8
5, 98, 79, 1, 8
5, 98, 79, 1, 8
5, 98, 79, 1, 8
5, 98, 79, 1, 8
5, 98, 79, 1, 8
5, 98, 79, 1, 8
5, 98, 79, 1, 8
5, 98, 79, 1, 8
5, 98, 79, 1, 8
5, 98, 79, 1, 8
5, 98, 79, 1, 8
5, 98, 78, 1, 8
5, 98, 79, 1, 8
5, 98, 78, 1, 8
5, 98, 78, 1, 8
5, 98, 78, 1, 9
5, 98, 78, 1, 9
5, 98, 78, 1, 9
5, 98, 78, 1, 9
5, 98, 78, 1, 9
5, 98, 78, 1, 9
5, 98, 79, 1, 9
5, 98, 79, 1, 9
5, 98, 79, 1, 9
5, 98, 79, 1, 10
5, 98, 79, 1, 9
5, 98, 79, 1, 10
5, 98, 79, 1, 10
5, 98, 79, 1, 10
5, 98, 79, 1, 10
5, 98, 79, 1, 9
5, 98, 78, 1, 9
5, 98, 78, 1, 9
5, 98, 78, 1, 9
5, 98, 78, 1, 9
5, 98, 77, 1, 9
5, 98, 77, 1, 9
5, 98, 77, 1, 0
5, 98, 77, 1, 0
5, 98, 77, 1, 0
5, 98, 77, 1, 0
5, 98, 76, 1, 0
5, 98, 76, 1, 0
5, 98, 76, 1, 0
5, 98, 76, 1, 0
5, 98, 76, 1, 0
5, 98, 76, 1, 0
5, 98, 76, 1, 0
5, 98, 78, 1, 0
5, 98, 78, 1, 0
5, 98, 78, 1, 0
5, 98, 79, 1, 0
5, 98, 79, 1, 0
5, 98, 78, 1, 0
5, 98, 78, 1, 0
5, 98, 78, 1, 0
5, 99, 78, 1, 0
5, 99, 78, 1, 0
5, 99, 0, 1, 0
5, 99, 0, 1, 0
5, 99, 0, 1, 0
5, 99, 0, 1, 0
5, 99, 0, 1, 0
5, 99, 0, 1, 0
5, 99, 0, 1, 0
5, 99, 0, 1, 0
5, 99, 0, 1, 0
5, 99, 0, 1, 0
5, 99, 0, 1, 0
5, 98, 0, 1, 0
5, 98, 0, 1, 0
5, 98, 0, 1, 0
5, 98, 0, 1, 0
5, 98, 0, 1, 0
5, 98, 0, 1, 0
5, 98, 0, 1, 0
5, 98, 0, 1, 0
5, 98, 0, 1, 0
5, 98, 0, 1, 0
5, 98, 0, 1, 0
5, 98, 0, 1, 0
5, 98, 0, 1, 0
5, 98, 0, 1, 0
5, 98, 0, 1, 0
5, 98, 0, 1, 0
5, 98, 0, 1, 0
5, 98, 0, 1, 0
5, 98, 0, 1, 0
5, 98, 0, 1, 0
5, 98, 0, 1, 0
5, 98, 0, 1, 0
5, 98, 0, 1, 0
5, 98, 0, 1, 0
5, 98, 0, 1, 0
5, 98, 0, 1, 0
5, 98, 0, 1, 0
5, 98, 0, 1, 0
5, 98, 0, 1, 0
5, 98, 0, 1, 0
5, 98, 0, 1, 0
5, 98, 0, 1, 0
5, 98, 0, 1, 0
5, 98, 0, 1, 0
5, 98, 0, 1, 0
5, 98, 0, 1, 0
5, 98, 0, 1, 0
5, 98, 0, 1, 0
5, 98, 0, 1, 0
5, 98, 0, 1, 0
5, 97, 0, 1, 0
5, 97, 0, 1, 0
5, 97, 0, 1, 0
5, 96, 0, 1, 0
5, 83, 0, 1, 0
5, 0, 0, 1, 0
5, 0, 0, 1, 0
5, 0, 0, 1, 0
5, 0, 0, 1, 0
5, 0, 0, 1, 0
5, 0, 0, 1, 0
5, 0, 0, 1, 0
5, 0, 0, 1, 0
5, 0, 0, 1, 0
5, 0, 0, 1, 0
5, 0, 0, 1, 0
5, 0, 0, 1, 0
5, 0, 0, 1, 0
5, 0, 0, 1, 0
5, 0, 0, 1, 0
5, 0, 0, 1, 0
5, 0, 0, 1, 0
5, 0, 0, 1, 0
5, 0, 0, 1, 0
5, 0, 0, 1, 0
5, 0, 0, 1, 0
5, 0, 0, 1, 0
5, 0, 0, 1, 0
5, 0, 0, 1, 0
5, 0, 0, 1, 0
5, 0, 0, 1, 0
5, 0, 0, 1, 0
5, 0, 0, 1, 0
5, 0, 0, 1, 0
5, 0, 0, 1, 0
5, 0, 0, 1, 0
5, 0, 0, 1, 0
5, 0, 0, 1, 0
5, 0, 0, 1, 0
5, 0, 0, 1, 0
5, 0, 0, 1, 0
5, 0, 0, 1, 0
5, 0, 0, 1, 0
5, 0, 0, 1, 0
5, 0, 0, 1, 0
5, 0, 0, 1, 0
5, 0, 0, 1, 0
5, 0, 0, 1, 0
5, 0, 0, 1, 0
5, 0, 0, 1, 0
5, 0, 0, 1, 0
5, 0, 0, 1, 0
5, 0, 0, 1, 0
5, 84, 0, 1, 0
5, 97, 0, 1, 0
5, 97, 0, 1, 0
5, 97, 0, 1, 0
5, 97, 0, 1, 0
5, 97, 0, 1, 0
5, 0, 0, 1, 0
5, 0, 0, 1, 0
5, 0, 0, 1, 0
5, 0, 0, 1, 0
5, 0, 0, 1, 0
5, 0, 0, 1, 0
5, 0, 0, 1, 0
5, 0, 0, 1, 0
5, 0, 0, 1, 0
5, 0, 0, 1, 0
5, 0, 0, 1, 0
5, 0, 0, 1, 0
5, 0, 0, 1, 0
5, 98, 0, 1, 0
5, 98, 0, 1, 0
5, 98, 0, 1, 0
5, 98, 0, 1, 0
5, 0, 0, 1, 0
5, 0, 0, 1, 0
5, 0, 0, 1, 0
5, 0, 0, 1, 0
5, 0, 0, 1, 0
5, 0, 0, 1, 0
5, 0, 0, 1, 0
5, 0, 0, 1, 0
5, 0, 0, 1, 0
5, 0, 0, 1, 0
5, 0, 0, 1, 0
5, 0, 0, 1, 0
5, 0, 0, 1, 0
5, 0, 0, 1, 0
5, 0, 0, 1, 0
5, 0, 0, 1, 0
5, 0, 0, 1, 0
5, 0, 0, 1, 0
5, 0, 0, 1, 0
5, 0, 0, 1, 0
5, 97, 0, 1, 0
5, 97, 0, 1, 0
5, 98, 0, 1, 0
5, 98, 0, 1, 0
5, 98, 0, 1, 0
5, 0, 0, 1, 0
5, 0, 0, 1, 0
5, 0, 0, 1, 0
5, 0, 0, 1, 0
5, 0, 0, 1, 0
5, 0, 0, 1, 0
5, 0, 0, 1, 0
5, 0, 0, 1, 0
5, 0, 0, 1, 0
5, 0, 0, 1, 0
5, 0, 0, 1, 0
5, 0, 0, 1, 0
5, 0, 0, 1, 0
5, 0, 0, 1, 0
5, 0, 0, 1, 0
5, 0, 0, 1, 0
5, 0, 0, 1, 0
5, 0, 0, 1, 0
5, 0, 0, 1, 0
5, 0, 0, 1, 0
5, 0, 0, 1, 0
5, 0, 0, 1, 0
5, 0, 0, 1, 0
5, 0, 0, 1, 0
5, 0, 0, 1, 0
5, 0, 0, 1, 0
5, 0, 0, 1, 0
5, 0, 0, 1, 0
5, 0, 0, 1, 0
5, 0, 0, 1, 0
5, 0, 0, 1, 0
5, 0, 0, 1, 0
5, 0, 0, 1, 0
5, 0, 0, 1, 0
5, 0, 0, 1, 0
5, 0, 0, 1, 0
5, 0, 0, 1, 0
5, 0, 0, 1, 0
5, 0, 0, 1, 0
5, 0, 0, 1, 0
4, 0, 0, 1, 0
4, 0, 0, 1, 0
4, 0, 0, 1, 0
5, 0, 0, 1, 0
5, 0, 0, 1, 0
5, 0, 0, 1, 0
5, 98, 0, 1, 0
4, 98, 0, 1, 0
5, 98, 0, 1, 0
5, 98, 0, 1, 0
4, 98, 0, 1, 0
5, 98, 0, 1, 0
5, 98, 0, 1, 0
5, 98, 0, 1, 0
4, 98, 0, 1, 0
5, 98, 0, 1, 0
5, 98, 0, 1, 0
4, 98, 0, 1, 0
4, 98, 0, 1, 0
5, 98, 0, 1, 0
5, 98, 0, 1, 0
5, 98, 0, 1, 0
5, 98, 0, 1, 0
4, 98, 0, 1, 0
5, 98, 0, 1, 0
5, 98, 0, 1, 0
5, 98, 0, 1, 0
5, 98, 0, 1, 0
5, 98, 0, 1, 0
5, 98, 0, 1, 0
5, 98, 0, 1, 0
5, 98, 0, 1, 0
5, 98, 0, 1, 0
5, 98, 0, 1, 0
5, 98, 0, 1, 0
5, 98, 0, 1, 0
5, 98, 0, 1, 0
5, 98, 0, 1, 0
5, 98, 0, 1, 0
5, 98, 0, 1, 0
5, 98, 0, 1, 0
5, 98, 0, 1, 0
5, 98, 0, 1, 0
5, 98, 0, 1, 0
5, 98, 0, 1, 0
5, 98, 0, 1, 0
5, 98, 0, 1, 0
5, 98, 0, 1, 0
5, 98, 0, 1, 0
4, 98, 0, 1, 0
4, 98, 0, 1, 0
5, 98, 0, 1, 0
5, 98, 0, 1, 0
5, 98, 0, 1, 0
5, 98, 0, 1, 0
5, 98, 0, 1, 0
5, 98, 0, 1, 0
5, 98, 0, 1, 0
5, 98, 0, 1, 0
4, 98, 0, 1, 0
4, 98, 0, 1, 0
5, 98, 0, 1, 0
5, 98, 0, 1, 0
5, 98, 0, 1, 0
4, 76, 0, 1, 0
5, 0, 0, 1, 0
5, 0, 0, 1, 0
5, 0, 0, 1, 0
5, 0, 0, 1, 0
5, 0, 0, 1, 0
5, 0, 0, 1, 0
5, 98, 0, 1, 0
5, 98, 0, 1, 0
5, 98, 0, 1, 0
5, 98, 0, 1, 0
5, 98, 0, 1, 0
5, 98, 0, 1, 0
5, 98, 0, 1, 0
5, 98, 0, 1, 0
5, 98, 0, 1, 0
5, 98, 0, 1, 0
5, 98, 0, 1, 0
5, 98, 0, 1, 0
5, 98, 0, 1, 0
5, 98, 0, 1, 0
4, 98, 0, 1, 0
4, 98, 0, 1, 0
4, 98, 0, 1, 0
5, 98, 0, 1, 0
5, 98, 0, 1, 0
4, 98, 0, 1, 0
5, 98, 0, 1, 0
5, 98, 0, 1, 0
4, 98, 0, 1, 0
5, 98, 0, 1, 0
5, 98, 0, 1, 0
4, 98, 0, 1, 0
5, 98, 0, 1, 0
5, 98, 0, 1, 0
5, 98, 0, 1, 0
5, 98, 0, 1, 0
5, 98, 0, 1, 0
5, 98, 0, 1, 0
5, 98, 0, 1, 0
5, 98, 0, 1, 0
4, 98, 0, 1, 0
4, 98, 0, 1, 0
5, 98, 0, 1, 0
5, 98, 0, 1, 0
5, 98, 0, 1, 0
5, 98, 0, 1, 0
5, 98, 0, 1, 0
5, 98, 0, 1, 0
5, 98, 0, 1, 0
4, 98, 0, 1, 0
5, 98, 0, 1, 0
5, 98, 0, 1, 0
5, 98, 0, 1, 0
4, 98, 0, 1, 0
5, 98, 0, 1, 0
5, 98, 0, 1, 0
5, 98, 0, 1, 0
4, 98, 0, 1, 0
5, 98, 0, 1, 0
5, 98, 0, 1, 0
5, 98, 0, 1, 0
5, 98, 0, 1, 0
5, 98, 0, 1, 0
5, 98, 0, 1, 0
5, 98, 0, 1, 0
5, 98, 0, 1, 0
5, 98, 0, 1, 0
5, 98, 0, 1, 0
5, 98, 0, 1, 0
5, 98, 0, 1, 0
5, 98, 0, 1, 0
5, 98, 0, 1, 0
5, 98, 0, 1, 0
5, 98, 0, 1, 0
5, 98, 0, 1, 0
5, 98, 0, 1, 0
5, 98, 0, 1, 0
5, 98, 0, 1, 0
5, 98, 0, 1, 0
4, 98, 0, 1, 0
5, 98, 0, 1, 0
5, 98, 0, 1, 0
5, 98, 0, 1, 0
4, 98, 0, 1, 0
5, 98, 0, 1, 0
5, 98, 0, 1, 0
5, 98, 0, 1, 0
5, 98, 0, 1, 0
4, 98, 0, 1, 0
5, 98, 0, 1, 0
5, 98, 0, 1, 0
5, 98, 0, 1, 0
4, 98, 0, 1, 0
5, 98, 0, 1, 0
4, 98, 0, 1, 0
4, 98, 0, 1, 0
5, 98, 0, 1, 0
5, 98, 0, 1, 0
5, 98, 0, 1, 0
4, 98, 0, 1, 0
5, 98, 0, 1, 0
4, 98, 0, 1, 0
5, 98, 0, 1, 0
5, 98, 0, 1, 0
5, 98, 0, 1, 0
5, 98, 0, 1, 0
5, 98, 0, 1, 0
4, 98, 0, 1, 0
4, 98, 0, 1, 0
5, 98, 0, 1, 0
4, 98, 0, 1, 0
4, 98, 0, 1, 0
5, 98, 0, 1, 0
5, 98, 0, 1, 0
5, 98, 0, 1, 0
5, 98, 0, 1, 0
4, 98, 0, 1, 0
5, 98, 0, 1, 0
5, 98, 0, 1, 0
4, 98, 0, 1, 0
4, 98, 0, 1, 0
5, 98, 0, 1, 0
5, 98, 0, 1, 0
5, 98, 0, 1, 0
5, 98, 0, 1, 0
4, 98, 0, 1, 0
5, 98, 0, 1, 0
5, 98, 0, 1, 0
5, 98, 0, 1, 0
5, 98, 0, 1, 0
5, 98, 0, 1, 0
5, 98, 0, 1, 0
5, 98, 0, 1, 0
5, 98, 0, 1, 0
5, 98, 0, 1, 0
5, 98, 0, 1, 0
5, 98, 0, 1, 0
5, 98, 0, 1, 0
4, 98, 0, 1, 0
4, 98, 0, 1, 0
4, 98, 0, 1, 0
4, 98, 0, 1, 0
5, 98, 0, 1, 0
5, 98, 0, 1, 0
5, 98, 0, 1, 0
5, 98, 0, 1, 0
4, 98, 0, 1, 0
5, 98, 0, 1, 0
5, 98, 0, 1, 0
4, 98, 0, 1, 0
5, 98, 0, 1, 0
5, 98, 0, 1, 0
4, 98, 0, 1, 0
4, 98, 0, 1, 0
5, 98, 0, 1, 0
5, 98, 0, 1, 0
5, 98, 0, 1, 0
4, 98, 0, 1, 0
4, 98, 0, 1, 0
5, 98, 0, 1, 0
4, 98, 0, 1, 0
4, 98, 0, 1, 0
4, 98, 0, 1, 0
4, 98, 0, 1, 0
5, 98, 0, 1, 0
4, 98, 0, 1, 0
4, 98, 0, 1, 0
5, 98, 0, 1, 0
5, 98, 0, 1, 0
5, 98, 0, 1, 0
5, 98, 0, 1, 0
5, 98, 0, 1, 0
5, 98, 0, 1, 0
5, 98, 0, 1, 0
5, 98, 0, 1, 0
5, 98, 0, 1, 0
4, 98, 0, 1, 0
4, 98, 0, 1, 0
5, 98, 0, 1, 0
5, 98, 0, 1, 0
5, 98, 0, 1, 0
5, 98, 0, 1, 0
4, 98, 0, 1, 0
5, 98, 0, 1, 0
5, 98, 0, 1, 0
5, 98, 0, 1, 0
4, 98, 0, 1, 0
4, 98, 0, 1, 0
5, 98, 0, 1, 0
5, 98, 0, 1, 0
4, 98, 0, 1, 0
5, 98, 0, 1, 0
5, 98, 0, 1, 0
5, 98, 0, 1, 0
5, 98, 0, 1, 0
5, 98, 0, 1, 0
5, 98, 0, 1, 0
4, 98, 0, 1, 0
5, 98, 0, 1, 0
4, 98, 0, 1, 0
4, 98, 0, 1, 0
5, 98, 0, 1, 0
4, 98, 0, 1, 0
5, 98, 0, 1, 0
5, 98, 0, 1, 0
5, 98, 0, 1, 0
5, 98, 0, 1, 0
5, 98, 0, 1, 0
5, 98, 0, 1, 0
5, 98, 0, 1, 0
4, 98, 0, 1, 0
5, 98, 0, 1, 0
5, 98, 0, 1, 0
5, 98, 0, 1, 0
5, 98, 0, 1, 0
4, 98, 0, 1, 0
4, 98, 0, 1, 0
5, 98, 0, 1, 0
5, 98, 0, 1, 0
5, 98, 0, 1, 0
4, 98, 0, 1, 0
4, 98, 0, 1, 0
4, 98, 0, 1, 0
5, 98, 0, 1, 0
5, 98, 0, 1, 0
5, 98, 0, 1, 0
5, 98, 0, 1, 0
4, 98, 0, 1, 0
5, 98, 0, 1, 0
4, 98, 0, 1, 0
4, 98, 0, 1, 0
5, 98, 0, 1, 0
5, 98, 0, 1, 0
5, 98, 0, 1, 0
5, 98, 0, 1, 0
5, 98, 0, 1, 0
5, 98, 0, 1, 0
4, 98, 0, 1, 0
4, 98, 0, 1, 0
5, 98, 0, 1, 0
4, 98, 0, 1, 0
4, 98, 0, 1, 0
5, 98, 0, 1, 0
5, 98, 0, 1, 0
5, 98, 0, 1, 0
5, 98, 0, 1, 0
5, 98, 0, 1, 0
5, 98, 0, 1, 0
4, 98, 0, 1, 0
4, 98, 0, 1, 0
5, 98, 0, 1, 0
5, 98, 0, 1, 0
5, 98, 0, 1, 0
5, 98, 0, 1, 0
5, 98, 0, 1, 0
4, 98, 0, 1, 0
4, 98, 0, 1, 0
4, 98, 0, 1, 0
5, 98, 0, 1, 0
5, 98, 0, 1, 0
4, 98, 0, 1, 0
4, 98, 0, 1, 0
5, 98, 0, 1, 0
4, 98, 0, 1, 0
4, 98, 0, 1, 0
5, 98, 0, 1, 0
5, 98, 0, 1, 0
5, 98, 0, 1, 0
4, 98, 0, 1, 0
5, 98, 0, 1, 0
5, 98, 0, 1, 0
5, 98, 0, 1, 0
5, 98, 0, 1, 0
4, 98, 0, 1, 0
4, 98, 0, 1, 0
5, 98, 0, 1, 0
5, 98, 0, 1, 0
5, 98, 0, 1, 0
5, 99, 0, 1, 0
5, 99, 0, 1, 0
5, 99, 0, 1, 0
5, 99, 0, 1, 0
4, 99, 0, 1, 0
4, 99, 0, 1, 0
4, 99, 0, 1, 0
5, 99, 0, 1, 0
5, 99, 0, 1, 0
5, 99, 0, 1, 0
5, 99, 0, 1, 0
5, 99, 0, 1, 0
4, 99, 0, 1, 0
5, 99, 0, 1, 0
5, 99, 0, 1, 0
4, 99, 0, 1, 0
5, 99, 0, 1, 0
5, 99, 0, 1, 0
4, 99, 0, 1, 0
4, 99, 0, 1, 0
4, 99, 0, 1, 0
5, 99, 0, 1, 0
4, 99, 0, 1, 0
4, 99, 0, 1, 0
4, 99, 0, 1, 0
5, 99, 0, 1, 0
5, 99, 0, 1, 0
4, 99, 0, 1, 0
4, 99, 0, 1, 0
4, 99, 0, 1, 0
5, 99, 0, 1, 0
4, 99, 0, 1, 0
4, 99, 0, 1, 0
5, 99, 0, 1, 0
4, 99, 0, 1, 0
4, 99, 0, 1, 0
5, 99, 0, 1, 0
5, 99, 0, 1, 0
5, 99, 0, 1, 0
4, 99, 0, 1, 0
4, 99, 0, 1, 0
5, 99, 0, 1, 0
5, 99, 0, 1, 0
5, 99, 0, 1, 0
4, 99, 0, 1, 0
4, 99, 0, 1, 0
5, 99, 0, 1, 0
4, 99, 0, 1, 0
4, 99, 0, 1, 0
4, 99, 0, 1, 0
4, 99, 0, 1, 0
4, 99, 0, 1, 0
4, 99, 0, 1, 0
5, 99, 0, 1, 0
4, 99, 0, 1, 0
4, 99, 0, 1, 0
5, 99, 0, 1, 0
5, 99, 0, 1, 0
5, 99, 0, 1, 0
4, 99, 0, 1, 0
4, 99, 0, 1, 0
5, 99, 0, 1, 0
5, 99, 0, 1, 0
5, 99, 0, 1, 0
5, 99, 0, 1, 0
5, 99, 0, 1, 0
5, 99, 0, 1, 0
4, 99, 0, 1, 0
4, 99, 0, 1, 0
4, 99, 0, 1, 0
4, 99, 0, 1, 0
5, 99, 0, 1, 0
5, 99, 0, 1, 0
4, 99, 0, 1, 0
4, 99, 0, 1, 0
5, 99, 0, 1, 0
4, 99, 0, 1, 0
4, 99, 0, 1, 0
5, 99, 0, 1, 0
5, 99, 0, 1, 0
4, 99, 0, 1, 0
5, 99, 0, 1, 0
5, 99, 0, 1, 0
4, 99, 0, 1, 0
5, 99, 0, 1, 0
4, 99, 0, 1, 0
5, 99, 0, 1, 0
5, 99, 0, 1, 0
5, 99, 0, 1, 0
4, 99, 0, 1, 0
4, 99, 0, 1, 0
4, 99, 0, 1, 0
4, 99, 0, 1, 0
4, 99, 0, 1, 0
5, 99, 0, 1, 0
4, 99, 0, 1, 0
5, 99, 0, 1, 0
5, 99, 0, 1, 0
4, 98, 0, 1, 0
4, 98, 0, 1, 0
4, 98, 0, 1, 0
5, 98, 0, 1, 0
5, 98, 0, 1, 0
5, 98, 0, 1, 0
4, 98, 0, 1, 0
5, 98, 0, 1, 0
5, 98, 0, 1, 0
5, 98, 0, 1, 0
5, 98, 0, 1, 0
5, 98, 0, 1, 0
5, 98, 0, 1, 0
4, 98, 0, 1, 0
5, 98, 0, 1, 0
5, 98, 0, 1, 0
4, 98, 0, 1, 0
4, 98, 0, 1, 0
4, 98, 0, 1, 0
4, 98, 0, 1, 0
5, 98, 0, 1, 0
4, 98, 0, 1, 0
4, 98, 0, 1, 0
4, 98, 0, 1, 0
4, 98, 0, 1, 0
4, 98, 0, 1, 0
5, 98, 0, 1, 0
5, 98, 0, 1, 0
5, 98, 0, 1, 0
5, 98, 0, 1, 0
5, 98, 0, 1, 0
5, 98, 0, 1, 0
4, 98, 0, 1, 0
4, 98, 0, 1, 0
5, 98, 0, 1, 0
5, 98, 0, 1, 0
4, 98, 0, 1, 0
5, 98, 0, 1, 0
5, 98, 0, 1, 0
5, 98, 0, 1, 0
5, 98, 0, 1, 0
5, 98, 0, 1, 0
4, 98, 0, 1, 0
4, 98, 0, 1, 0
4, 98, 0, 1, 0
4, 98, 0, 1, 0
4, 98, 0, 1, 0
4, 98, 0, 1, 0
4, 98, 0, 1, 0
4, 98, 0, 1, 0
4, 98, 0, 1, 0
4, 98, 0, 1, 0
5, 98, 0, 1, 0
5, 98, 0, 1, 0
5, 98, 0, 1, 0
4, 98, 0, 1, 0
4, 98, 0, 1, 0
4, 98, 0, 1, 0
5, 98, 0, 1, 0
5, 98, 0, 1, 0
4, 98, 0, 1, 0
4, 98, 0, 1, 0
4, 98, 0, 1, 0
4, 98, 0, 1, 0
4, 98, 0, 1, 0
5, 98, 0, 1, 0
4, 98, 0, 1, 0
4, 98, 0, 1, 0
5, 98, 0, 1, 0
5, 98, 0, 1, 0
5, 98, 0, 1, 0
5, 98, 0, 1, 0
5, 98, 0, 1, 0
5, 98, 0, 1, 0
4, 98, 0, 1, 0
4, 98, 0, 1, 0
5, 98, 0, 1, 0
5, 98, 0, 1, 0
4, 98, 0, 1, 0
4, 98, 0, 1, 0
5, 98, 0, 1, 0
5, 98, 0, 1, 0
5, 98, 0, 1, 0
4, 98, 0, 1, 0
4, 98, 0, 1, 0
5, 98, 0, 1, 0
5, 98, 0, 1, 0
4, 98, 0, 1, 0
4, 98, 0, 1, 0
4, 98, 0, 1, 0
5, 98, 0, 1, 0
5, 98, 0, 1, 0
5, 98, 0, 1, 0
4, 98, 0, 1, 0
4, 98, 0, 1, 0
4, 98, 0, 1, 0
4, 98, 0, 1, 0
5, 98, 0, 1, 0
4, 98, 0, 1, 0
4, 98, 0, 1, 0
5, 98, 0, 1, 0
4, 98, 0, 1, 0
4, 98, 0, 1, 0
5, 98, 0, 1, 0
5, 98, 0, 1, 0
5, 98, 0, 1, 0
5, 98, 0, 1, 0
5, 98, 0, 1, 0
5, 98, 0, 1, 0
4, 98, 0, 1, 0
4, 98, 0, 1, 0
5, 98, 0, 1, 0
5, 98, 0, 1, 0
5, 98, 0, 1, 0
4, 99, 0, 1, 0
4, 99, 0, 1, 0
4, 99, 0, 1, 0
4, 99, 0, 1, 0
4, 99, 0, 1, 0
4, 99, 0, 1, 0
4, 99, 0, 1, 0
4, 99, 0, 1, 0
4, 99, 0, 1, 0
4, 99, 0, 1, 0
4, 99, 0, 1, 0
4, 99, 0, 1, 0
4, 99, 0, 1, 0
5, 99, 0, 1, 0
5, 99, 0, 1, 0
5, 99, 0, 1, 0
4, 99, 0, 1, 0
4, 99, 0, 1, 0
5, 99, 0, 1, 0
4, 99, 0, 1, 0
4, 99, 0, 1, 0
4, 99, 0, 1, 0
4, 99, 0, 1, 0
4, 99, 0, 1, 0
5, 99, 0, 1, 0
5, 99, 0, 1, 0
5, 99, 0, 1, 0
4, 99, 0, 1, 0
5, 99, 0, 1, 0
5, 99, 0, 0, 0
5, 99, 0, 1, 0
4, 99, 0, 1, 0
4, 99, 0, 1, 0
4, 99, 0, 1, 0
4, 99, 0, 0, 0
4, 99, 0, 1, 0
5, 99, 0, 1, 0
4, 99, 0, 1, 0
4, 99, 0, 1, 0
4, 99, 0, 1, 0
5, 99, 0, 0, 0
4, 99, 0, 1, 0
4, 99, 0, 0, 0
5, 99, 0, 0, 0
4, 99, 0, 1, 0
5, 99, 0, 1, 0
5, 99, 0, 1, 0
5, 99, 0, 1, 0
4, 99, 0, 1, 0
4, 99, 0, 1, 0
5, 99, 0, 1, 0
5, 99, 0, 1, 0
4, 99, 0, 1, 0
5, 99, 0, 0, 0
5, 99, 0, 0, 0
5, 99, 0, 1, 0
4, 99, 0, 1, 0
4, 99, 0, 1, 0
4, 99, 0, 1, 0
5, 99, 0, 0, 0
5, 99, 0, 1, 0
4, 99, 0, 1, 0
5, 99, 0, 0, 0
5, 99, 0, 0, 0
5, 99, 0, 0, 0
5, 99, 0, 0, 0
5, 99, 0, 0, 0
4, 99, 0, 0, 0
4, 99, 0, 0, 0
5, 99, 0, 1, 0
4, 99, 0, 1, 0
4, 99, 0, 1, 0
4, 99, 0, 1, 0
4, 99, 0, 1, 0
4, 99, 0, 1, 0
5, 99, 0, 0, 0
4, 99, 0, 0, 0
5, 99, 0, 0, 0
4, 99, 0, 1, 0
4, 99, 0, 0, 0
5, 99, 0, 0, 0
5, 99, 0, 0, 0
4, 99, 0, 1, 0
4, 99, 0, 1, 0
4, 99, 0, 1, 0
4, 99, 0, 1, 0
4, 99, 0, 0, 0
4, 99, 0, 0, 0
5, 99, 0, 0, 0
4, 99, 0, 1, 0
4, 99, 0, 1, 0
4, 99, 0, 1, 0
4, 99, 0, 1, 0
5, 99, 0, 1, 0
5, 99, 0, 1, 0
5, 99, 0, 1, 0
5, 99, 0, 1, 0
5, 99, 0, 1, 0
4, 99, 0, 1, 0
4, 99, 0, 1, 0
4, 99, 0, 1, 0
4, 99, 0, 1, 0
4, 99, 0, 1, 0
4, 99, 0, 1, 0
5, 99, 0, 1, 0
4, 99, 0, 1, 0
4, 99, 0, 1, 0
4, 99, 0, 1, 0
4, 99, 0, 1, 0
4, 99, 0, 1, 0
5, 99, 0, 1, 0
5, 99, 0, 1, 0
5, 99, 0, 1, 0
5, 99, 0, 1, 0
4, 99, 0, 1, 0
5, 99, 0, 1, 0
5, 99, 0, 1, 0
5, 99, 0, 1, 0
4, 99, 0, 1, 0
5, 99, 0, 1, 0
4, 98, 0, 1, 0
5, 98, 0, 1, 0
4, 98, 0, 1, 0
4, 98, 0, 1, 0
5, 98, 0, 1, 0
5, 98, 0, 1, 0
4, 98, 0, 1, 0
4, 98, 0, 1, 0
5, 98, 0, 1, 0
5, 98, 0, 1, 0
5, 98, 0, 1, 0
5, 98, 0, 1, 0
4, 98, 0, 1, 0
4, 98, 0, 1, 0
5, 98, 0, 1, 0
4, 98, 0, 1, 0
4, 98, 0, 1, 0
4, 98, 0, 1, 0
5, 98, 0, 1, 0
4, 98, 0, 1, 0
4, 98, 0, 1, 0
4, 98, 0, 1, 0
4, 98, 0, 1, 0
4, 98, 0, 1, 0
4, 98, 0, 1, 0
5, 98, 0, 1, 0
4, 98, 0, 1, 0
4, 98, 0, 1, 0
4, 98, 0, 1, 0
4, 98, 0, 1, 0
4, 98, 0, 1, 0
4, 98, 0, 1, 0
4, 98, 0, 1, 0
4, 98, 0, 1, 0
4, 98, 0, 1, 0
5, 98, 0, 1, 0
5, 98, 0, 1, 0
5, 98, 0, 1, 0
5, 98, 0, 1, 0
5, 98, 0, 1, 0
5, 98, 0, 1, 0
4, 98, 0, 1, 0
5, 98, 0, 1, 0
4, 98, 0, 1, 0
4, 98, 0, 1, 0
5, 98, 0, 1, 0
4, 98, 0, 1, 0
4, 98, 0, 1, 0
4, 98, 0, 1, 0
4, 98, 0, 1, 0
4, 98, 0, 1, 0
4, 98, 0, 1, 0
5, 98, 0, 1, 0
4, 98, 0, 1, 0
4, 98, 0, 1, 0
5, 98, 0, 1, 0
4, 98, 0, 1, 0
4, 98, 0, 1, 0
4, 98, 0, 1, 0
4, 98, 0, 1, 0
4, 98, 0, 1, 0
4, 98, 0, 1, 0
4, 98, 0, 1, 0
4, 98, 0, 1, 0
4, 98, 0, 1, 0
4, 98, 0, 1, 0
4, 98, 0, 1, 0
4, 98, 0, 1, 0
4, 98, 0, 1, 0
5, 98, 0, 1, 0
5, 98, 0, 1, 0
5, 98, 0, 1, 0
4, 98, 0, 1, 0
4, 98, 0, 1, 0
4, 98, 0, 1, 0
5, 98, 0, 1, 0
4, 98, 0, 1, 0
4, 98, 0, 1, 0
4, 98, 0, 1, 0
4, 98, 0, 1, 0
4, 98, 0, 1, 0
4, 98, 0, 1, 0
4, 98, 0, 1, 0
5, 98, 0, 1, 0
4, 98, 0, 1, 0
4, 98, 0, 1, 0
4, 98, 0, 1, 0
4, 98, 0, 1, 0
5, 98, 0, 1, 0
5, 98, 0, 1, 0
4, 98, 0, 1, 0
4, 98, 0, 1, 0
4, 98, 0, 1, 0
4, 98, 0, 1, 0
5, 98, 0, 1, 0
5, 98, 0, 1, 0
4, 98, 0, 1, 0
5, 98, 0, 1, 0
4, 98, 0, 1, 0
5, 98, 0, 1, 0
5, 98, 0, 1, 0
4, 98, 0, 1, 0
4, 98, 0, 1, 0
4, 98, 0, 1, 0
4, 98, 0, 1, 0
4, 98, 0, 1, 0
4, 98, 0, 1, 0
4, 98, 0, 1, 0
4, 98, 0, 1, 0
4, 98, 0, 1, 0
4, 98, 0, 1, 0
5, 98, 0, 1, 0
4, 98, 0, 1, 0
5, 98, 0, 1, 0
4, 98, 0, 1, 0
5, 98, 0, 1, 0
4, 98, 0, 1, 0
4, 98, 0, 1, 0
4, 98, 0, 1, 0
4, 98, 0, 1, 0
4, 98, 0, 1, 0
5, 98, 0, 1, 0
5, 98, 0, 1, 0
4, 98, 0, 1, 0
5, 98, 0, 1, 0
4, 98, 0, 1, 0
4, 98, 0, 1, 0
4, 98, 0, 1, 0
5, 98, 0, 1, 0
4, 98, 0, 1, 0
4, 98, 0, 1, 0
4, 98, 0, 1, 0
4, 98, 0, 1, 0
4, 98, 0, 1, 0
4, 98, 0, 1, 0
4, 98, 0, 1, 0
4, 98, 0, 1, 0
5, 98, 0, 1, 0
4, 98, 0, 1, 0
4, 98, 0, 1, 0
5, 98, 0, 1, 0
4, 99, 0, 1, 0
4, 99, 0, 1, 0
4, 99, 0, 1, 0
4, 99, 0, 1, 0
4, 99, 0, 1, 0
4, 99, 0, 1, 0
4, 99, 0, 1, 0
5, 99, 0, 1, 0
5, 99, 0, 1, 0
5, 99, 0, 1, 0
5, 99, 0, 1, 0
4, 99, 0, 1, 0
5, 99, 0, 1, 0
5, 99, 0, 1, 0
4, 99, 0, 1, 0
4, 99, 0, 1, 0
5, 99, 0, 1, 0
5, 99, 0, 1, 0
4, 99, 0, 1, 0
5, 99, 0, 1, 0
5, 99, 0, 1, 0
4, 99, 0, 1, 0
5, 99, 0, 1, 0
4, 98, 0, 1, 0
4, 98, 0, 1, 0
4, 98, 0, 1, 0
4, 98, 0, 1, 0
5, 98, 0, 1, 0
4, 98, 0, 1, 0
4, 98, 0, 1, 0
4, 98, 0, 1, 0
4, 98, 0, 1, 0
4, 98, 0, 1, 0
5, 98, 0, 1, 0
5, 98, 0, 1, 0
4, 98, 0, 1, 0
4, 98, 0, 1, 0
4, 98, 0, 1, 0
4, 98, 0, 1, 0
4, 98, 0, 1, 0
5, 98, 0, 1, 0
4, 98, 0, 1, 0
4, 98, 0, 1, 0
4, 98, 0, 1, 0
4, 98, 0, 1, 0
5, 98, 0, 1, 0
5, 98, 0, 1, 0
5, 98, 0, 1, 0
4, 98, 0, 1, 0
4, 98, 0, 1, 0
4, 98, 0, 1, 0
4, 98, 0, 1, 0
4, 98, 0, 1, 0
4, 98, 0, 1, 0
5, 98, 0, 1, 0
4, 98, 0, 1, 0
4, 98, 0, 1, 0
4, 98, 0, 1, 0
4, 98, 0, 1, 0
4, 98, 0, 1, 0
4, 98, 0, 1, 0
4, 98, 0, 1, 0
4, 98, 0, 1, 0
4, 98, 0, 1, 0
4, 98, 0, 1, 0
4, 98, 0, 1, 0
4, 98, 0, 1, 0
4, 98, 0, 1, 0
4, 98, 0, 1, 0
4, 98, 0, 1, 0
4, 98, 0, 1, 0
4, 98, 0, 1, 0
4, 98, 0, 1, 0
5, 98, 0, 1, 0
4, 98, 0, 1, 0
5, 98, 0, 1, 0
4, 98, 0, 1, 0
4, 98, 0, 1, 0
4, 98, 0, 1, 0
4, 98, 0, 1, 0
4, 98, 0, 1, 0
4, 98, 0, 1, 0
4, 98, 0, 1, 0
4, 98, 0, 1, 0
4, 98, 0, 1, 0
4, 98, 0, 1, 0
4, 98, 0, 1, 0
4, 98, 0, 1, 0
4, 98, 0, 1, 0
4, 98, 0, 1, 0
5, 98, 0, 1, 0
4, 98, 0, 1, 0
4, 98, 0, 1, 0
4, 98, 0, 1, 0
4, 98, 0, 1, 0
4, 98, 0, 1, 0
4, 98, 0, 1, 0
4, 98, 0, 1, 0
4, 98, 0, 1, 0
4, 98, 0, 1, 0
4, 98, 0, 1, 0
4, 98, 0, 1, 0
4, 98, 0, 1, 0
4, 98, 0, 1, 0
4, 98, 0, 1, 0
5, 98, 0, 1, 0
5, 98, 0, 1, 0
4, 98, 0, 1, 0
4, 98, 0, 1, 0
4, 98, 0, 1, 0
4, 98, 0, 1, 0
4, 98, 0, 1, 0
4, 98, 0, 1, 0
4, 98, 0, 1, 0
4, 98, 0, 1, 0
4, 98, 0, 1, 0
5, 98, 0, 1, 0
4, 98, 0, 1, 0
4, 98, 0, 1, 0
4, 98, 0, 1, 0
4, 98, 0, 1, 0
4, 98, 0, 1, 0
4, 98, 0, 1, 0
4, 98, 0, 1, 0
4, 98, 0, 1, 0
5, 98, 0, 1, 0
4, 98, 0, 1, 0
4, 98, 0, 1, 0
4, 98, 0, 1, 0
4, 98, 0, 1, 0
4, 98, 0, 1, 0
4, 98, 0, 1, 0
5, 98, 0, 1, 0
5, 98, 0, 1, 0
5, 98, 0, 1, 0
4, 98, 0, 1, 0
4, 98, 0, 1, 0
5, 98, 0, 1, 0
4, 98, 0, 1, 0
4, 98, 0, 1, 0
5, 98, 0, 1, 0
5, 98, 0, 1, 0
